edge_id_first,edge_id_second,first_src,junction,second_dst,cluster_compatible,strict_compatible,num_first_edge_segments,num_first_terminations,num_first_terminations_with_bridge,num_bridge_segments,num_bridge_episodes,min_bridge_h,median_bridge_h,bridge_matches_per_first_segment,termination_bridge_coverage,compatibility_support_rate
0,271,1,56,7,True,False,14,14,0,0,0,0.0,0.0,0.0,0.0,0.0
0,272,1,56,143,True,False,14,14,0,0,0,0.0,0.0,0.0,0.0,0.0
0,273,1,56,167,True,False,14,14,0,0,0,0.0,0.0,0.0,0.0,0.0
0,274,1,56,207,True,True,14,14,4,10,1,0.0,1.0,0.7142857142857143,0.2857142857142857,0.7142857142857143
0,275,1,56,263,True,True,14,14,5,34,2,0.0,0.5,2.4285714285714284,0.35714285714285715,2.4285714285714284
0,276,1,56,415,True,True,14,14,5,65,1,0.0,2.0,4.642857142857143,0.35714285714285715,4.642857142857143
0,277,1,56,440,True,False,14,14,0,0,0,0.0,0.0,0.0,0.0,0.0
0,278,1,56,509,True,False,14,14,0,0,0,0.0,0.0,0.0,0.0,0.0
1,820,1,196,1,True,True,28,28,3,3,2,0.0,0.0,0.10714285714285714,0.10714285714285714,0.10714285714285714
1,821,1,196,28,True,False,28,28,0,0,0,0.0,0.0,0.0,0.0,0.0
1,822,1,196,133,True,False,28,28,0,0,0,0.0,0.0,0.0,0.0,0.0
1,823,1,196,207,True,True,28,28,7,28,3,0.0,0.0,1.0,0.25,1.0
1,824,1,196,222,True,False,28,28,0,0,0,0.0,0.0,0.0,0.0,0.0
1,825,1,196,263,True,True,28,28,6,13,3,0.0,0.0,0.4642857142857143,0.21428571428571427,0.4642857142857143
1,826,1,196,271,True,False,28,28,0,0,0,0.0,0.0,0.0,0.0,0.0
1,827,1,196,299,True,False,28,28,0,0,0,0.0,0.0,0.0,0.0,0.0
1,828,1,196,318,True,False,28,28,0,0,0,0.0,0.0,0.0,0.0,0.0
1,829,1,196,429,True,True,28,28,5,22,3,0.0,0.0,0.7857142857142857,0.17857142857142858,0.7857142857142857
1,830,1,196,509,True,False,28,28,0,0,0,0.0,0.0,0.0,0.0,0.0
3,860,1,207,161,True,False,28,28,0,0,0,0.0,0.0,0.0,0.0,0.0
3,861,1,207,167,True,False,28,28,0,0,0,0.0,0.0,0.0,0.0,0.0
3,862,1,207,196,True,True,28,28,10,30,1,1.0,4.5,1.0714285714285714,0.35714285714285715,1.0714285714285714
3,863,1,207,263,True,True,28,28,26,184,5,0.0,1.0,6.571428571428571,0.9285714285714286,6.571428571428571
3,864,1,207,375,True,False,28,28,0,0,0,0.0,0.0,0.0,0.0,0.0
3,865,1,207,405,True,False,28,28,0,0,0,0.0,0.0,0.0,0.0,0.0
3,866,1,207,440,True,False,28,28,0,0,0,0.0,0.0,0.0,0.0,0.0
3,867,1,207,485,True,False,28,28,0,0,0,0.0,0.0,0.0,0.0,0.0
4,889,1,222,1,True,True,117,117,41,217,5,0.0,2.0,1.8547008547008548,0.3504273504273504,1.8547008547008548
4,890,1,222,56,True,True,117,117,45,353,3,0.0,4.0,3.017094017094017,0.38461538461538464,3.017094017094017
4,891,1,222,207,True,True,117,117,43,455,5,0.0,3.0,3.888888888888889,0.36752136752136755,3.888888888888889
4,892,1,222,263,True,True,117,117,15,65,3,0.0,6.0,0.5555555555555556,0.1282051282051282,0.5555555555555556
4,893,1,222,355,True,False,117,117,0,0,0,0.0,0.0,0.0,0.0,0.0
4,894,1,222,410,True,False,117,117,0,0,0,0.0,0.0,0.0,0.0,0.0
4,895,1,222,415,True,True,117,117,12,63,1,5.0,9.0,0.5384615384615384,0.10256410256410256,0.5384615384615384
4,896,1,222,429,True,True,117,117,2,7,2,0.0,0.0,0.05982905982905983,0.017094017094017096,0.05982905982905983
5,1082,1,263,7,True,False,18,18,0,0,0,0.0,0.0,0.0,0.0,0.0
5,1083,1,263,133,True,False,18,18,0,0,0,0.0,0.0,0.0,0.0,0.0
5,1084,1,263,167,True,False,18,18,0,0,0,0.0,0.0,0.0,0.0,0.0
5,1085,1,263,196,True,True,18,18,16,52,2,0.0,4.0,2.888888888888889,0.8888888888888888,2.888888888888889
5,1086,1,263,258,True,False,18,18,0,0,0,0.0,0.0,0.0,0.0,0.0
5,1087,1,263,309,True,False,18,18,0,0,0,0.0,0.0,0.0,0.0,0.0
5,1088,1,263,405,True,False,18,18,0,0,0,0.0,0.0,0.0,0.0,0.0
5,1089,1,263,440,True,True,18,18,2,6,1,2.0,3.5,0.3333333333333333,0.1111111111111111,0.3333333333333333
5,1090,1,263,509,True,True,18,18,12,78,1,0.0,1.0,4.333333333333333,0.6666666666666666,4.333333333333333
6,1108,1,271,1,True,True,6,6,1,1,1,0.0,0.0,0.16666666666666666,0.16666666666666666,0.16666666666666666
6,1109,1,271,28,True,False,6,6,0,0,0,0.0,0.0,0.0,0.0,0.0
6,1110,1,271,42,True,False,6,6,0,0,0,0.0,0.0,0.0,0.0,0.0
6,1111,1,271,56,True,False,6,6,0,0,0,0.0,0.0,0.0,0.0,0.0
6,1112,1,271,63,True,False,6,6,0,0,0,0.0,0.0,0.0,0.0,0.0
6,1113,1,271,146,True,False,6,6,0,0,0,0.0,0.0,0.0,0.0,0.0
6,1114,1,271,164,True,False,6,6,0,0,0,0.0,0.0,0.0,0.0,0.0
6,1115,1,271,171,True,False,6,6,0,0,0,0.0,0.0,0.0,0.0,0.0
6,1116,1,271,173,True,False,6,6,0,0,0,0.0,0.0,0.0,0.0,0.0
6,1117,1,271,180,True,False,6,6,0,0,0,0.0,0.0,0.0,0.0,0.0
6,1118,1,271,196,True,False,6,6,0,0,0,0.0,0.0,0.0,0.0,0.0
6,1119,1,271,207,True,True,6,6,2,8,1,6.0,6.5,1.3333333333333333,0.3333333333333333,1.3333333333333333
6,1120,1,271,222,True,True,6,6,2,2,1,6.0,6.5,0.3333333333333333,0.3333333333333333,0.3333333333333333
6,1121,1,271,297,True,False,6,6,0,0,0,0.0,0.0,0.0,0.0,0.0
6,1122,1,271,355,True,False,6,6,0,0,0,0.0,0.0,0.0,0.0,0.0
6,1123,1,271,369,True,False,6,6,0,0,0,0.0,0.0,0.0,0.0,0.0
6,1124,1,271,410,True,False,6,6,0,0,0,0.0,0.0,0.0,0.0,0.0
6,1125,1,271,429,True,True,6,6,3,19,2,0.0,0.0,3.1666666666666665,0.5,3.1666666666666665
7,1202,1,297,1,True,True,5,5,4,10,1,0.0,1.0,2.0,0.8,2.0
7,1203,1,297,42,True,False,5,5,0,0,0,0.0,0.0,0.0,0.0,0.0
7,1204,1,297,56,True,False,5,5,0,0,0,0.0,0.0,0.0,0.0,0.0
7,1205,1,297,63,True,False,5,5,0,0,0,0.0,0.0,0.0,0.0,0.0
7,1206,1,297,112,True,False,5,5,0,0,0,0.0,0.0,0.0,0.0,0.0
7,1207,1,297,118,True,False,5,5,0,0,0,0.0,0.0,0.0,0.0,0.0
7,1208,1,297,151,True,False,5,5,0,0,0,0.0,0.0,0.0,0.0,0.0
7,1209,1,297,163,True,False,5,5,0,0,0,0.0,0.0,0.0,0.0,0.0
7,1210,1,297,222,True,True,5,5,5,33,2,0.0,1.0,6.6,1.0,6.6
7,1211,1,297,259,True,False,5,5,0,0,0,0.0,0.0,0.0,0.0,0.0
7,1212,1,297,271,True,False,5,5,0,0,0,0.0,0.0,0.0,0.0,0.0
7,1213,1,297,371,True,False,5,5,0,0,0,0.0,0.0,0.0,0.0,0.0
7,1214,1,297,382,True,False,5,5,0,0,0,0.0,0.0,0.0,0.0,0.0
7,1215,1,297,410,True,False,5,5,0,0,0,0.0,0.0,0.0,0.0,0.0
7,1216,1,297,414,True,False,5,5,0,0,0,0.0,0.0,0.0,0.0,0.0
7,1217,1,297,497,True,False,5,5,0,0,0,0.0,0.0,0.0,0.0,0.0
8,1218,1,299,1,True,True,50,50,46,504,3,0.0,3.0,10.08,0.92,10.08
8,1219,1,299,56,True,False,50,50,0,0,0,0.0,0.0,0.0,0.0,0.0
8,1220,1,299,263,True,False,50,50,0,0,0,0.0,0.0,0.0,0.0,0.0
9,1221,1,303,40,True,False,10,10,0,0,0,0.0,0.0,0.0,0.0,0.0
9,1222,1,303,203,True,True,10,10,10,45,2,0.0,0.0,4.5,1.0,4.5
9,1223,1,303,500,True,False,10,10,0,0,0,0.0,0.0,0.0,0.0,0.0
10,1408,1,355,1,True,True,3,3,2,12,1,0.0,0.0,4.0,0.6666666666666666,4.0
10,1409,1,355,28,True,False,3,3,0,0,0,0.0,0.0,0.0,0.0,0.0
10,1410,1,355,56,True,False,3,3,0,0,0,0.0,0.0,0.0,0.0,0.0
10,1411,1,355,207,True,False,3,3,0,0,0,0.0,0.0,0.0,0.0,0.0
10,1412,1,355,271,True,False,3,3,0,0,0,0.0,0.0,0.0,0.0,0.0
10,1413,1,355,318,True,False,3,3,0,0,0,0.0,0.0,0.0,0.0,0.0
10,1414,1,355,326,True,False,3,3,0,0,0,0.0,0.0,0.0,0.0,0.0
10,1415,1,355,347,True,False,3,3,0,0,0,0.0,0.0,0.0,0.0,0.0
10,1416,1,355,362,True,True,3,3,2,2,1,0.0,0.5,0.6666666666666666,0.6666666666666666,0.6666666666666666
10,1417,1,355,369,True,False,3,3,0,0,0,0.0,0.0,0.0,0.0,0.0
10,1418,1,355,398,True,False,3,3,0,0,0,0.0,0.0,0.0,0.0,0.0
10,1419,1,355,410,True,False,3,3,0,0,0,0.0,0.0,0.0,0.0,0.0
10,1420,1,355,429,True,True,3,3,1,5,1,0.0,0.0,1.6666666666666667,0.3333333333333333,1.6666666666666667
11,1439,1,362,40,True,False,163,163,0,0,0,0.0,0.0,0.0,0.0,0.0
11,1440,1,362,203,True,True,163,163,115,1141,10,0.0,1.0,7.0,0.7055214723926381,7.0
12,1667,1,429,1,True,True,160,160,19,63,2,0.0,2.0,0.39375,0.11875,0.39375
12,1668,1,429,259,True,True,160,160,6,12,1,0.0,0.5,0.075,0.0375,0.075
12,1669,1,429,297,True,True,160,160,5,22,1,0.0,2.0,0.1375,0.03125,0.1375
12,1670,1,429,369,True,False,160,160,0,0,0,0.0,0.0,0.0,0.0,0.0
12,1671,1,429,410,True,True,160,160,125,588,18,0.0,2.0,3.675,0.78125,3.675
12,1672,1,429,414,True,False,160,160,0,0,0,0.0,0.0,0.0,0.0,0.0
13,117,2,21,12,True,True,60,60,4,4,1,0.0,0.0,0.06666666666666667,0.06666666666666667,0.06666666666666667
13,118,2,21,31,True,True,60,60,60,104,13,0.0,0.0,1.7333333333333334,1.0,1.7333333333333334
13,119,2,21,74,True,True,60,60,60,86,13,0.0,0.0,1.4333333333333333,1.0,1.4333333333333333
13,120,2,21,121,True,False,60,60,0,0,0,0.0,0.0,0.0,0.0,0.0
13,121,2,21,141,True,False,60,60,0,0,0,0.0,0.0,0.0,0.0,0.0
13,122,2,21,156,True,False,60,60,0,0,0,0.0,0.0,0.0,0.0,0.0
13,123,2,21,186,True,False,60,60,0,0,0,0.0,0.0,0.0,0.0,0.0
13,124,2,21,248,True,True,60,60,56,64,12,0.0,0.0,1.0666666666666667,0.9333333333333333,1.0666666666666667
13,125,2,21,319,True,False,60,60,0,0,0,0.0,0.0,0.0,0.0,0.0
13,126,2,21,381,True,False,60,60,0,0,0,0.0,0.0,0.0,0.0,0.0
13,127,2,21,449,True,False,60,60,0,0,0,0.0,0.0,0.0,0.0,0.0
13,128,2,21,463,True,True,60,60,42,42,11,0.0,0.0,0.7,0.7,0.7
14,193,2,31,12,True,True,104,104,14,27,3,0.0,0.0,0.25961538461538464,0.1346153846153846,0.25961538461538464
14,194,2,31,74,True,True,104,104,91,185,18,0.0,0.0,1.7788461538461537,0.875,1.7788461538461537
14,195,2,31,121,True,False,104,104,0,0,0,0.0,0.0,0.0,0.0,0.0
14,196,2,31,169,True,False,104,104,0,0,0,0.0,0.0,0.0,0.0,0.0
14,197,2,31,248,True,True,104,104,95,185,20,0.0,0.0,1.7788461538461537,0.9134615384615384,1.7788461538461537
14,198,2,31,262,True,False,104,104,0,0,0,0.0,0.0,0.0,0.0,0.0
14,199,2,31,281,True,False,104,104,0,0,0,0.0,0.0,0.0,0.0,0.0
14,200,2,31,335,True,True,104,104,31,41,8,0.0,1.0,0.3942307692307692,0.2980769230769231,0.3942307692307692
14,201,2,31,383,True,False,104,104,0,0,0,0.0,0.0,0.0,0.0,0.0
14,202,2,31,433,True,False,104,104,0,0,0,0.0,0.0,0.0,0.0,0.0
14,203,2,31,455,True,False,104,104,0,0,0,0.0,0.0,0.0,0.0,0.0
14,204,2,31,463,True,True,104,104,102,270,20,0.0,0.0,2.5961538461538463,0.9807692307692307,2.5961538461538463
15,254,2,43,13,True,False,13,13,0,0,0,0.0,0.0,0.0,0.0,0.0
15,255,2,43,34,True,True,13,13,5,8,1,0.0,0.0,0.6153846153846154,0.38461538461538464,0.6153846153846154
15,256,2,43,113,True,False,13,13,0,0,0,0.0,0.0,0.0,0.0,0.0
15,257,2,43,251,True,False,13,13,0,0,0,0.0,0.0,0.0,0.0,0.0
15,258,2,43,321,True,True,13,13,5,5,1,0.0,1.0,0.38461538461538464,0.38461538461538464,0.38461538461538464
15,259,2,43,353,True,True,13,13,8,12,5,0.0,0.0,0.9230769230769231,0.6153846153846154,0.9230769230769231
15,260,2,43,481,True,True,13,13,8,17,5,0.0,0.0,1.3076923076923077,0.6153846153846154,1.3076923076923077
16,293,2,61,12,True,False,124,124,0,0,0,0.0,0.0,0.0,0.0,0.0
16,294,2,61,21,True,True,124,124,58,63,12,0.0,0.0,0.5080645161290323,0.46774193548387094,0.5080645161290323
16,295,2,61,31,True,True,124,124,124,245,20,0.0,0.0,1.9758064516129032,1.0,1.9758064516129032
16,296,2,61,74,True,True,124,124,112,170,18,0.0,0.0,1.3709677419354838,0.9032258064516129,1.3709677419354838
16,297,2,61,121,True,False,124,124,0,0,0,0.0,0.0,0.0,0.0,0.0
16,298,2,61,141,True,False,124,124,0,0,0,0.0,0.0,0.0,0.0,0.0
16,299,2,61,156,True,False,124,124,0,0,0,0.0,0.0,0.0,0.0,0.0
16,300,2,61,186,True,True,124,124,14,14,4,0.0,0.0,0.11290322580645161,0.11290322580645161,0.11290322580645161
16,301,2,61,248,True,True,124,124,90,114,15,0.0,0.0,0.9193548387096774,0.7258064516129032,0.9193548387096774
16,302,2,61,381,True,False,124,124,0,0,0,0.0,0.0,0.0,0.0,0.0
16,303,2,61,463,True,True,124,124,15,15,3,0.0,0.0,0.12096774193548387,0.12096774193548387,0.12096774193548387
17,318,2,74,2,True,False,29,29,0,0,0,0.0,0.0,0.0,0.0,0.0
17,319,2,74,6,True,False,29,29,0,0,0,0.0,0.0,0.0,0.0,0.0
17,320,2,74,12,True,True,29,29,1,1,1,0.0,0.0,0.034482758620689655,0.034482758620689655,0.034482758620689655
17,321,2,74,58,True,False,29,29,0,0,0,0.0,0.0,0.0,0.0,0.0
17,322,2,74,121,True,False,29,29,0,0,0,0.0,0.0,0.0,0.0,0.0
17,323,2,74,139,True,False,29,29,0,0,0,0.0,0.0,0.0,0.0,0.0
17,324,2,74,169,True,False,29,29,0,0,0,0.0,0.0,0.0,0.0,0.0
17,325,2,74,175,True,False,29,29,0,0,0,0.0,0.0,0.0,0.0,0.0
17,326,2,74,243,True,False,29,29,0,0,0,0.0,0.0,0.0,0.0,0.0
17,327,2,74,248,True,True,29,29,26,41,13,0.0,0.0,1.4137931034482758,0.896551724137931,1.4137931034482758
17,328,2,74,281,True,False,29,29,0,0,0,0.0,0.0,0.0,0.0,0.0
17,329,2,74,335,True,True,29,29,7,20,4,0.0,1.0,0.6896551724137931,0.2413793103448276,0.6896551724137931
17,330,2,74,361,True,False,29,29,0,0,0,0.0,0.0,0.0,0.0,0.0
17,331,2,74,383,True,False,29,29,0,0,0,0.0,0.0,0.0,0.0,0.0
17,332,2,74,433,True,False,29,29,0,0,0,0.0,0.0,0.0,0.0,0.0
17,333,2,74,449,True,False,29,29,0,0,0,0.0,0.0,0.0,0.0,0.0
17,334,2,74,455,True,False,29,29,0,0,0,0.0,0.0,0.0,0.0,0.0
17,335,2,74,463,True,True,29,29,28,66,13,0.0,0.0,2.2758620689655173,0.9655172413793104,2.2758620689655173
17,336,2,74,508,True,False,29,29,0,0,0,0.0,0.0,0.0,0.0,0.0
18,482,2,126,2,True,True,80,80,31,442,3,0.0,3.0,5.525,0.3875,5.525
18,483,2,126,79,True,False,80,80,0,0,0,0.0,0.0,0.0,0.0,0.0
18,484,2,126,80,True,False,80,80,0,0,0,0.0,0.0,0.0,0.0,0.0
18,485,2,126,144,True,False,80,80,0,0,0,0.0,0.0,0.0,0.0,0.0
18,486,2,126,175,True,False,80,80,0,0,0,0.0,0.0,0.0,0.0,0.0
18,487,2,126,258,True,False,80,80,0,0,0,0.0,0.0,0.0,0.0,0.0
18,488,2,126,371,True,True,80,80,14,40,1,0.0,1.0,0.5,0.175,0.5
19,558,2,144,2,True,True,58,58,1,5,1,0.0,0.0,0.08620689655172414,0.017241379310344827,0.08620689655172414
19,559,2,144,21,True,True,58,58,35,80,3,0.0,1.0,1.3793103448275863,0.603448275862069,1.3793103448275863
19,560,2,144,22,True,False,58,58,0,0,0,0.0,0.0,0.0,0.0,0.0
19,561,2,144,31,True,True,58,58,40,139,4,0.0,1.0,2.396551724137931,0.6896551724137931,2.396551724137931
19,562,2,144,61,True,True,58,58,29,61,3,0.0,1.0,1.0517241379310345,0.5,1.0517241379310345
19,563,2,144,74,True,True,58,58,15,15,2,0.0,0.0,0.25862068965517243,0.25862068965517243,0.25862068965517243
19,564,2,144,79,True,False,58,58,0,0,0,0.0,0.0,0.0,0.0,0.0
19,565,2,144,126,True,True,58,58,9,105,1,0.0,1.0,1.8103448275862069,0.15517241379310345,1.8103448275862069
19,566,2,144,139,True,False,58,58,0,0,0,0.0,0.0,0.0,0.0,0.0
19,567,2,144,179,True,True,58,58,9,14,1,0.0,0.0,0.2413793103448276,0.15517241379310345,0.2413793103448276
19,568,2,144,186,True,True,58,58,14,40,1,0.0,1.0,0.6896551724137931,0.2413793103448276,0.6896551724137931
19,569,2,144,229,True,False,58,58,0,0,0,0.0,0.0,0.0,0.0,0.0
19,570,2,144,248,True,False,58,58,0,0,0,0.0,0.0,0.0,0.0,0.0
19,571,2,144,315,True,False,58,58,0,0,0,0.0,0.0,0.0,0.0,0.0
19,572,2,144,488,True,True,58,58,9,37,1,0.0,0.0,0.6379310344827587,0.15517241379310345,0.6379310344827587
20,758,2,175,2,True,True,73,73,5,15,1,0.0,1.0,0.2054794520547945,0.0684931506849315,0.2054794520547945
20,759,2,175,21,True,True,73,73,18,27,2,0.0,0.0,0.3698630136986301,0.2465753424657534,0.3698630136986301
20,760,2,175,31,True,True,73,73,38,127,3,0.0,0.0,1.7397260273972603,0.5205479452054794,1.7397260273972603
20,761,2,175,43,True,False,73,73,0,0,0,0.0,0.0,0.0,0.0,0.0
20,762,2,175,61,True,True,73,73,38,65,3,0.0,0.0,0.8904109589041096,0.5205479452054794,0.8904109589041096
20,763,2,175,74,True,True,73,73,21,21,3,0.0,0.0,0.2876712328767123,0.2876712328767123,0.2876712328767123
20,764,2,175,80,True,True,73,73,1,5,1,0.0,0.0,0.0684931506849315,0.0136986301369863,0.0684931506849315
20,765,2,175,126,True,False,73,73,0,0,0,0.0,0.0,0.0,0.0,0.0
20,766,2,175,139,True,False,73,73,0,0,0,0.0,0.0,0.0,0.0,0.0
20,767,2,175,179,True,True,73,73,8,12,1,0.0,0.0,0.1643835616438356,0.1095890410958904,0.1643835616438356
20,768,2,175,186,True,True,73,73,8,12,1,0.0,0.0,0.1643835616438356,0.1095890410958904,0.1643835616438356
20,769,2,175,248,True,True,73,73,12,12,1,0.0,1.0,0.1643835616438356,0.1643835616438356,0.1643835616438356
20,770,2,175,258,True,False,73,73,0,0,0,0.0,0.0,0.0,0.0,0.0
20,771,2,175,273,True,False,73,73,0,0,0,0.0,0.0,0.0,0.0,0.0
20,772,2,175,311,True,False,73,73,0,0,0,0.0,0.0,0.0,0.0,0.0
20,773,2,175,390,True,False,73,73,0,0,0,0.0,0.0,0.0,0.0,0.0
20,774,2,175,415,True,False,73,73,0,0,0,0.0,0.0,0.0,0.0,0.0
20,775,2,175,488,True,True,73,73,25,109,2,0.0,1.0,1.4931506849315068,0.3424657534246575,1.4931506849315068
21,780,2,179,13,True,False,26,26,0,0,0,0.0,0.0,0.0,0.0,0.0
21,781,2,179,34,True,False,26,26,0,0,0,0.0,0.0,0.0,0.0,0.0
21,782,2,179,43,True,True,26,26,4,8,1,0.0,0.0,0.3076923076923077,0.15384615384615385,0.3076923076923077
21,783,2,179,129,True,False,26,26,0,0,0,0.0,0.0,0.0,0.0,0.0
21,784,2,179,245,True,False,26,26,0,0,0,0.0,0.0,0.0,0.0,0.0
21,785,2,179,253,True,False,26,26,0,0,0,0.0,0.0,0.0,0.0,0.0
21,786,2,179,256,True,False,26,26,0,0,0,0.0,0.0,0.0,0.0,0.0
21,787,2,179,313,True,False,26,26,0,0,0,0.0,0.0,0.0,0.0,0.0
21,788,2,179,353,True,True,26,26,8,8,2,0.0,0.0,0.3076923076923077,0.3076923076923077,0.3076923076923077
21,789,2,179,472,True,False,26,26,0,0,0,0.0,0.0,0.0,0.0,0.0
21,790,2,179,488,True,True,26,26,22,60,7,0.0,0.0,2.3076923076923075,0.8461538461538461,2.3076923076923075
22,808,2,186,12,True,False,8,8,0,0,0,0.0,0.0,0.0,0.0,0.0
22,809,2,186,21,True,False,8,8,0,0,0,0.0,0.0,0.0,0.0,0.0
22,810,2,186,31,True,True,8,8,8,13,3,0.0,0.0,1.625,1.0,1.625
22,811,2,186,74,True,True,8,8,8,11,3,0.0,0.0,1.375,1.0,1.375
22,812,2,186,121,True,False,8,8,0,0,0,0.0,0.0,0.0,0.0,0.0
22,813,2,186,141,True,False,8,8,0,0,0,0.0,0.0,0.0,0.0,0.0
22,814,2,186,156,True,False,8,8,0,0,0,0.0,0.0,0.0,0.0,0.0
22,815,2,186,248,True,True,8,8,8,8,3,0.0,0.0,1.0,1.0,1.0
22,816,2,186,319,True,False,8,8,0,0,0,0.0,0.0,0.0,0.0,0.0
22,817,2,186,381,True,False,8,8,0,0,0,0.0,0.0,0.0,0.0,0.0
22,818,2,186,449,True,False,8,8,0,0,0,0.0,0.0,0.0,0.0,0.0
22,819,2,186,463,True,True,8,8,8,8,3,0.0,0.0,1.0,1.0,1.0
23,1252,2,313,6,True,False,7,7,0,0,0,0.0,0.0,0.0,0.0,0.0
23,1253,2,313,13,True,False,7,7,0,0,0,0.0,0.0,0.0,0.0,0.0
23,1254,2,313,34,True,False,7,7,0,0,0,0.0,0.0,0.0,0.0,0.0
23,1255,2,313,43,True,True,7,7,7,12,3,0.0,0.0,1.7142857142857142,1.0,1.7142857142857142
23,1256,2,313,243,True,False,7,7,0,0,0,0.0,0.0,0.0,0.0,0.0
23,1257,2,313,256,True,False,7,7,0,0,0,0.0,0.0,0.0,0.0,0.0
23,1258,2,313,281,True,False,7,7,0,0,0,0.0,0.0,0.0,0.0,0.0
23,1259,2,313,353,True,True,7,7,7,7,3,0.0,0.0,1.0,1.0,1.0
23,1260,2,313,361,True,False,7,7,0,0,0,0.0,0.0,0.0,0.0,0.0
23,1261,2,313,455,True,False,7,7,0,0,0,0.0,0.0,0.0,0.0,0.0
23,1262,2,313,472,True,False,7,7,0,0,0,0.0,0.0,0.0,0.0,0.0
24,1833,2,488,2,True,False,90,90,0,0,0,0.0,0.0,0.0,0.0,0.0
24,1834,2,488,13,True,False,90,90,0,0,0,0.0,0.0,0.0,0.0,0.0
24,1835,2,488,43,True,True,90,90,13,22,3,0.0,0.0,0.24444444444444444,0.14444444444444443,0.24444444444444444
24,1836,2,488,144,True,False,90,90,0,0,0,0.0,0.0,0.0,0.0,0.0
24,1837,2,488,253,True,False,90,90,0,0,0,0.0,0.0,0.0,0.0,0.0
24,1838,2,488,256,True,False,90,90,0,0,0,0.0,0.0,0.0,0.0,0.0
24,1839,2,488,321,True,True,90,90,63,104,10,0.0,1.0,1.1555555555555554,0.7,1.1555555555555554
24,1840,2,488,335,True,False,90,90,0,0,0,0.0,0.0,0.0,0.0,0.0
24,1841,2,488,353,True,True,90,90,84,274,16,0.0,1.0,3.0444444444444443,0.9333333333333333,3.0444444444444443
24,1842,2,488,472,True,False,90,90,0,0,0,0.0,0.0,0.0,0.0,0.0
24,1843,2,488,481,True,True,90,90,14,28,3,0.0,2.0,0.3111111111111111,0.15555555555555556,0.3111111111111111
25,279,3,57,206,True,True,75,75,69,589,5,0.0,2.0,7.8533333333333335,0.92,7.8533333333333335
25,280,3,57,406,True,True,75,75,19,99,2,0.0,1.0,1.32,0.25333333333333335,1.32
26,858,3,206,262,True,True,361,361,36,539,2,0.0,6.0,1.4930747922437673,0.0997229916897507,1.4930747922437673
26,859,3,206,487,True,True,361,361,15,90,1,4.0,8.0,0.24930747922437674,0.04155124653739612,0.24930747922437674
27,1628,3,406,206,True,True,685,685,548,5466,29,0.0,2.0,7.97956204379562,0.8,7.97956204379562
28,304,4,63,8,True,True,186,186,29,274,2,0.0,4.0,1.4731182795698925,0.15591397849462366,1.4731182795698925
28,305,4,63,42,True,False,186,186,0,0,0,0.0,0.0,0.0,0.0,0.0
28,306,4,63,80,True,True,186,186,15,105,1,0.0,5.0,0.5645161290322581,0.08064516129032258,0.5645161290322581
28,307,4,63,118,True,False,186,186,0,0,0,0.0,0.0,0.0,0.0,0.0
28,308,4,63,138,True,False,186,186,0,0,0,0.0,0.0,0.0,0.0,0.0
28,309,4,63,146,True,False,186,186,0,0,0,0.0,0.0,0.0,0.0,0.0
28,310,4,63,149,True,True,186,186,36,368,3,0.0,6.0,1.978494623655914,0.1935483870967742,1.978494623655914
28,311,4,63,151,True,True,186,186,90,813,4,0.0,4.0,4.370967741935484,0.4838709677419355,4.370967741935484
28,312,4,63,230,True,True,186,186,49,359,3,0.0,7.0,1.9301075268817205,0.26344086021505375,1.9301075268817205
28,313,4,63,238,True,False,186,186,0,0,0,0.0,0.0,0.0,0.0,0.0
28,314,4,63,258,True,False,186,186,0,0,0,0.0,0.0,0.0,0.0,0.0
28,315,4,63,311,True,False,186,186,0,0,0,0.0,0.0,0.0,0.0,0.0
28,316,4,63,390,True,True,186,186,3,3,1,9.0,10.0,0.016129032258064516,0.016129032258064516,0.016129032258064516
28,317,4,63,415,True,True,186,186,6,84,1,0.0,4.0,0.45161290322580644,0.03225806451612903,0.45161290322580644
29,506,4,138,42,True,False,18,18,0,0,0,0.0,0.0,0.0,0.0,0.0
29,507,4,138,63,True,False,18,18,0,0,0,0.0,0.0,0.0,0.0,0.0
29,508,4,138,151,True,False,18,18,0,0,0,0.0,0.0,0.0,0.0,0.0
29,509,4,138,171,True,False,18,18,0,0,0,0.0,0.0,0.0,0.0,0.0
29,510,4,138,258,True,False,18,18,0,0,0,0.0,0.0,0.0,0.0,0.0
29,511,4,138,288,True,False,18,18,0,0,0,0.0,0.0,0.0,0.0,0.0
29,512,4,138,340,True,False,18,18,0,0,0,0.0,0.0,0.0,0.0,0.0
29,513,4,138,415,True,False,18,18,0,0,0,0.0,0.0,0.0,0.0,0.0
30,93,6,13,6,True,False,6,6,0,0,0,0.0,0.0,0.0,0.0,0.0
30,94,6,13,34,True,False,6,6,0,0,0,0.0,0.0,0.0,0.0,0.0
30,95,6,13,58,True,False,6,6,0,0,0,0.0,0.0,0.0,0.0,0.0
30,96,6,13,169,True,False,6,6,0,0,0,0.0,0.0,0.0,0.0,0.0
30,97,6,13,243,True,False,6,6,0,0,0,0.0,0.0,0.0,0.0,0.0
30,98,6,13,256,True,True,6,6,6,13,5,0.0,0.0,2.1666666666666665,1.0,2.1666666666666665
30,99,6,13,262,True,False,6,6,0,0,0,0.0,0.0,0.0,0.0,0.0
30,100,6,13,281,True,True,6,6,4,10,4,0.0,0.0,1.6666666666666667,0.6666666666666666,1.6666666666666667
30,101,6,13,335,True,False,6,6,0,0,0,0.0,0.0,0.0,0.0,0.0
30,102,6,13,353,True,False,6,6,0,0,0,0.0,0.0,0.0,0.0,0.0
30,103,6,13,361,True,False,6,6,0,0,0,0.0,0.0,0.0,0.0,0.0
30,104,6,13,433,True,False,6,6,0,0,0,0.0,0.0,0.0,0.0,0.0
30,105,6,13,455,True,False,6,6,0,0,0,0.0,0.0,0.0,0.0,0.0
30,106,6,13,472,True,True,6,6,2,2,2,0.0,0.0,0.3333333333333333,0.3333333333333333,0.3333333333333333
30,107,6,13,508,True,False,6,6,0,0,0,0.0,0.0,0.0,0.0,0.0
31,117,6,21,12,True,False,38,38,0,0,0,0.0,0.0,0.0,0.0,0.0
31,118,6,21,31,True,False,38,38,0,0,0,0.0,0.0,0.0,0.0,0.0
31,119,6,21,74,True,False,38,38,0,0,0,0.0,0.0,0.0,0.0,0.0
31,120,6,21,121,True,True,38,38,28,28,8,0.0,0.0,0.7368421052631579,0.7368421052631579,0.7368421052631579
31,121,6,21,141,True,False,38,38,0,0,0,0.0,0.0,0.0,0.0,0.0
31,122,6,21,156,True,True,38,38,38,42,11,0.0,0.0,1.105263157894737,1.0,1.105263157894737
31,123,6,21,186,True,False,38,38,0,0,0,0.0,0.0,0.0,0.0,0.0
31,124,6,21,248,True,False,38,38,0,0,0,0.0,0.0,0.0,0.0,0.0
31,125,6,21,319,True,True,38,38,19,28,6,0.0,0.0,0.7368421052631579,0.5,0.7368421052631579
31,126,6,21,381,True,True,38,38,31,54,8,0.0,0.0,1.4210526315789473,0.8157894736842105,1.4210526315789473
31,127,6,21,449,True,True,38,38,38,38,11,0.0,0.0,1.0,1.0,1.0
31,128,6,21,463,True,False,38,38,0,0,0,0.0,0.0,0.0,0.0,0.0
32,474,6,125,6,True,False,26,26,0,0,0,0.0,0.0,0.0,0.0,0.0
32,475,6,125,23,True,False,26,26,0,0,0,0.0,0.0,0.0,0.0,0.0
32,476,6,125,217,True,False,26,26,0,0,0,0.0,0.0,0.0,0.0,0.0
32,477,6,125,247,True,False,26,26,0,0,0,0.0,0.0,0.0,0.0,0.0
32,478,6,125,296,True,False,26,26,0,0,0,0.0,0.0,0.0,0.0,0.0
32,479,6,125,309,True,True,26,26,20,200,2,0.0,3.0,7.6923076923076925,0.7692307692307693,7.6923076923076925
32,480,6,125,385,True,False,26,26,0,0,0,0.0,0.0,0.0,0.0,0.0
32,481,6,125,402,True,False,26,26,0,0,0,0.0,0.0,0.0,0.0,0.0
33,620,6,156,12,True,True,23,23,1,2,1,0.0,0.0,0.08695652173913043,0.043478260869565216,0.08695652173913043
33,621,6,156,22,True,False,23,23,0,0,0,0.0,0.0,0.0,0.0,0.0
33,622,6,156,58,True,False,23,23,0,0,0,0.0,0.0,0.0,0.0,0.0
33,623,6,156,113,True,True,23,23,9,15,7,0.0,0.0,0.6521739130434783,0.391304347826087,0.6521739130434783
33,624,6,156,121,True,True,23,23,22,49,14,0.0,0.0,2.130434782608696,0.9565217391304348,2.130434782608696
33,625,6,156,139,True,False,23,23,0,0,0,0.0,0.0,0.0,0.0,0.0
33,626,6,156,144,True,False,23,23,0,0,0,0.0,0.0,0.0,0.0,0.0
33,627,6,156,243,True,False,23,23,0,0,0,0.0,0.0,0.0,0.0,0.0
33,628,6,156,248,True,False,23,23,0,0,0,0.0,0.0,0.0,0.0,0.0
33,629,6,156,251,True,False,23,23,0,0,0,0.0,0.0,0.0,0.0,0.0
33,630,6,156,262,True,False,23,23,0,0,0,0.0,0.0,0.0,0.0,0.0
33,631,6,156,273,True,False,23,23,0,0,0,0.0,0.0,0.0,0.0,0.0
33,632,6,156,321,True,False,23,23,0,0,0,0.0,0.0,0.0,0.0,0.0
33,633,6,156,449,True,True,23,23,23,31,15,0.0,0.0,1.3478260869565217,1.0,1.3478260869565217
33,634,6,156,463,True,False,23,23,0,0,0,0.0,0.0,0.0,0.0,0.0
33,635,6,156,481,True,True,23,23,1,2,1,0.0,0.0,0.08695652173913043,0.043478260869565216,0.08695652173913043
34,780,6,179,13,True,True,80,80,62,74,15,0.0,0.0,0.925,0.775,0.925
34,781,6,179,34,True,False,80,80,0,0,0,0.0,0.0,0.0,0.0,0.0
34,782,6,179,43,True,False,80,80,0,0,0,0.0,0.0,0.0,0.0,0.0
34,783,6,179,129,True,False,80,80,0,0,0,0.0,0.0,0.0,0.0,0.0
34,784,6,179,245,True,True,80,80,9,14,2,0.0,0.0,0.175,0.1125,0.175
34,785,6,179,253,True,False,80,80,0,0,0,0.0,0.0,0.0,0.0,0.0
34,786,6,179,256,True,True,80,80,11,11,3,0.0,0.0,0.1375,0.1375,0.1375
34,787,6,179,313,True,True,80,80,75,214,18,0.0,0.0,2.675,0.9375,2.675
34,788,6,179,353,True,False,80,80,0,0,0,0.0,0.0,0.0,0.0,0.0
34,789,6,179,472,True,True,80,80,49,55,13,0.0,0.0,0.6875,0.6125,0.6875
34,790,6,179,488,True,False,80,80,0,0,0,0.0,0.0,0.0,0.0,0.0
35,808,6,186,12,True,False,40,40,0,0,0,0.0,0.0,0.0,0.0,0.0
35,809,6,186,21,True,True,40,40,4,4,1,0.0,0.0,0.1,0.1,0.1
35,810,6,186,31,True,False,40,40,0,0,0,0.0,0.0,0.0,0.0,0.0
35,811,6,186,74,True,False,40,40,0,0,0,0.0,0.0,0.0,0.0,0.0
35,812,6,186,121,True,True,40,40,25,25,5,0.0,0.0,0.625,0.625,0.625
35,813,6,186,141,True,False,40,40,0,0,0,0.0,0.0,0.0,0.0,0.0
35,814,6,186,156,True,True,40,40,29,47,6,0.0,0.0,1.175,0.725,1.175
35,815,6,186,248,True,False,40,40,0,0,0,0.0,0.0,0.0,0.0,0.0
35,816,6,186,319,True,True,40,40,4,4,1,0.0,0.0,0.1,0.1,0.1
35,817,6,186,381,True,True,40,40,40,78,8,0.0,0.0,1.95,1.0,1.95
35,818,6,186,449,True,True,40,40,40,63,8,0.0,0.0,1.575,1.0,1.575
35,819,6,186,463,True,False,40,40,0,0,0,0.0,0.0,0.0,0.0,0.0
36,946,6,243,6,True,True,6,6,2,6,1,0.0,0.0,1.0,0.3333333333333333,1.0
36,947,6,243,21,True,False,6,6,0,0,0,0.0,0.0,0.0,0.0,0.0
36,948,6,243,84,True,False,6,6,0,0,0,0.0,0.0,0.0,0.0,0.0
36,949,6,243,85,True,False,6,6,0,0,0,0.0,0.0,0.0,0.0,0.0
36,950,6,243,115,True,False,6,6,0,0,0,0.0,0.0,0.0,0.0,0.0
36,951,6,243,125,True,False,6,6,0,0,0,0.0,0.0,0.0,0.0,0.0
36,952,6,243,129,True,False,6,6,0,0,0,0.0,0.0,0.0,0.0,0.0
36,953,6,243,156,True,False,6,6,0,0,0,0.0,0.0,0.0,0.0,0.0
36,954,6,243,179,True,False,6,6,0,0,0,0.0,0.0,0.0,0.0,0.0
36,955,6,243,199,True,False,6,6,0,0,0,0.0,0.0,0.0,0.0,0.0
36,956,6,243,217,True,False,6,6,0,0,0,0.0,0.0,0.0,0.0,0.0
36,957,6,243,319,True,False,6,6,0,0,0,0.0,0.0,0.0,0.0,0.0
36,958,6,243,385,True,False,6,6,0,0,0,0.0,0.0,0.0,0.0,0.0
36,959,6,243,402,True,False,6,6,0,0,0,0.0,0.0,0.0,0.0,0.0
36,960,6,243,508,True,False,6,6,0,0,0,0.0,0.0,0.0,0.0,0.0
37,961,6,245,13,True,True,10,10,10,17,2,0.0,0.0,1.7,1.0,1.7
37,962,6,245,34,True,False,10,10,0,0,0,0.0,0.0,0.0,0.0,0.0
37,963,6,245,58,True,False,10,10,0,0,0,0.0,0.0,0.0,0.0,0.0
37,964,6,245,129,True,False,10,10,0,0,0,0.0,0.0,0.0,0.0,0.0
37,965,6,245,169,True,False,10,10,0,0,0,0.0,0.0,0.0,0.0,0.0
37,966,6,245,253,True,False,10,10,0,0,0,0.0,0.0,0.0,0.0,0.0
37,967,6,245,256,True,True,10,10,7,11,1,0.0,0.0,1.1,0.7,1.1
37,968,6,245,281,True,False,10,10,0,0,0,0.0,0.0,0.0,0.0,0.0
37,969,6,245,313,True,True,10,10,3,9,1,0.0,0.0,0.9,0.3,0.9
37,970,6,245,353,True,False,10,10,0,0,0,0.0,0.0,0.0,0.0,0.0
37,971,6,245,433,True,False,10,10,0,0,0,0.0,0.0,0.0,0.0,0.0
37,972,6,245,472,True,False,10,10,0,0,0,0.0,0.0,0.0,0.0,0.0
38,1228,6,309,6,True,True,76,76,10,120,4,0.0,4.0,1.5789473684210527,0.13157894736842105,1.5789473684210527
38,1229,6,309,24,True,False,76,76,0,0,0,0.0,0.0,0.0,0.0,0.0
38,1230,6,309,125,True,True,76,76,13,115,2,0.0,1.0,1.513157894736842,0.17105263157894737,1.513157894736842
38,1231,6,309,147,True,True,76,76,25,290,3,0.0,5.0,3.8157894736842106,0.32894736842105265,3.8157894736842106
38,1232,6,309,217,True,False,76,76,0,0,0,0.0,0.0,0.0,0.0,0.0
38,1233,6,309,224,True,False,76,76,0,0,0,0.0,0.0,0.0,0.0,0.0
38,1234,6,309,227,True,False,76,76,0,0,0,0.0,0.0,0.0,0.0,0.0
38,1235,6,309,316,True,False,76,76,0,0,0,0.0,0.0,0.0,0.0,0.0
38,1236,6,309,352,True,False,76,76,0,0,0,0.0,0.0,0.0,0.0,0.0
38,1237,6,309,361,True,False,76,76,0,0,0,0.0,0.0,0.0,0.0,0.0
38,1238,6,309,387,True,False,76,76,0,0,0,0.0,0.0,0.0,0.0,0.0
38,1239,6,309,474,True,False,76,76,0,0,0,0.0,0.0,0.0,0.0,0.0
39,1252,6,313,6,True,False,131,131,0,0,0,0.0,0.0,0.0,0.0,0.0
39,1253,6,313,13,True,True,131,131,88,227,15,0.0,1.0,1.7328244274809161,0.6717557251908397,1.7328244274809161
39,1254,6,313,34,True,False,131,131,0,0,0,0.0,0.0,0.0,0.0,0.0
39,1255,6,313,43,True,False,131,131,0,0,0,0.0,0.0,0.0,0.0,0.0
39,1256,6,313,243,True,False,131,131,0,0,0,0.0,0.0,0.0,0.0,0.0
39,1257,6,313,256,True,True,131,131,131,420,22,0.0,1.0,3.2061068702290076,1.0,3.2061068702290076
39,1258,6,313,281,True,True,131,131,123,202,21,0.0,1.0,1.5419847328244274,0.9389312977099237,1.5419847328244274
39,1259,6,313,353,True,False,131,131,0,0,0,0.0,0.0,0.0,0.0,0.0
39,1260,6,313,361,True,False,131,131,0,0,0,0.0,0.0,0.0,0.0,0.0
39,1261,6,313,455,True,False,131,131,0,0,0,0.0,0.0,0.0,0.0,0.0
39,1262,6,313,472,True,True,131,131,91,230,16,0.0,1.0,1.7557251908396947,0.6946564885496184,1.7557251908396947
40,1299,6,319,6,True,False,58,58,0,0,0,0.0,0.0,0.0,0.0,0.0
40,1300,6,319,12,True,True,58,58,7,22,2,0.0,0.0,0.3793103448275862,0.1206896551724138,0.3793103448275862
40,1301,6,319,74,True,False,58,58,0,0,0,0.0,0.0,0.0,0.0,0.0
40,1302,6,319,113,True,True,58,58,5,5,1,0.0,1.0,0.08620689655172414,0.08620689655172414,0.08620689655172414
40,1303,6,319,121,True,True,58,58,51,148,12,0.0,0.0,2.5517241379310347,0.8793103448275862,2.5517241379310347
40,1304,6,319,156,True,True,58,58,51,88,13,0.0,0.0,1.5172413793103448,0.8793103448275862,1.5172413793103448
40,1305,6,319,243,True,False,58,58,0,0,0,0.0,0.0,0.0,0.0,0.0
40,1306,6,319,251,True,False,58,58,0,0,0,0.0,0.0,0.0,0.0,0.0
40,1307,6,319,321,True,False,58,58,0,0,0,0.0,0.0,0.0,0.0,0.0
40,1308,6,319,361,True,False,58,58,0,0,0,0.0,0.0,0.0,0.0,0.0
40,1309,6,319,449,True,True,58,58,58,100,14,0.0,0.0,1.7241379310344827,1.0,1.7241379310344827
40,1310,6,319,463,True,False,58,58,0,0,0,0.0,0.0,0.0,0.0,0.0
40,1311,6,319,481,True,True,58,58,12,17,3,0.0,1.0,0.29310344827586204,0.20689655172413793,0.29310344827586204
41,1480,6,381,12,True,True,69,69,3,6,1,0.0,0.0,0.08695652173913043,0.043478260869565216,0.08695652173913043
41,1481,6,381,31,True,False,69,69,0,0,0,0.0,0.0,0.0,0.0,0.0
41,1482,6,381,58,True,False,69,69,0,0,0,0.0,0.0,0.0,0.0,0.0
41,1483,6,381,74,True,False,69,69,0,0,0,0.0,0.0,0.0,0.0,0.0
41,1484,6,381,121,True,True,69,69,60,144,13,0.0,0.0,2.0869565217391304,0.8695652173913043,2.0869565217391304
41,1485,6,381,141,True,False,69,69,0,0,0,0.0,0.0,0.0,0.0,0.0
41,1486,6,381,156,True,True,69,69,60,100,12,0.0,0.0,1.4492753623188406,0.8695652173913043,1.4492753623188406
41,1487,6,381,248,True,False,69,69,0,0,0,0.0,0.0,0.0,0.0,0.0
41,1488,6,381,251,True,False,69,69,0,0,0,0.0,0.0,0.0,0.0,0.0
41,1489,6,381,319,True,True,69,69,22,25,6,0.0,0.0,0.36231884057971014,0.3188405797101449,0.36231884057971014
41,1490,6,381,433,True,False,69,69,0,0,0,0.0,0.0,0.0,0.0,0.0
41,1491,6,381,449,True,True,69,69,69,107,14,0.0,0.0,1.5507246376811594,1.0,1.5507246376811594
41,1492,6,381,463,True,False,69,69,0,0,0,0.0,0.0,0.0,0.0,0.0
42,172,7,28,1,True,False,29,29,0,0,0,0.0,0.0,0.0,0.0,0.0
42,173,7,28,56,True,False,29,29,0,0,0,0.0,0.0,0.0,0.0,0.0
42,174,7,28,222,True,False,29,29,0,0,0,0.0,0.0,0.0,0.0,0.0
42,175,7,28,271,True,False,29,29,0,0,0,0.0,0.0,0.0,0.0,0.0
42,176,7,28,318,True,True,29,29,4,20,1,0.0,0.0,0.6896551724137931,0.13793103448275862,0.6896551724137931
42,177,7,28,326,True,False,29,29,0,0,0,0.0,0.0,0.0,0.0,0.0
42,178,7,28,347,True,True,29,29,14,159,2,0.0,3.0,5.482758620689655,0.4827586206896552,5.482758620689655
42,179,7,28,355,True,False,29,29,0,0,0,0.0,0.0,0.0,0.0,0.0
42,180,7,28,369,True,False,29,29,0,0,0,0.0,0.0,0.0,0.0,0.0
42,181,7,28,410,True,True,29,29,11,41,1,0.0,2.0,1.4137931034482758,0.3793103448275862,1.4137931034482758
42,182,7,28,429,True,True,29,29,11,65,1,0.0,3.0,2.2413793103448274,0.3793103448275862,2.2413793103448274
43,337,7,77,163,True,False,29,29,0,0,0,0.0,0.0,0.0,0.0,0.0
43,338,7,77,205,True,False,29,29,0,0,0,0.0,0.0,0.0,0.0,0.0
44,500,7,133,7,True,True,56,56,3,12,1,0.0,0.0,0.21428571428571427,0.05357142857142857,0.21428571428571427
44,501,7,133,157,True,False,56,56,0,0,0,0.0,0.0,0.0,0.0,0.0
44,502,7,133,196,True,False,56,56,0,0,0,0.0,0.0,0.0,0.0,0.0
44,503,7,133,222,True,True,56,56,9,90,1,2.0,6.0,1.6071428571428572,0.16071428571428573,1.6071428571428572
44,504,7,133,415,True,False,56,56,0,0,0,0.0,0.0,0.0,0.0,0.0
44,505,7,133,432,True,False,56,56,0,0,0,0.0,0.0,0.0,0.0,0.0
45,548,7,143,7,True,True,40,40,3,12,1,0.0,0.0,0.3,0.075,0.3
45,549,7,143,88,True,False,40,40,0,0,0,0.0,0.0,0.0,0.0,0.0
45,550,7,143,133,True,True,40,40,9,45,1,1.0,5.0,1.125,0.225,1.125
45,551,7,143,161,True,False,40,40,0,0,0,0.0,0.0,0.0,0.0,0.0
45,552,7,143,163,True,False,40,40,0,0,0,0.0,0.0,0.0,0.0,0.0
45,553,7,143,233,True,True,40,40,1,1,1,10.0,10.0,0.025,0.025,0.025
45,554,7,143,279,True,False,40,40,0,0,0,0.0,0.0,0.0,0.0,0.0
45,555,7,143,432,True,False,40,40,0,0,0,0.0,0.0,0.0,0.0,0.0
45,556,7,143,440,True,False,40,40,0,0,0,0.0,0.0,0.0,0.0,0.0
45,557,7,143,474,True,False,40,40,0,0,0,0.0,0.0,0.0,0.0,0.0
46,688,7,167,7,True,True,7,7,7,11,2,0.0,1.0,1.5714285714285714,1.0,1.5714285714285714
46,689,7,167,88,True,False,7,7,0,0,0,0.0,0.0,0.0,0.0,0.0
46,690,7,167,133,True,False,7,7,0,0,0,0.0,0.0,0.0,0.0,0.0
46,691,7,167,143,True,False,7,7,0,0,0,0.0,0.0,0.0,0.0,0.0
46,692,7,167,157,True,False,7,7,0,0,0,0.0,0.0,0.0,0.0,0.0
46,693,7,167,161,True,False,7,7,0,0,0,0.0,0.0,0.0,0.0,0.0
46,694,7,167,196,True,False,7,7,0,0,0,0.0,0.0,0.0,0.0,0.0
46,695,7,167,261,True,False,7,7,0,0,0,0.0,0.0,0.0,0.0,0.0
46,696,7,167,279,True,False,7,7,0,0,0,0.0,0.0,0.0,0.0,0.0
46,697,7,167,290,True,True,7,7,6,36,1,0.0,0.5,5.142857142857143,0.8571428571428571,5.142857142857143
46,698,7,167,316,True,True,7,7,1,1,1,0.0,0.0,0.14285714285714285,0.14285714285714285,0.14285714285714285
46,699,7,167,432,True,False,7,7,0,0,0,0.0,0.0,0.0,0.0,0.0
46,700,7,167,440,True,False,7,7,0,0,0,0.0,0.0,0.0,0.0,0.0
46,701,7,167,474,True,False,7,7,0,0,0,0.0,0.0,0.0,0.0,0.0
46,702,7,167,509,True,False,7,7,0,0,0,0.0,0.0,0.0,0.0,0.0
47,820,7,196,1,True,False,30,30,0,0,0,0.0,0.0,0.0,0.0,0.0
47,821,7,196,28,True,False,30,30,0,0,0,0.0,0.0,0.0,0.0,0.0
47,822,7,196,133,True,False,30,30,0,0,0,0.0,0.0,0.0,0.0,0.0
47,823,7,196,207,True,False,30,30,0,0,0,0.0,0.0,0.0,0.0,0.0
47,824,7,196,222,True,True,30,30,2,4,1,0.0,0.0,0.13333333333333333,0.06666666666666667,0.13333333333333333
47,825,7,196,263,True,False,30,30,0,0,0,0.0,0.0,0.0,0.0,0.0
47,826,7,196,271,True,False,30,30,0,0,0,0.0,0.0,0.0,0.0,0.0
47,827,7,196,299,True,False,30,30,0,0,0,0.0,0.0,0.0,0.0,0.0
47,828,7,196,318,True,True,30,30,28,385,2,0.0,5.0,12.833333333333334,0.9333333333333333,12.833333333333334
47,829,7,196,429,True,False,30,30,0,0,0,0.0,0.0,0.0,0.0,0.0
47,830,7,196,509,True,False,30,30,0,0,0,0.0,0.0,0.0,0.0,0.0
48,889,7,222,1,True,False,120,120,0,0,0,0.0,0.0,0.0,0.0,0.0
48,890,7,222,56,True,False,120,120,0,0,0,0.0,0.0,0.0,0.0,0.0
48,891,7,222,207,True,False,120,120,0,0,0,0.0,0.0,0.0,0.0,0.0
48,892,7,222,263,True,False,120,120,0,0,0,0.0,0.0,0.0,0.0,0.0
48,893,7,222,355,True,True,120,120,15,49,1,5.0,9.0,0.4083333333333333,0.125,0.4083333333333333
48,894,7,222,410,True,False,120,120,0,0,0,0.0,0.0,0.0,0.0,0.0
48,895,7,222,415,True,False,120,120,0,0,0,0.0,0.0,0.0,0.0,0.0
48,896,7,222,429,True,False,120,120,0,0,0,0.0,0.0,0.0,0.0,0.0
49,1171,7,290,7,True,True,37,37,5,19,2,0.0,0.0,0.5135135135135135,0.13513513513513514,0.5135135135135135
49,1172,7,290,8,True,False,37,37,0,0,0,0.0,0.0,0.0,0.0,0.0
49,1173,7,290,77,True,False,37,37,0,0,0,0.0,0.0,0.0,0.0,0.0
49,1174,7,290,143,True,True,37,37,6,42,1,0.0,0.0,1.135135135135135,0.16216216216216217,1.135135135135135
49,1175,7,290,184,True,False,37,37,0,0,0,0.0,0.0,0.0,0.0,0.0
49,1176,7,290,247,True,False,37,37,0,0,0,0.0,0.0,0.0,0.0,0.0
49,1177,7,290,261,True,False,37,37,0,0,0,0.0,0.0,0.0,0.0,0.0
49,1178,7,290,279,True,False,37,37,0,0,0,0.0,0.0,0.0,0.0,0.0
49,1179,7,290,317,True,False,37,37,0,0,0,0.0,0.0,0.0,0.0,0.0
49,1180,7,290,346,True,False,37,37,0,0,0,0.0,0.0,0.0,0.0,0.0
49,1181,7,290,383,True,False,37,37,0,0,0,0.0,0.0,0.0,0.0,0.0
49,1182,7,290,402,True,False,37,37,0,0,0,0.0,0.0,0.0,0.0,0.0
49,1183,7,290,474,True,True,37,37,5,37,1,0.0,0.0,1.0,0.13513513513513514,1.0
50,1296,7,318,1,True,True,303,303,21,65,2,6.0,9.0,0.2145214521452145,0.06930693069306931,0.2145214521452145
50,1297,7,318,56,True,False,303,303,0,0,0,0.0,0.0,0.0,0.0,0.0
50,1298,7,318,347,True,True,303,303,39,521,3,0.0,4.0,1.7194719471947195,0.12871287128712872,1.7194719471947195
51,1379,7,347,37,True,False,57,57,0,0,0,0.0,0.0,0.0,0.0,0.0
51,1380,7,347,56,True,False,57,57,0,0,0,0.0,0.0,0.0,0.0,0.0
51,1381,7,347,207,True,False,57,57,0,0,0,0.0,0.0,0.0,0.0,0.0
51,1382,7,347,355,True,False,57,57,0,0,0,0.0,0.0,0.0,0.0,0.0
51,1383,7,347,362,True,True,57,57,10,10,1,7.0,9.0,0.17543859649122806,0.17543859649122806,0.17543859649122806
52,1782,7,474,7,True,True,25,25,9,65,1,0.0,0.0,2.6,0.36,2.6
52,1783,7,474,37,True,False,25,25,0,0,0,0.0,0.0,0.0,0.0,0.0
52,1784,7,474,39,True,False,25,25,0,0,0,0.0,0.0,0.0,0.0,0.0
52,1785,7,474,58,True,False,25,25,0,0,0,0.0,0.0,0.0,0.0,0.0
52,1786,7,474,84,True,False,25,25,0,0,0,0.0,0.0,0.0,0.0,0.0
52,1787,7,474,88,True,False,25,25,0,0,0,0.0,0.0,0.0,0.0,0.0
52,1788,7,474,115,True,False,25,25,0,0,0,0.0,0.0,0.0,0.0,0.0
52,1789,7,474,125,True,False,25,25,0,0,0,0.0,0.0,0.0,0.0,0.0
52,1790,7,474,143,True,False,25,25,0,0,0,0.0,0.0,0.0,0.0,0.0
52,1791,7,474,217,True,False,25,25,0,0,0,0.0,0.0,0.0,0.0,0.0
52,1792,7,474,243,True,False,25,25,0,0,0,0.0,0.0,0.0,0.0,0.0
52,1793,7,474,261,True,False,25,25,0,0,0,0.0,0.0,0.0,0.0,0.0
52,1794,7,474,279,True,False,25,25,0,0,0,0.0,0.0,0.0,0.0,0.0
52,1795,7,474,309,True,False,25,25,0,0,0,0.0,0.0,0.0,0.0,0.0
52,1796,7,474,317,True,False,25,25,0,0,0,0.0,0.0,0.0,0.0,0.0
52,1797,7,474,321,True,False,25,25,0,0,0,0.0,0.0,0.0,0.0,0.0
52,1798,7,474,385,True,False,25,25,0,0,0,0.0,0.0,0.0,0.0,0.0
52,1799,7,474,389,True,False,25,25,0,0,0,0.0,0.0,0.0,0.0,0.0
52,1800,7,474,402,True,False,25,25,0,0,0,0.0,0.0,0.0,0.0,0.0
53,1887,7,509,7,True,True,38,38,3,26,1,0.0,1.0,0.6842105263157895,0.07894736842105263,0.6842105263157895
53,1888,7,509,113,True,False,38,38,0,0,0,0.0,0.0,0.0,0.0,0.0
53,1889,7,509,161,True,False,38,38,0,0,0,0.0,0.0,0.0,0.0,0.0
53,1890,7,509,196,True,False,38,38,0,0,0,0.0,0.0,0.0,0.0,0.0
53,1891,7,509,251,True,True,38,38,9,105,1,0.0,1.0,2.763157894736842,0.23684210526315788,2.763157894736842
53,1892,7,509,279,True,False,38,38,0,0,0,0.0,0.0,0.0,0.0,0.0
53,1893,7,509,321,True,False,38,38,0,0,0,0.0,0.0,0.0,0.0,0.0
53,1894,7,509,361,True,False,38,38,0,0,0,0.0,0.0,0.0,0.0,0.0
53,1895,7,509,440,True,False,38,38,0,0,0,0.0,0.0,0.0,0.0,0.0
53,1896,7,509,481,True,False,38,38,0,0,0,0.0,0.0,0.0,0.0,0.0
54,129,8,22,21,True,True,139,139,20,50,2,0.0,4.0,0.3597122302158273,0.14388489208633093,0.3597122302158273
54,130,8,22,31,True,True,139,139,41,76,5,1.0,6.0,0.5467625899280576,0.2949640287769784,0.5467625899280576
54,131,8,22,43,True,True,139,139,66,276,8,2.0,6.0,1.985611510791367,0.4748201438848921,1.985611510791367
54,132,8,22,61,True,True,139,139,55,199,6,0.0,3.0,1.4316546762589928,0.39568345323741005,1.4316546762589928
54,133,8,22,74,True,True,139,139,5,5,1,5.0,7.0,0.03597122302158273,0.03597122302158273,0.03597122302158273
54,134,8,22,79,True,False,139,139,0,0,0,0.0,0.0,0.0,0.0,0.0
54,135,8,22,139,True,False,139,139,0,0,0,0.0,0.0,0.0,0.0,0.0
54,136,8,22,144,True,True,139,139,47,362,4,0.0,1.0,2.6043165467625897,0.3381294964028777,2.6043165467625897
54,137,8,22,175,True,False,139,139,0,0,0,0.0,0.0,0.0,0.0,0.0
54,138,8,22,179,True,True,139,139,36,144,5,0.0,5.0,1.0359712230215827,0.2589928057553957,1.0359712230215827
54,139,8,22,186,True,True,139,139,6,18,2,6.0,8.0,0.12949640287769784,0.04316546762589928,0.12949640287769784
54,140,8,22,273,True,True,139,139,21,160,3,0.0,4.0,1.1510791366906474,0.1510791366906475,1.1510791366906474
55,339,8,79,8,True,False,340,340,0,0,0,0.0,0.0,0.0,0.0,0.0
55,340,8,79,22,True,True,340,340,1,4,1,0.0,0.0,0.011764705882352941,0.0029411764705882353,0.011764705882352941
55,341,8,79,100,True,True,340,340,48,554,5,0.0,4.0,1.6294117647058823,0.1411764705882353,1.6294117647058823
55,342,8,79,149,True,True,340,340,45,294,3,0.0,2.0,0.8647058823529412,0.1323529411764706,0.8647058823529412
55,343,8,79,164,True,True,340,340,10,10,1,3.0,5.0,0.029411764705882353,0.029411764705882353,0.029411764705882353
55,344,8,79,171,True,True,340,340,170,1986,14,0.0,6.0,5.841176470588235,0.5,5.841176470588235
55,345,8,79,184,True,True,340,340,2,10,1,0.0,0.0,0.029411764705882353,0.0058823529411764705,0.029411764705882353
55,346,8,79,230,True,True,340,340,13,160,2,0.0,4.0,0.47058823529411764,0.03823529411764706,0.47058823529411764
55,347,8,79,271,True,False,340,340,0,0,0,0.0,0.0,0.0,0.0,0.0
55,348,8,79,288,True,True,340,340,1,3,1,4.0,5.0,0.008823529411764706,0.0029411764705882353,0.008823529411764706
55,349,8,79,311,True,True,340,340,8,8,1,0.0,0.5,0.023529411764705882,0.023529411764705882,0.023529411764705882
55,350,8,79,390,True,True,340,340,8,12,1,0.0,0.0,0.03529411764705882,0.023529411764705882,0.03529411764705882
55,351,8,79,485,True,False,340,340,0,0,0,0.0,0.0,0.0,0.0,0.0
56,352,8,80,10,True,False,9,9,0,0,0,0.0,0.0,0.0,0.0,0.0
56,353,8,80,79,True,True,9,9,3,16,1,0.0,1.0,1.7777777777777777,0.3333333333333333,1.7777777777777777
56,354,8,80,118,True,False,9,9,0,0,0,0.0,0.0,0.0,0.0,0.0
56,355,8,80,138,True,False,9,9,0,0,0,0.0,0.0,0.0,0.0,0.0
56,356,8,80,149,True,False,9,9,0,0,0,0.0,0.0,0.0,0.0,0.0
56,357,8,80,151,True,False,9,9,0,0,0,0.0,0.0,0.0,0.0,0.0
56,358,8,80,171,True,True,9,9,6,90,1,1.0,5.0,10.0,0.6666666666666666,10.0
56,359,8,80,230,True,False,9,9,0,0,0,0.0,0.0,0.0,0.0,0.0
56,360,8,80,258,True,False,9,9,0,0,0,0.0,0.0,0.0,0.0,0.0
56,361,8,80,268,True,False,9,9,0,0,0,0.0,0.0,0.0,0.0,0.0
56,362,8,80,297,True,False,9,9,0,0,0,0.0,0.0,0.0,0.0,0.0
56,363,8,80,311,True,True,9,9,3,17,1,0.0,1.0,1.8888888888888888,0.3333333333333333,1.8888888888888888
56,364,8,80,390,True,False,9,9,0,0,0,0.0,0.0,0.0,0.0,0.0
56,365,8,80,415,True,False,9,9,0,0,0,0.0,0.0,0.0,0.0,0.0
57,392,8,100,8,True,True,6,6,5,15,1,0.0,0.0,2.5,0.8333333333333334,2.5
57,393,8,100,50,True,False,6,6,0,0,0,0.0,0.0,0.0,0.0,0.0
57,394,8,100,109,True,False,6,6,0,0,0,0.0,0.0,0.0,0.0,0.0
57,395,8,100,146,True,False,6,6,0,0,0,0.0,0.0,0.0,0.0,0.0
57,396,8,100,164,True,True,6,6,1,14,1,5.0,8.0,2.3333333333333335,0.16666666666666666,2.3333333333333335
57,397,8,100,171,True,False,6,6,0,0,0,0.0,0.0,0.0,0.0,0.0
57,398,8,100,173,True,False,6,6,0,0,0,0.0,0.0,0.0,0.0,0.0
57,399,8,100,180,True,True,6,6,1,1,1,9.0,9.0,0.16666666666666666,0.16666666666666666,0.16666666666666666
57,400,8,100,271,True,False,6,6,0,0,0,0.0,0.0,0.0,0.0,0.0
57,401,8,100,315,True,False,6,6,0,0,0,0.0,0.0,0.0,0.0,0.0
57,402,8,100,405,True,False,6,6,0,0,0,0.0,0.0,0.0,0.0,0.0
57,403,8,100,410,True,False,6,6,0,0,0,0.0,0.0,0.0,0.0,0.0
58,482,8,126,2,True,False,40,40,0,0,0,0.0,0.0,0.0,0.0,0.0
58,483,8,126,79,True,True,40,40,12,26,1,0.0,1.0,0.65,0.3,0.65
58,484,8,126,80,True,False,40,40,0,0,0,0.0,0.0,0.0,0.0,0.0
58,485,8,126,144,True,False,40,40,0,0,0,0.0,0.0,0.0,0.0,0.0
58,486,8,126,175,True,False,40,40,0,0,0,0.0,0.0,0.0,0.0,0.0
58,487,8,126,258,True,False,40,40,0,0,0,0.0,0.0,0.0,0.0,0.0
58,488,8,126,371,True,False,40,40,0,0,0,0.0,0.0,0.0,0.0,0.0
59,558,8,144,2,True,False,119,119,0,0,0,0.0,0.0,0.0,0.0,0.0
59,559,8,144,21,True,True,119,119,22,88,2,1.0,6.0,0.7394957983193278,0.18487394957983194,0.7394957983193278
59,560,8,144,22,True,True,119,119,5,5,1,0.0,0.0,0.04201680672268908,0.04201680672268908,0.04201680672268908
59,561,8,144,31,True,True,119,119,47,226,5,0.0,6.0,1.8991596638655461,0.3949579831932773,1.8991596638655461
59,562,8,144,61,True,True,119,119,38,187,4,0.0,5.0,1.5714285714285714,0.31932773109243695,1.5714285714285714
59,563,8,144,74,True,True,119,119,9,9,1,5.0,7.0,0.07563025210084033,0.07563025210084033,0.07563025210084033
59,564,8,144,79,True,False,119,119,0,0,0,0.0,0.0,0.0,0.0,0.0
59,565,8,144,126,True,True,119,119,15,190,1,0.0,2.0,1.596638655462185,0.12605042016806722,1.596638655462185
59,566,8,144,139,True,False,119,119,0,0,0,0.0,0.0,0.0,0.0,0.0
59,567,8,144,179,True,True,119,119,42,167,4,0.0,4.0,1.403361344537815,0.35294117647058826,1.403361344537815
59,568,8,144,186,True,True,119,119,10,66,2,1.0,6.0,0.5546218487394958,0.08403361344537816,0.5546218487394958
59,569,8,144,229,True,False,119,119,0,0,0,0.0,0.0,0.0,0.0,0.0
59,570,8,144,248,True,True,119,119,14,14,1,3.0,6.0,0.11764705882352941,0.11764705882352941,0.11764705882352941
59,571,8,144,315,True,False,119,119,0,0,0,0.0,0.0,0.0,0.0,0.0
59,572,8,144,488,True,True,119,119,52,274,4,0.0,5.0,2.302521008403361,0.4369747899159664,2.302521008403361
60,591,8,149,8,True,False,12,12,0,0,0,0.0,0.0,0.0,0.0,0.0
60,592,8,149,42,True,False,12,12,0,0,0,0.0,0.0,0.0,0.0,0.0
60,593,8,149,79,True,False,12,12,0,0,0,0.0,0.0,0.0,0.0,0.0
60,594,8,149,80,True,False,12,12,0,0,0,0.0,0.0,0.0,0.0,0.0
60,595,8,149,100,True,False,12,12,0,0,0,0.0,0.0,0.0,0.0,0.0
60,596,8,149,151,True,False,12,12,0,0,0,0.0,0.0,0.0,0.0,0.0
60,597,8,149,171,True,True,12,12,6,45,2,0.0,5.0,3.75,0.5,3.75
60,598,8,149,184,True,False,12,12,0,0,0,0.0,0.0,0.0,0.0,0.0
60,599,8,149,230,True,False,12,12,0,0,0,0.0,0.0,0.0,0.0,0.0
60,600,8,149,268,True,False,12,12,0,0,0,0.0,0.0,0.0,0.0,0.0
60,601,8,149,311,True,False,12,12,0,0,0,0.0,0.0,0.0,0.0,0.0
60,602,8,149,315,True,False,12,12,0,0,0,0.0,0.0,0.0,0.0,0.0
60,603,8,149,390,True,False,12,12,0,0,0,0.0,0.0,0.0,0.0,0.0
60,604,8,149,415,True,False,12,12,0,0,0,0.0,0.0,0.0,0.0,0.0
61,722,8,171,4,True,True,21,21,9,130,1,0.0,6.0,6.190476190476191,0.42857142857142855,6.190476190476191
61,723,8,171,8,True,True,21,21,3,8,1,0.0,0.0,0.38095238095238093,0.14285714285714285,0.38095238095238093
61,724,8,171,26,True,False,21,21,0,0,0,0.0,0.0,0.0,0.0,0.0
61,725,8,171,42,True,False,21,21,0,0,0,0.0,0.0,0.0,0.0,0.0
61,726,8,171,109,True,False,21,21,0,0,0,0.0,0.0,0.0,0.0,0.0
61,727,8,171,118,True,False,21,21,0,0,0,0.0,0.0,0.0,0.0,0.0
61,728,8,171,138,True,False,21,21,0,0,0,0.0,0.0,0.0,0.0,0.0
61,729,8,171,151,True,False,21,21,0,0,0,0.0,0.0,0.0,0.0,0.0
61,730,8,171,163,True,False,21,21,0,0,0,0.0,0.0,0.0,0.0,0.0
61,731,8,171,164,True,True,21,21,5,45,1,0.0,3.0,2.142857142857143,0.23809523809523808,2.142857142857143
61,732,8,171,172,True,True,21,21,6,42,1,0.0,0.0,2.0,0.2857142857142857,2.0
61,733,8,171,173,True,False,21,21,0,0,0,0.0,0.0,0.0,0.0,0.0
61,734,8,171,180,True,True,21,21,5,30,1,2.0,5.0,1.4285714285714286,0.23809523809523808,1.4285714285714286
61,735,8,171,259,True,False,21,21,0,0,0,0.0,0.0,0.0,0.0,0.0
61,736,8,171,271,True,False,21,21,0,0,0,0.0,0.0,0.0,0.0,0.0
61,737,8,171,288,True,False,21,21,0,0,0,0.0,0.0,0.0,0.0,0.0
61,738,8,171,297,True,False,21,21,0,0,0,0.0,0.0,0.0,0.0,0.0
61,739,8,171,410,True,False,21,21,0,0,0,0.0,0.0,0.0,0.0,0.0
62,795,8,184,4,True,False,80,80,0,0,0,0.0,0.0,0.0,0.0,0.0
62,796,8,184,8,True,True,80,80,3,9,1,0.0,0.0,0.1125,0.0375,0.1125
62,797,8,184,22,True,True,80,80,31,369,5,0.0,3.0,4.6125,0.3875,4.6125
62,798,8,184,50,True,True,80,80,1,15,1,5.0,8.0,0.1875,0.0125,0.1875
62,799,8,184,79,True,True,80,80,5,25,1,0.0,0.0,0.3125,0.0625,0.3125
62,800,8,184,139,True,False,80,80,0,0,0,0.0,0.0,0.0,0.0,0.0
62,801,8,184,229,True,True,80,80,16,229,2,0.0,4.0,2.8625,0.2,2.8625
62,802,8,184,230,True,True,80,80,1,4,1,0.0,0.0,0.05,0.0125,0.05
62,803,8,184,273,True,True,80,80,36,413,5,0.0,3.0,5.1625,0.45,5.1625
62,804,8,184,288,True,False,80,80,0,0,0,0.0,0.0,0.0,0.0,0.0
62,805,8,184,290,True,False,80,80,0,0,0,0.0,0.0,0.0,0.0,0.0
62,806,8,184,315,True,False,80,80,0,0,0,0.0,0.0,0.0,0.0,0.0
62,807,8,184,383,True,False,80,80,0,0,0,0.0,0.0,0.0,0.0,0.0
63,905,8,229,79,True,True,89,89,31,190,4,0.0,0.0,2.134831460674157,0.34831460674157305,2.134831460674157
63,906,8,229,126,True,False,89,89,0,0,0,0.0,0.0,0.0,0.0,0.0
63,907,8,229,149,True,False,89,89,0,0,0,0.0,0.0,0.0,0.0,0.0
63,908,8,229,157,True,False,89,89,0,0,0,0.0,0.0,0.0,0.0,0.0
63,909,8,229,184,True,True,89,89,15,83,2,0.0,1.0,0.9325842696629213,0.16853932584269662,0.9325842696629213
63,910,8,229,230,True,True,89,89,6,49,1,0.0,2.0,0.550561797752809,0.06741573033707865,0.550561797752809
63,911,8,229,315,True,False,89,89,0,0,0,0.0,0.0,0.0,0.0,0.0
64,912,8,230,4,True,True,165,165,9,107,1,4.0,8.0,0.6484848484848484,0.05454545454545454,0.6484848484848484
64,913,8,230,8,True,True,165,165,25,242,3,0.0,1.0,1.4666666666666666,0.15151515151515152,1.4666666666666666
64,914,8,230,22,True,True,165,165,24,277,4,0.0,2.0,1.6787878787878787,0.14545454545454545,1.6787878787878787
64,915,8,230,50,True,False,165,165,0,0,0,0.0,0.0,0.0,0.0,0.0
64,916,8,230,79,True,True,165,165,12,56,3,0.0,0.0,0.3393939393939394,0.07272727272727272,0.3393939393939394
64,917,8,230,80,True,False,165,165,0,0,0,0.0,0.0,0.0,0.0,0.0
64,918,8,230,100,True,False,165,165,0,0,0,0.0,0.0,0.0,0.0,0.0
64,919,8,230,149,True,True,165,165,3,15,1,0.0,0.0,0.09090909090909091,0.01818181818181818,0.09090909090909091
64,920,8,230,151,True,False,165,165,0,0,0,0.0,0.0,0.0,0.0,0.0
64,921,8,230,171,True,True,165,165,15,193,2,0.0,6.0,1.1696969696969697,0.09090909090909091,1.1696969696969697
64,922,8,230,184,True,True,165,165,23,211,3,0.0,1.0,1.2787878787878788,0.1393939393939394,1.2787878787878788
64,923,8,230,288,True,True,165,165,25,238,3,0.0,5.0,1.4424242424242424,0.15151515151515152,1.4424242424242424
64,924,8,230,311,True,False,165,165,0,0,0,0.0,0.0,0.0,0.0,0.0
64,925,8,230,390,True,True,165,165,1,5,1,0.0,0.0,0.030303030303030304,0.006060606060606061,0.030303030303030304
64,926,8,230,485,True,True,165,165,14,85,2,0.0,1.0,0.5151515151515151,0.08484848484848485,0.5151515151515151
65,1039,8,258,2,True,False,52,52,0,0,0,0.0,0.0,0.0,0.0,0.0
65,1040,8,258,22,True,True,52,52,5,15,1,0.0,0.0,0.28846153846153844,0.09615384615384616,0.28846153846153844
65,1041,8,258,61,True,False,52,52,0,0,0,0.0,0.0,0.0,0.0,0.0
65,1042,8,258,80,True,True,52,52,38,234,3,0.0,1.0,4.5,0.7307692307692307,4.5
65,1043,8,258,126,True,True,52,52,9,51,1,0.0,0.0,0.9807692307692307,0.17307692307692307,0.9807692307692307
65,1044,8,258,151,True,False,52,52,0,0,0,0.0,0.0,0.0,0.0,0.0
65,1045,8,258,175,True,False,52,52,0,0,0,0.0,0.0,0.0,0.0,0.0
65,1046,8,258,311,True,True,52,52,5,5,1,0.0,0.0,0.09615384615384616,0.09615384615384616,0.09615384615384616
65,1047,8,258,390,True,True,52,52,9,29,1,0.0,1.0,0.5576923076923077,0.17307692307692307,0.5576923076923077
65,1048,8,258,415,True,False,52,52,0,0,0,0.0,0.0,0.0,0.0,0.0
66,1240,8,311,4,True,False,16,16,0,0,0,0.0,0.0,0.0,0.0,0.0
66,1241,8,311,80,True,True,16,16,4,20,1,0.0,0.0,1.25,0.25,1.25
66,1242,8,311,118,True,False,16,16,0,0,0,0.0,0.0,0.0,0.0,0.0
66,1243,8,311,138,True,False,16,16,0,0,0,0.0,0.0,0.0,0.0,0.0
66,1244,8,311,149,True,False,16,16,0,0,0,0.0,0.0,0.0,0.0,0.0
66,1245,8,311,151,True,False,16,16,0,0,0,0.0,0.0,0.0,0.0,0.0
66,1246,8,311,163,True,False,16,16,0,0,0,0.0,0.0,0.0,0.0,0.0
66,1247,8,311,171,True,False,16,16,0,0,0,0.0,0.0,0.0,0.0,0.0
66,1248,8,311,288,True,False,16,16,0,0,0,0.0,0.0,0.0,0.0,0.0
66,1249,8,311,371,True,False,16,16,0,0,0,0.0,0.0,0.0,0.0,0.0
66,1250,8,311,390,True,False,16,16,0,0,0,0.0,0.0,0.0,0.0,0.0
66,1251,8,311,415,True,False,16,16,0,0,0,0.0,0.0,0.0,0.0,0.0
67,1263,8,315,50,True,False,8,8,0,0,0,0.0,0.0,0.0,0.0,0.0
67,1264,8,315,100,True,True,8,8,6,90,1,1.0,5.0,11.25,0.75,11.25
67,1265,8,315,184,True,False,8,8,0,0,0,0.0,0.0,0.0,0.0,0.0
67,1266,8,315,229,True,False,8,8,0,0,0,0.0,0.0,0.0,0.0,0.0
67,1267,8,315,230,True,False,8,8,0,0,0,0.0,0.0,0.0,0.0,0.0
67,1268,8,315,485,True,False,8,8,0,0,0,0.0,0.0,0.0,0.0,0.0
68,1553,8,390,2,True,False,7,7,0,0,0,0.0,0.0,0.0,0.0,0.0
68,1554,8,390,8,True,False,7,7,0,0,0,0.0,0.0,0.0,0.0,0.0
68,1555,8,390,22,True,True,7,7,4,50,1,0.0,2.0,7.142857142857143,0.5714285714285714,7.142857142857143
68,1556,8,390,79,True,False,7,7,0,0,0,0.0,0.0,0.0,0.0,0.0
68,1557,8,390,80,True,False,7,7,0,0,0,0.0,0.0,0.0,0.0,0.0
68,1558,8,390,138,True,False,7,7,0,0,0,0.0,0.0,0.0,0.0,0.0
68,1559,8,390,149,True,False,7,7,0,0,0,0.0,0.0,0.0,0.0,0.0
68,1560,8,390,151,True,False,7,7,0,0,0,0.0,0.0,0.0,0.0,0.0
68,1561,8,390,171,True,True,7,7,3,6,1,0.0,0.0,0.8571428571428571,0.42857142857142855,0.8571428571428571
68,1562,8,390,175,True,False,7,7,0,0,0,0.0,0.0,0.0,0.0,0.0
68,1563,8,390,230,True,False,7,7,0,0,0,0.0,0.0,0.0,0.0,0.0
68,1564,8,390,258,True,False,7,7,0,0,0,0.0,0.0,0.0,0.0,0.0
68,1565,8,390,268,True,False,7,7,0,0,0,0.0,0.0,0.0,0.0,0.0
68,1566,8,390,294,True,False,7,7,0,0,0,0.0,0.0,0.0,0.0,0.0
68,1567,8,390,311,True,True,7,7,3,3,1,0.0,0.0,0.42857142857142855,0.42857142857142855,0.42857142857142855
69,404,10,109,30,True,False,7,7,0,0,0,0.0,0.0,0.0,0.0,0.0
69,405,10,109,140,True,False,7,7,0,0,0,0.0,0.0,0.0,0.0,0.0
69,406,10,109,146,True,False,7,7,0,0,0,0.0,0.0,0.0,0.0,0.0
69,407,10,109,163,True,False,7,7,0,0,0,0.0,0.0,0.0,0.0,0.0
69,408,10,109,205,True,False,7,7,0,0,0,0.0,0.0,0.0,0.0,0.0
69,409,10,109,259,True,True,7,7,5,8,1,0.0,0.0,1.1428571428571428,0.7142857142857143,1.1428571428571428
69,410,10,109,328,True,False,7,7,0,0,0,0.0,0.0,0.0,0.0,0.0
69,411,10,109,371,True,False,7,7,0,0,0,0.0,0.0,0.0,0.0,0.0
69,412,10,109,404,True,False,7,7,0,0,0,0.0,0.0,0.0,0.0,0.0
69,413,10,109,405,True,False,7,7,0,0,0,0.0,0.0,0.0,0.0,0.0
69,414,10,109,430,True,False,7,7,0,0,0,0.0,0.0,0.0,0.0,0.0
69,415,10,109,487,True,False,7,7,0,0,0,0.0,0.0,0.0,0.0,0.0
69,416,10,109,494,True,False,7,7,0,0,0,0.0,0.0,0.0,0.0,0.0
70,417,10,112,140,True,False,25,25,0,0,0,0.0,0.0,0.0,0.0,0.0
70,418,10,112,213,True,False,25,25,0,0,0,0.0,0.0,0.0,0.0,0.0
70,419,10,112,259,True,True,25,25,7,11,1,0.0,0.0,0.44,0.28,0.44
70,420,10,112,297,True,False,25,25,0,0,0,0.0,0.0,0.0,0.0,0.0
70,421,10,112,324,True,False,25,25,0,0,0,0.0,0.0,0.0,0.0,0.0
70,422,10,112,378,True,False,25,25,0,0,0,0.0,0.0,0.0,0.0,0.0
70,423,10,112,382,True,False,25,25,0,0,0,0.0,0.0,0.0,0.0,0.0
70,424,10,112,497,True,True,25,25,18,28,2,0.0,0.0,1.12,0.72,1.12
71,446,10,117,10,True,True,6,6,6,34,2,0.0,0.0,5.666666666666667,1.0,5.666666666666667
71,447,10,117,16,True,False,6,6,0,0,0,0.0,0.0,0.0,0.0,0.0
71,448,10,117,80,True,False,6,6,0,0,0,0.0,0.0,0.0,0.0,0.0
71,449,10,117,199,True,True,6,6,2,11,1,0.0,0.0,1.8333333333333333,0.3333333333333333,1.8333333333333333
71,450,10,117,238,True,False,6,6,0,0,0,0.0,0.0,0.0,0.0,0.0
71,451,10,117,268,True,False,6,6,0,0,0,0.0,0.0,0.0,0.0,0.0
71,452,10,117,281,True,False,6,6,0,0,0,0.0,0.0,0.0,0.0,0.0
71,453,10,117,294,True,False,6,6,0,0,0,0.0,0.0,0.0,0.0,0.0
71,454,10,117,317,True,False,6,6,0,0,0,0.0,0.0,0.0,0.0,0.0
71,455,10,117,324,True,False,6,6,0,0,0,0.0,0.0,0.0,0.0,0.0
71,456,10,117,378,True,False,6,6,0,0,0,0.0,0.0,0.0,0.0,0.0
71,457,10,117,383,True,False,6,6,0,0,0,0.0,0.0,0.0,0.0,0.0
71,458,10,117,387,True,False,6,6,0,0,0,0.0,0.0,0.0,0.0,0.0
71,459,10,117,455,True,False,6,6,0,0,0,0.0,0.0,0.0,0.0,0.0
71,460,10,117,462,True,False,6,6,0,0,0,0.0,0.0,0.0,0.0,0.0
71,461,10,117,494,True,False,6,6,0,0,0,0.0,0.0,0.0,0.0,0.0
72,747,10,173,1,True,False,26,26,0,0,0,0.0,0.0,0.0,0.0,0.0
72,748,10,173,42,True,False,26,26,0,0,0,0.0,0.0,0.0,0.0,0.0
72,749,10,173,118,True,False,26,26,0,0,0,0.0,0.0,0.0,0.0,0.0
72,750,10,173,138,True,False,26,26,0,0,0,0.0,0.0,0.0,0.0,0.0
72,751,10,173,146,True,False,26,26,0,0,0,0.0,0.0,0.0,0.0,0.0
72,752,10,173,171,True,False,26,26,0,0,0,0.0,0.0,0.0,0.0,0.0
72,753,10,173,222,True,False,26,26,0,0,0,0.0,0.0,0.0,0.0,0.0
72,754,10,173,271,True,False,26,26,0,0,0,0.0,0.0,0.0,0.0,0.0
72,755,10,173,297,True,False,26,26,0,0,0,0.0,0.0,0.0,0.0,0.0
72,756,10,173,340,True,False,26,26,0,0,0,0.0,0.0,0.0,0.0,0.0
72,757,10,173,405,True,False,26,26,0,0,0,0.0,0.0,0.0,0.0,0.0
73,932,10,238,10,True,True,10,10,10,17,2,0.0,1.0,1.7,1.0,1.7
73,933,10,238,80,True,False,10,10,0,0,0,0.0,0.0,0.0,0.0,0.0
73,934,10,238,117,True,False,10,10,0,0,0,0.0,0.0,0.0,0.0,0.0
73,935,10,238,149,True,False,10,10,0,0,0,0.0,0.0,0.0,0.0,0.0
73,936,10,238,199,True,False,10,10,0,0,0,0.0,0.0,0.0,0.0,0.0
73,937,10,238,294,True,True,10,10,5,14,1,0.0,2.0,1.4,0.5,1.4
73,938,10,238,317,True,False,10,10,0,0,0,0.0,0.0,0.0,0.0,0.0
73,939,10,238,387,True,True,10,10,5,20,1,0.0,0.0,2.0,0.5,2.0
73,940,10,238,404,True,False,10,10,0,0,0,0.0,0.0,0.0,0.0,0.0
73,941,10,238,494,True,False,10,10,0,0,0,0.0,0.0,0.0,0.0,0.0
74,1099,10,268,112,True,True,15,15,15,77,2,0.0,5.0,5.133333333333334,1.0,5.133333333333334
74,1100,10,268,171,True,False,15,15,0,0,0,0.0,0.0,0.0,0.0,0.0
74,1101,10,268,173,True,False,15,15,0,0,0,0.0,0.0,0.0,0.0,0.0
74,1102,10,268,205,True,True,15,15,9,36,1,4.0,7.0,2.4,0.6,2.4
74,1103,10,268,271,True,False,15,15,0,0,0,0.0,0.0,0.0,0.0,0.0
74,1104,10,268,297,True,True,15,15,15,55,2,0.0,3.0,3.6666666666666665,1.0,3.6666666666666665
74,1105,10,268,371,True,True,15,15,6,6,1,0.0,2.0,0.4,0.4,0.4
74,1106,10,268,390,True,False,15,15,0,0,0,0.0,0.0,0.0,0.0,0.0
74,1107,10,268,410,True,False,15,15,0,0,0,0.0,0.0,0.0,0.0,0.0
75,1153,10,281,13,True,True,10,10,6,6,1,6.0,7.5,0.6,0.6,0.6
75,1154,10,281,21,True,True,10,10,1,4,1,2.0,3.5,0.4,0.1,0.4
75,1155,10,281,61,True,False,10,10,0,0,0,0.0,0.0,0.0,0.0,0.0
75,1156,10,281,74,True,True,10,10,1,1,1,5.0,5.0,0.1,0.1,0.1
75,1157,10,281,117,True,False,10,10,0,0,0,0.0,0.0,0.0,0.0,0.0
75,1158,10,281,141,True,True,10,10,1,5,1,3.0,4.0,0.5,0.1,0.5
75,1159,10,281,179,True,False,10,10,0,0,0,0.0,0.0,0.0,0.0,0.0
75,1160,10,281,186,True,False,10,10,0,0,0,0.0,0.0,0.0,0.0,0.0
75,1161,10,281,199,True,False,10,10,0,0,0,0.0,0.0,0.0,0.0,0.0
75,1162,10,281,313,True,True,10,10,9,48,2,3.0,6.0,4.8,0.9,4.8
75,1163,10,281,387,True,False,10,10,0,0,0,0.0,0.0,0.0,0.0,0.0
76,1184,10,294,21,True,True,77,77,2,2,1,9.0,9.5,0.025974025974025976,0.025974025974025976,0.025974025974025976
76,1185,10,294,22,True,False,77,77,0,0,0,0.0,0.0,0.0,0.0,0.0
76,1186,10,294,61,True,True,77,77,7,9,2,4.0,8.0,0.11688311688311688,0.09090909090909091,0.11688311688311688
76,1187,10,294,117,True,False,77,77,0,0,0,0.0,0.0,0.0,0.0,0.0
76,1188,10,294,141,True,False,77,77,0,0,0,0.0,0.0,0.0,0.0,0.0
76,1189,10,294,169,True,False,77,77,0,0,0,0.0,0.0,0.0,0.0,0.0
76,1190,10,294,175,True,False,77,77,0,0,0,0.0,0.0,0.0,0.0,0.0
76,1191,10,294,179,True,False,77,77,0,0,0,0.0,0.0,0.0,0.0,0.0
76,1192,10,294,186,True,False,77,77,0,0,0,0.0,0.0,0.0,0.0,0.0
76,1193,10,294,281,True,True,77,77,68,796,7,0.0,4.0,10.337662337662337,0.8831168831168831,10.337662337662337
76,1194,10,294,313,True,True,77,77,3,3,1,8.0,9.0,0.03896103896103896,0.03896103896103896,0.03896103896103896
76,1195,10,294,433,True,False,77,77,0,0,0,0.0,0.0,0.0,0.0,0.0
76,1196,10,294,455,True,True,77,77,9,78,2,2.0,6.5,1.0129870129870129,0.11688311688311688,1.0129870129870129
77,1323,10,324,16,True,False,443,443,0,0,0,0.0,0.0,0.0,0.0,0.0
77,1324,10,324,26,True,False,443,443,0,0,0,0.0,0.0,0.0,0.0,0.0
77,1325,10,324,112,True,True,443,443,272,1548,17,0.0,8.0,3.494356659142212,0.6139954853273137,3.494356659142212
77,1326,10,324,213,True,True,443,443,111,322,11,5.0,9.0,0.7268623024830699,0.2505643340857788,0.7268623024830699
77,1327,10,324,378,True,True,443,443,19,255,2,0.0,3.0,0.5756207674943566,0.04288939051918736,0.5756207674943566
77,1328,10,324,382,True,False,443,443,0,0,0,0.0,0.0,0.0,0.0,0.0
77,1329,10,324,497,True,True,443,443,144,1661,10,0.0,4.0,3.749435665914221,0.32505643340857787,3.749435665914221
78,1471,10,378,26,True,False,31,31,0,0,0,0.0,0.0,0.0,0.0,0.0
78,1472,10,378,46,True,False,31,31,0,0,0,0.0,0.0,0.0,0.0,0.0
78,1473,10,378,112,True,True,31,31,31,145,2,2.0,8.0,4.67741935483871,1.0,4.67741935483871
78,1474,10,378,213,True,True,31,31,4,6,1,9.0,10.0,0.1935483870967742,0.12903225806451613,0.1935483870967742
78,1475,10,378,238,True,False,31,31,0,0,0,0.0,0.0,0.0,0.0,0.0
78,1476,10,378,294,True,False,31,31,0,0,0,0.0,0.0,0.0,0.0,0.0
78,1477,10,378,324,True,True,31,31,1,5,1,0.0,0.0,0.16129032258064516,0.03225806451612903,0.16129032258064516
78,1478,10,378,382,True,False,31,31,0,0,0,0.0,0.0,0.0,0.0,0.0
78,1479,10,378,462,True,False,31,31,0,0,0,0.0,0.0,0.0,0.0,0.0
79,1534,10,387,6,True,False,180,180,0,0,0,0.0,0.0,0.0,0.0,0.0
79,1535,10,387,10,True,True,180,180,24,99,3,0.0,0.0,0.55,0.13333333333333333,0.55
79,1536,10,387,117,True,False,180,180,0,0,0,0.0,0.0,0.0,0.0,0.0
79,1537,10,387,175,True,False,180,180,0,0,0,0.0,0.0,0.0,0.0,0.0
79,1538,10,387,281,True,True,180,180,135,1757,14,0.0,4.0,9.761111111111111,0.75,9.761111111111111
79,1539,10,387,294,True,True,180,180,5,15,1,0.0,1.0,0.08333333333333333,0.027777777777777776,0.08333333333333333
79,1540,10,387,309,True,False,180,180,0,0,0,0.0,0.0,0.0,0.0,0.0
79,1541,10,387,383,True,False,180,180,0,0,0,0.0,0.0,0.0,0.0,0.0
79,1542,10,387,455,True,False,180,180,0,0,0,0.0,0.0,0.0,0.0,0.0
80,1744,10,462,16,True,False,99,99,0,0,0,0.0,0.0,0.0,0.0,0.0
80,1745,10,462,26,True,True,99,99,30,48,3,3.0,7.5,0.48484848484848486,0.30303030303030304,0.48484848484848486
80,1746,10,462,30,True,False,99,99,0,0,0,0.0,0.0,0.0,0.0,0.0
80,1747,10,462,46,True,True,99,99,3,5,1,9.0,10.0,0.050505050505050504,0.030303030303030304,0.050505050505050504
80,1748,10,462,109,True,False,99,99,0,0,0,0.0,0.0,0.0,0.0,0.0
80,1749,10,462,266,True,False,99,99,0,0,0,0.0,0.0,0.0,0.0,0.0
80,1750,10,462,324,True,True,99,99,5,33,1,0.0,1.0,0.3333333333333333,0.050505050505050504,0.3333333333333333
80,1751,10,462,378,True,False,99,99,0,0,0,0.0,0.0,0.0,0.0,0.0
80,1752,10,462,430,True,False,99,99,0,0,0,0.0,0.0,0.0,0.0,0.0
80,1753,10,462,487,True,False,99,99,0,0,0,0.0,0.0,0.0,0.0,0.0
80,1754,10,462,497,True,True,99,99,90,1194,7,0.0,4.0,12.06060606060606,0.9090909090909091,12.06060606060606
81,1862,10,497,26,True,True,152,152,16,135,2,3.0,9.0,0.8881578947368421,0.10526315789473684,0.8881578947368421
81,1863,10,497,46,True,True,152,152,22,28,3,4.0,8.0,0.18421052631578946,0.14473684210526316,0.18421052631578946
81,1864,10,497,112,True,True,152,152,107,1282,4,0.0,5.0,8.43421052631579,0.7039473684210527,8.43421052631579
81,1865,10,497,213,True,True,152,152,98,337,5,0.0,6.0,2.2171052631578947,0.6447368421052632,2.2171052631578947
81,1866,10,497,324,True,False,152,152,0,0,0,0.0,0.0,0.0,0.0,0.0
81,1867,10,497,382,True,True,152,152,5,5,1,8.0,9.0,0.03289473684210526,0.03289473684210526,0.03289473684210526
81,1868,10,497,462,True,True,152,152,16,67,2,0.0,1.0,0.4407894736842105,0.10526315789473684,0.4407894736842105
82,30,12,6,13,True,False,11,11,0,0,0,0.0,0.0,0.0,0.0,0.0
82,31,12,6,21,True,False,11,11,0,0,0,0.0,0.0,0.0,0.0,0.0
82,32,12,6,125,True,False,11,11,0,0,0,0.0,0.0,0.0,0.0,0.0
82,33,12,6,156,True,False,11,11,0,0,0,0.0,0.0,0.0,0.0,0.0
82,34,12,6,179,True,False,11,11,0,0,0,0.0,0.0,0.0,0.0,0.0
82,35,12,6,186,True,False,11,11,0,0,0,0.0,0.0,0.0,0.0,0.0
82,36,12,6,243,True,False,11,11,0,0,0,0.0,0.0,0.0,0.0,0.0
82,37,12,6,245,True,False,11,11,0,0,0,0.0,0.0,0.0,0.0,0.0
82,38,12,6,309,True,False,11,11,0,0,0,0.0,0.0,0.0,0.0,0.0
82,39,12,6,313,True,False,11,11,0,0,0,0.0,0.0,0.0,0.0,0.0
82,40,12,6,319,True,False,11,11,0,0,0,0.0,0.0,0.0,0.0,0.0
82,41,12,6,381,True,False,11,11,0,0,0,0.0,0.0,0.0,0.0,0.0
83,281,12,58,13,True,False,3,3,0,0,0,0.0,0.0,0.0,0.0,0.0
83,282,12,58,21,True,False,3,3,0,0,0,0.0,0.0,0.0,0.0,0.0
83,283,12,58,84,True,False,3,3,0,0,0,0.0,0.0,0.0,0.0,0.0
83,284,12,58,129,True,False,3,3,0,0,0,0.0,0.0,0.0,0.0,0.0
83,285,12,58,156,True,False,3,3,0,0,0,0.0,0.0,0.0,0.0,0.0
83,286,12,58,179,True,False,3,3,0,0,0,0.0,0.0,0.0,0.0,0.0
83,287,12,58,186,True,False,3,3,0,0,0,0.0,0.0,0.0,0.0,0.0
83,288,12,58,243,True,False,3,3,0,0,0,0.0,0.0,0.0,0.0,0.0
83,289,12,58,245,True,False,3,3,0,0,0,0.0,0.0,0.0,0.0,0.0
83,290,12,58,381,True,False,3,3,0,0,0,0.0,0.0,0.0,0.0,0.0
83,291,12,58,389,True,False,3,3,0,0,0,0.0,0.0,0.0,0.0,0.0
83,292,12,58,449,True,False,3,3,0,0,0,0.0,0.0,0.0,0.0,0.0
84,425,12,113,7,True,False,13,13,0,0,0,0.0,0.0,0.0,0.0,0.0
84,426,12,113,133,True,False,13,13,0,0,0,0.0,0.0,0.0,0.0,0.0
84,427,12,113,143,True,False,13,13,0,0,0,0.0,0.0,0.0,0.0,0.0
84,428,12,113,157,True,False,13,13,0,0,0,0.0,0.0,0.0,0.0,0.0
84,429,12,113,196,True,False,13,13,0,0,0,0.0,0.0,0.0,0.0,0.0
84,430,12,113,279,True,True,13,13,2,2,1,0.0,0.0,0.15384615384615385,0.15384615384615385,0.15384615384615385
84,431,12,113,318,True,False,13,13,0,0,0,0.0,0.0,0.0,0.0,0.0
84,432,12,113,440,True,True,13,13,5,5,1,1.0,2.0,0.38461538461538464,0.38461538461538464,0.38461538461538464
84,433,12,113,509,True,False,13,13,0,0,0,0.0,0.0,0.0,0.0,0.0
85,465,12,121,2,True,False,13,13,0,0,0,0.0,0.0,0.0,0.0,0.0
85,466,12,121,22,True,False,13,13,0,0,0,0.0,0.0,0.0,0.0,0.0
85,467,12,121,113,True,False,13,13,0,0,0,0.0,0.0,0.0,0.0,0.0
85,468,12,121,139,True,False,13,13,0,0,0,0.0,0.0,0.0,0.0,0.0
85,469,12,121,144,True,True,13,13,5,25,4,0.0,0.0,1.9230769230769231,0.38461538461538464,1.9230769230769231
85,470,12,121,175,True,False,13,13,0,0,0,0.0,0.0,0.0,0.0,0.0
85,471,12,121,251,True,True,13,13,5,21,5,0.0,0.0,1.6153846153846154,0.38461538461538464,1.6153846153846154
85,472,12,121,273,True,False,13,13,0,0,0,0.0,0.0,0.0,0.0,0.0
85,473,12,121,481,True,True,13,13,1,5,1,0.0,0.0,0.38461538461538464,0.07692307692307693,0.38461538461538464
86,558,12,144,2,True,False,66,66,0,0,0,0.0,0.0,0.0,0.0,0.0
86,559,12,144,21,True,False,66,66,0,0,0,0.0,0.0,0.0,0.0,0.0
86,560,12,144,22,True,False,66,66,0,0,0,0.0,0.0,0.0,0.0,0.0
86,561,12,144,31,True,False,66,66,0,0,0,0.0,0.0,0.0,0.0,0.0
86,562,12,144,61,True,False,66,66,0,0,0,0.0,0.0,0.0,0.0,0.0
86,563,12,144,74,True,False,66,66,0,0,0,0.0,0.0,0.0,0.0,0.0
86,564,12,144,79,True,True,66,66,18,143,2,0.0,8.0,2.1666666666666665,0.2727272727272727,2.1666666666666665
86,565,12,144,126,True,True,66,66,29,331,4,0.0,4.0,5.015151515151516,0.4393939393939394,5.015151515151516
86,566,12,144,139,True,False,66,66,0,0,0,0.0,0.0,0.0,0.0,0.0
86,567,12,144,179,True,False,66,66,0,0,0,0.0,0.0,0.0,0.0,0.0
86,568,12,144,186,True,False,66,66,0,0,0,0.0,0.0,0.0,0.0,0.0
86,569,12,144,229,True,False,66,66,0,0,0,0.0,0.0,0.0,0.0,0.0
86,570,12,144,248,True,False,66,66,0,0,0,0.0,0.0,0.0,0.0,0.0
86,571,12,144,315,True,False,66,66,0,0,0,0.0,0.0,0.0,0.0,0.0
86,572,12,144,488,True,False,66,66,0,0,0,0.0,0.0,0.0,0.0,0.0
87,946,12,243,6,True,False,30,30,0,0,0,0.0,0.0,0.0,0.0,0.0
87,947,12,243,21,True,False,30,30,0,0,0,0.0,0.0,0.0,0.0,0.0
87,948,12,243,84,True,False,30,30,0,0,0,0.0,0.0,0.0,0.0,0.0
87,949,12,243,85,True,False,30,30,0,0,0,0.0,0.0,0.0,0.0,0.0
87,950,12,243,115,True,False,30,30,0,0,0,0.0,0.0,0.0,0.0,0.0
87,951,12,243,125,True,False,30,30,0,0,0,0.0,0.0,0.0,0.0,0.0
87,952,12,243,129,True,False,30,30,0,0,0,0.0,0.0,0.0,0.0,0.0
87,953,12,243,156,True,False,30,30,0,0,0,0.0,0.0,0.0,0.0,0.0
87,954,12,243,179,True,False,30,30,0,0,0,0.0,0.0,0.0,0.0,0.0
87,955,12,243,199,True,False,30,30,0,0,0,0.0,0.0,0.0,0.0,0.0
87,956,12,243,217,True,True,30,30,4,6,1,0.0,0.0,0.2,0.13333333333333333,0.2
87,957,12,243,319,True,False,30,30,0,0,0,0.0,0.0,0.0,0.0,0.0
87,958,12,243,385,True,False,30,30,0,0,0,0.0,0.0,0.0,0.0,0.0
87,959,12,243,402,True,False,30,30,0,0,0,0.0,0.0,0.0,0.0,0.0
87,960,12,243,508,True,False,30,30,0,0,0,0.0,0.0,0.0,0.0,0.0
88,997,12,251,21,True,False,50,50,0,0,0,0.0,0.0,0.0,0.0,0.0
88,998,12,251,88,True,False,50,50,0,0,0,0.0,0.0,0.0,0.0,0.0
88,999,12,251,113,True,True,50,50,8,44,2,0.0,1.0,0.88,0.16,0.88
88,1000,12,251,156,True,False,50,50,0,0,0,0.0,0.0,0.0,0.0,0.0
88,1001,12,251,157,True,False,50,50,0,0,0,0.0,0.0,0.0,0.0,0.0
88,1002,12,251,161,True,False,50,50,0,0,0,0.0,0.0,0.0,0.0,0.0
88,1003,12,251,179,True,False,50,50,0,0,0,0.0,0.0,0.0,0.0,0.0
88,1004,12,251,186,True,False,50,50,0,0,0,0.0,0.0,0.0,0.0,0.0
88,1005,12,251,245,True,False,50,50,0,0,0,0.0,0.0,0.0,0.0,0.0
88,1006,12,251,253,True,False,50,50,0,0,0,0.0,0.0,0.0,0.0,0.0
88,1007,12,251,279,True,True,50,50,13,187,3,0.0,3.0,3.74,0.26,3.74
88,1008,12,251,319,True,False,50,50,0,0,0,0.0,0.0,0.0,0.0,0.0
88,1009,12,251,381,True,False,50,50,0,0,0,0.0,0.0,0.0,0.0,0.0
88,1010,12,251,449,True,False,50,50,0,0,0,0.0,0.0,0.0,0.0,0.0
89,1312,12,321,21,True,False,162,162,0,0,0,0.0,0.0,0.0,0.0,0.0
89,1313,12,321,113,True,True,162,162,6,12,1,0.0,0.5,0.07407407407407407,0.037037037037037035,0.07407407407407407
89,1314,12,321,156,True,False,162,162,0,0,0,0.0,0.0,0.0,0.0,0.0
89,1315,12,321,179,True,False,162,162,0,0,0,0.0,0.0,0.0,0.0,0.0
89,1316,12,321,251,True,True,162,162,4,18,2,0.0,0.0,0.1111111111111111,0.024691358024691357,0.1111111111111111
89,1317,12,321,253,True,False,162,162,0,0,0,0.0,0.0,0.0,0.0,0.0
89,1318,12,321,261,True,True,162,162,51,659,4,0.0,4.0,4.067901234567901,0.3148148148148148,4.067901234567901
89,1319,12,321,319,True,False,162,162,0,0,0,0.0,0.0,0.0,0.0,0.0
89,1320,12,321,440,True,True,162,162,12,120,1,2.0,6.5,0.7407407407407407,0.07407407407407407,0.7407407407407407
89,1321,12,321,481,True,True,162,162,12,121,2,0.0,1.0,0.7469135802469136,0.07407407407407407,0.7469135802469136
89,1322,12,321,488,True,False,162,162,0,0,0,0.0,0.0,0.0,0.0,0.0
90,1350,12,335,21,True,False,24,24,0,0,0,0.0,0.0,0.0,0.0,0.0
90,1351,12,335,61,True,False,24,24,0,0,0,0.0,0.0,0.0,0.0,0.0
90,1352,12,335,141,True,False,24,24,0,0,0,0.0,0.0,0.0,0.0,0.0
90,1353,12,335,156,True,False,24,24,0,0,0,0.0,0.0,0.0,0.0,0.0
90,1354,12,335,179,True,False,24,24,0,0,0,0.0,0.0,0.0,0.0,0.0
90,1355,12,335,186,True,False,24,24,0,0,0,0.0,0.0,0.0,0.0,0.0
90,1356,12,335,248,True,False,24,24,0,0,0,0.0,0.0,0.0,0.0,0.0
90,1357,12,335,488,True,False,24,24,0,0,0,0.0,0.0,0.0,0.0,0.0
90,1358,12,335,508,True,True,24,24,2,14,1,0.0,0.0,0.5833333333333334,0.08333333333333333,0.5833333333333334
91,1755,12,463,6,True,True,19,19,1,1,1,0.0,0.0,0.05263157894736842,0.05263157894736842,0.05263157894736842
91,1756,12,463,58,True,True,19,19,3,3,3,0.0,0.0,0.15789473684210525,0.15789473684210525,0.15789473684210525
91,1757,12,463,117,True,False,19,19,0,0,0,0.0,0.0,0.0,0.0,0.0
91,1758,12,463,169,True,False,19,19,0,0,0,0.0,0.0,0.0,0.0,0.0
91,1759,12,463,199,True,False,19,19,0,0,0,0.0,0.0,0.0,0.0,0.0
91,1760,12,463,217,True,False,19,19,0,0,0,0.0,0.0,0.0,0.0,0.0
91,1761,12,463,243,True,True,19,19,4,10,4,0.0,0.0,0.5263157894736842,0.21052631578947367,0.5263157894736842
91,1762,12,463,262,True,False,19,19,0,0,0,0.0,0.0,0.0,0.0,0.0
91,1763,12,463,281,True,False,19,19,0,0,0,0.0,0.0,0.0,0.0,0.0
91,1764,12,463,335,True,True,19,19,6,22,5,0.0,0.0,1.1578947368421053,0.3157894736842105,1.1578947368421053
91,1765,12,463,361,True,False,19,19,0,0,0,0.0,0.0,0.0,0.0,0.0
91,1766,12,463,383,True,False,19,19,0,0,0,0.0,0.0,0.0,0.0,0.0
91,1767,12,463,433,True,False,19,19,0,0,0,0.0,0.0,0.0,0.0,0.0
91,1768,12,463,455,True,False,19,19,0,0,0,0.0,0.0,0.0,0.0,0.0
91,1769,12,463,508,True,True,19,19,1,3,1,0.0,0.0,0.15789473684210525,0.05263157894736842,0.15789473684210525
92,1801,12,481,21,True,False,164,164,0,0,0,0.0,0.0,0.0,0.0,0.0
92,1802,12,481,74,True,False,164,164,0,0,0,0.0,0.0,0.0,0.0,0.0
92,1803,12,481,113,True,True,164,164,21,99,3,0.0,1.0,0.6036585365853658,0.12804878048780488,0.6036585365853658
92,1804,12,481,179,True,False,164,164,0,0,0,0.0,0.0,0.0,0.0,0.0
92,1805,12,481,253,True,False,164,164,0,0,0,0.0,0.0,0.0,0.0,0.0
92,1806,12,481,261,True,True,164,164,12,147,2,0.0,4.0,0.8963414634146342,0.07317073170731707,0.8963414634146342
92,1807,12,481,319,True,False,164,164,0,0,0,0.0,0.0,0.0,0.0,0.0
93,30,13,6,13,True,False,36,36,0,0,0,0.0,0.0,0.0,0.0,0.0
93,31,13,6,21,True,False,36,36,0,0,0,0.0,0.0,0.0,0.0,0.0
93,32,13,6,125,True,False,36,36,0,0,0,0.0,0.0,0.0,0.0,0.0
93,33,13,6,156,True,False,36,36,0,0,0,0.0,0.0,0.0,0.0,0.0
93,34,13,6,179,True,False,36,36,0,0,0,0.0,0.0,0.0,0.0,0.0
93,35,13,6,186,True,False,36,36,0,0,0,0.0,0.0,0.0,0.0,0.0
93,36,13,6,243,True,False,36,36,0,0,0,0.0,0.0,0.0,0.0,0.0
93,37,13,6,245,True,False,36,36,0,0,0,0.0,0.0,0.0,0.0,0.0
93,38,13,6,309,True,True,36,36,11,93,4,5.0,9.0,2.5833333333333335,0.3055555555555556,2.5833333333333335
93,39,13,6,313,True,False,36,36,0,0,0,0.0,0.0,0.0,0.0,0.0
93,40,13,6,319,True,False,36,36,0,0,0,0.0,0.0,0.0,0.0,0.0
93,41,13,6,381,True,False,36,36,0,0,0,0.0,0.0,0.0,0.0,0.0
94,205,13,34,6,True,True,200,200,34,111,16,0.0,0.0,0.555,0.17,0.555
94,206,13,34,58,True,True,200,200,22,56,9,0.0,0.0,0.28,0.11,0.28
94,207,13,34,113,True,True,200,200,2,11,1,0.0,0.0,0.055,0.01,0.055
94,208,13,34,217,True,True,200,200,8,40,3,0.0,0.0,0.2,0.04,0.2
94,209,13,34,243,True,True,200,200,96,438,35,0.0,0.0,2.19,0.48,2.19
94,210,13,34,251,True,False,200,200,0,0,0,0.0,0.0,0.0,0.0,0.0
94,211,13,34,262,True,True,200,200,7,42,3,0.0,0.0,0.21,0.035,0.21
94,212,13,34,321,True,False,200,200,0,0,0,0.0,0.0,0.0,0.0,0.0
94,213,13,34,361,True,True,200,200,3,13,2,0.0,0.0,0.065,0.015,0.065
94,214,13,34,481,True,False,200,200,0,0,0,0.0,0.0,0.0,0.0,0.0
94,215,13,34,508,True,True,200,200,4,10,3,0.0,0.0,0.05,0.02,0.05
95,281,13,58,13,True,False,13,13,0,0,0,0.0,0.0,0.0,0.0,0.0
95,282,13,58,21,True,False,13,13,0,0,0,0.0,0.0,0.0,0.0,0.0
95,283,13,58,84,True,True,13,13,2,6,1,8.0,9.0,0.46153846153846156,0.15384615384615385,0.46153846153846156
95,284,13,58,129,True,False,13,13,0,0,0,0.0,0.0,0.0,0.0,0.0
95,285,13,58,156,True,False,13,13,0,0,0,0.0,0.0,0.0,0.0,0.0
95,286,13,58,179,True,False,13,13,0,0,0,0.0,0.0,0.0,0.0,0.0
95,287,13,58,186,True,False,13,13,0,0,0,0.0,0.0,0.0,0.0,0.0
95,288,13,58,243,True,False,13,13,0,0,0,0.0,0.0,0.0,0.0,0.0
95,289,13,58,245,True,False,13,13,0,0,0,0.0,0.0,0.0,0.0,0.0
95,290,13,58,381,True,False,13,13,0,0,0,0.0,0.0,0.0,0.0,0.0
95,291,13,58,389,True,False,13,13,0,0,0,0.0,0.0,0.0,0.0,0.0
95,292,13,58,449,True,False,13,13,0,0,0,0.0,0.0,0.0,0.0,0.0
96,703,13,169,13,True,False,62,62,0,0,0,0.0,0.0,0.0,0.0,0.0
96,704,13,169,21,True,False,62,62,0,0,0,0.0,0.0,0.0,0.0,0.0
96,705,13,169,39,True,True,62,62,11,85,5,0.0,5.0,1.3709677419354838,0.1774193548387097,1.3709677419354838
96,706,13,169,61,True,False,62,62,0,0,0,0.0,0.0,0.0,0.0,0.0
96,707,13,169,129,True,False,62,62,0,0,0,0.0,0.0,0.0,0.0,0.0
96,708,13,169,139,True,True,62,62,8,16,4,0.0,0.5,0.25806451612903225,0.12903225806451613,0.25806451612903225
96,709,13,169,141,True,False,62,62,0,0,0,0.0,0.0,0.0,0.0,0.0
96,710,13,169,156,True,False,62,62,0,0,0,0.0,0.0,0.0,0.0,0.0
96,711,13,169,179,True,False,62,62,0,0,0,0.0,0.0,0.0,0.0,0.0
96,712,13,169,186,True,False,62,62,0,0,0,0.0,0.0,0.0,0.0,0.0
96,713,13,169,199,True,True,62,62,27,154,10,0.0,1.0,2.4838709677419355,0.43548387096774194,2.4838709677419355
96,714,13,169,248,True,False,62,62,0,0,0,0.0,0.0,0.0,0.0,0.0
96,715,13,169,383,True,False,62,62,0,0,0,0.0,0.0,0.0,0.0,0.0
96,716,13,169,433,True,True,62,62,5,22,3,0.0,0.0,0.3548387096774194,0.08064516129032258,0.3548387096774194
96,717,13,169,455,True,True,62,62,17,92,5,0.0,1.0,1.4838709677419355,0.27419354838709675,1.4838709677419355
96,718,13,169,508,True,True,62,62,31,189,11,0.0,1.0,3.0483870967741935,0.5,3.0483870967741935
97,946,13,243,6,True,True,113,113,1,1,1,0.0,0.0,0.008849557522123894,0.008849557522123894,0.008849557522123894
97,947,13,243,21,True,False,113,113,0,0,0,0.0,0.0,0.0,0.0,0.0
97,948,13,243,84,True,False,113,113,0,0,0,0.0,0.0,0.0,0.0,0.0
97,949,13,243,85,True,False,113,113,0,0,0,0.0,0.0,0.0,0.0,0.0
97,950,13,243,115,True,True,113,113,4,30,2,4.0,7.0,0.26548672566371684,0.035398230088495575,0.26548672566371684
97,951,13,243,125,True,True,113,113,2,30,1,0.0,3.0,0.26548672566371684,0.017699115044247787,0.26548672566371684
97,952,13,243,129,True,False,113,113,0,0,0,0.0,0.0,0.0,0.0,0.0
97,953,13,243,156,True,False,113,113,0,0,0,0.0,0.0,0.0,0.0,0.0
97,954,13,243,179,True,False,113,113,0,0,0,0.0,0.0,0.0,0.0,0.0
97,955,13,243,199,True,True,113,113,7,19,2,2.0,4.0,0.168141592920354,0.061946902654867256,0.168141592920354
97,956,13,243,217,True,True,113,113,11,116,4,0.0,1.0,1.0265486725663717,0.09734513274336283,1.0265486725663717
97,957,13,243,319,True,False,113,113,0,0,0,0.0,0.0,0.0,0.0,0.0
97,958,13,243,385,True,True,113,113,22,240,7,0.0,5.0,2.1238938053097347,0.19469026548672566,2.1238938053097347
97,959,13,243,402,True,True,113,113,7,7,2,0.0,2.0,0.061946902654867256,0.061946902654867256,0.061946902654867256
97,960,13,243,508,True,True,113,113,6,56,3,0.0,1.0,0.49557522123893805,0.05309734513274336,0.49557522123893805
98,1027,13,256,22,True,False,132,132,0,0,0,0.0,0.0,0.0,0.0,0.0
98,1028,13,256,117,True,True,132,132,6,13,3,0.0,0.0,0.09848484848484848,0.045454545454545456,0.09848484848484848
98,1029,13,256,139,True,True,132,132,3,3,3,0.0,0.0,0.022727272727272728,0.022727272727272728,0.022727272727272728
98,1030,13,256,144,True,False,132,132,0,0,0,0.0,0.0,0.0,0.0,0.0
98,1031,13,256,169,True,True,132,132,21,48,15,0.0,0.0,0.36363636363636365,0.1590909090909091,0.36363636363636365
98,1032,13,256,175,True,False,132,132,0,0,0,0.0,0.0,0.0,0.0,0.0
98,1033,13,256,199,True,True,132,132,8,13,8,0.0,0.0,0.09848484848484848,0.06060606060606061,0.09848484848484848
98,1034,13,256,273,True,False,132,132,0,0,0,0.0,0.0,0.0,0.0,0.0
98,1035,13,256,281,True,True,132,132,43,230,17,0.0,0.0,1.7424242424242424,0.32575757575757575,1.7424242424242424
98,1036,13,256,433,True,True,132,132,27,81,20,0.0,0.0,0.6136363636363636,0.20454545454545456,0.6136363636363636
98,1037,13,256,455,True,True,132,132,38,161,19,0.0,0.0,1.2196969696969697,0.2878787878787879,1.2196969696969697
98,1038,13,256,508,True,True,132,132,23,68,16,0.0,0.0,0.5151515151515151,0.17424242424242425,0.5151515151515151
99,1075,13,262,13,True,False,18,18,0,0,0,0.0,0.0,0.0,0.0,0.0
99,1076,13,262,85,True,True,18,18,2,10,1,4.0,6.5,0.5555555555555556,0.1111111111111111,0.5555555555555556
99,1077,13,262,129,True,False,18,18,0,0,0,0.0,0.0,0.0,0.0,0.0
99,1078,13,262,179,True,False,18,18,0,0,0,0.0,0.0,0.0,0.0,0.0
99,1079,13,262,247,True,False,18,18,0,0,0,0.0,0.0,0.0,0.0,0.0
99,1080,13,262,381,True,False,18,18,0,0,0,0.0,0.0,0.0,0.0,0.0
99,1081,13,262,487,True,False,18,18,0,0,0,0.0,0.0,0.0,0.0,0.0
100,1153,13,281,13,True,False,49,49,0,0,0,0.0,0.0,0.0,0.0,0.0
100,1154,13,281,21,True,False,49,49,0,0,0,0.0,0.0,0.0,0.0,0.0
100,1155,13,281,61,True,False,49,49,0,0,0,0.0,0.0,0.0,0.0,0.0
100,1156,13,281,74,True,False,49,49,0,0,0,0.0,0.0,0.0,0.0,0.0
100,1157,13,281,117,True,True,49,49,25,262,11,0.0,4.0,5.346938775510204,0.5102040816326531,5.346938775510204
100,1158,13,281,141,True,False,49,49,0,0,0,0.0,0.0,0.0,0.0,0.0
100,1159,13,281,179,True,False,49,49,0,0,0,0.0,0.0,0.0,0.0,0.0
100,1160,13,281,186,True,False,49,49,0,0,0,0.0,0.0,0.0,0.0,0.0
100,1161,13,281,199,True,False,49,49,0,0,0,0.0,0.0,0.0,0.0,0.0
100,1162,13,281,313,True,False,49,49,0,0,0,0.0,0.0,0.0,0.0,0.0
100,1163,13,281,387,True,True,49,49,3,14,2,3.0,6.5,0.2857142857142857,0.061224489795918366,0.2857142857142857
101,1350,13,335,21,True,False,18,18,0,0,0,0.0,0.0,0.0,0.0,0.0
101,1351,13,335,61,True,False,18,18,0,0,0,0.0,0.0,0.0,0.0,0.0
101,1352,13,335,141,True,False,18,18,0,0,0,0.0,0.0,0.0,0.0,0.0
101,1353,13,335,156,True,False,18,18,0,0,0,0.0,0.0,0.0,0.0,0.0
101,1354,13,335,179,True,False,18,18,0,0,0,0.0,0.0,0.0,0.0,0.0
101,1355,13,335,186,True,False,18,18,0,0,0,0.0,0.0,0.0,0.0,0.0
101,1356,13,335,248,True,False,18,18,0,0,0,0.0,0.0,0.0,0.0,0.0
101,1357,13,335,488,True,False,18,18,0,0,0,0.0,0.0,0.0,0.0,0.0
101,1358,13,335,508,True,True,18,18,4,20,2,0.0,0.0,1.1111111111111112,0.2222222222222222,1.1111111111111112
102,1398,13,353,2,True,False,90,90,0,0,0,0.0,0.0,0.0,0.0,0.0
102,1399,13,353,113,True,False,90,90,0,0,0,0.0,0.0,0.0,0.0,0.0
102,1400,13,353,139,True,False,90,90,0,0,0,0.0,0.0,0.0,0.0,0.0
102,1401,13,353,144,True,False,90,90,0,0,0,0.0,0.0,0.0,0.0,0.0
102,1402,13,353,175,True,False,90,90,0,0,0,0.0,0.0,0.0,0.0,0.0
102,1403,13,353,321,True,False,90,90,0,0,0,0.0,0.0,0.0,0.0,0.0
102,1404,13,353,335,True,True,90,90,19,93,8,0.0,0.0,1.0333333333333334,0.2111111111111111,1.0333333333333334
102,1405,13,353,455,True,True,90,90,3,5,2,0.0,0.0,0.05555555555555555,0.03333333333333333,0.05555555555555555
102,1406,13,353,481,True,False,90,90,0,0,0,0.0,0.0,0.0,0.0,0.0
102,1407,13,353,508,True,True,90,90,3,9,2,0.0,0.0,0.1,0.03333333333333333,0.1
103,1421,13,361,6,True,False,3,3,0,0,0,0.0,0.0,0.0,0.0,0.0
103,1422,13,361,13,True,False,3,3,0,0,0,0.0,0.0,0.0,0.0,0.0
103,1423,13,361,21,True,False,3,3,0,0,0,0.0,0.0,0.0,0.0,0.0
103,1424,13,361,58,True,False,3,3,0,0,0,0.0,0.0,0.0,0.0,0.0
103,1425,13,361,74,True,False,3,3,0,0,0,0.0,0.0,0.0,0.0,0.0
103,1426,13,361,129,True,False,3,3,0,0,0,0.0,0.0,0.0,0.0,0.0
103,1427,13,361,156,True,False,3,3,0,0,0,0.0,0.0,0.0,0.0,0.0
103,1428,13,361,179,True,False,3,3,0,0,0,0.0,0.0,0.0,0.0,0.0
103,1429,13,361,186,True,False,3,3,0,0,0,0.0,0.0,0.0,0.0,0.0
103,1430,13,361,217,True,False,3,3,0,0,0,0.0,0.0,0.0,0.0,0.0
103,1431,13,361,243,True,True,3,3,3,22,2,0.0,2.5,7.333333333333333,1.0,7.333333333333333
103,1432,13,361,245,True,False,3,3,0,0,0,0.0,0.0,0.0,0.0,0.0
103,1433,13,361,251,True,False,3,3,0,0,0,0.0,0.0,0.0,0.0,0.0
103,1434,13,361,253,True,False,3,3,0,0,0,0.0,0.0,0.0,0.0,0.0
103,1435,13,361,313,True,False,3,3,0,0,0,0.0,0.0,0.0,0.0,0.0
103,1436,13,361,319,True,False,3,3,0,0,0,0.0,0.0,0.0,0.0,0.0
103,1437,13,361,381,True,False,3,3,0,0,0,0.0,0.0,0.0,0.0,0.0
103,1438,13,361,449,True,False,3,3,0,0,0,0.0,0.0,0.0,0.0,0.0
104,1687,13,433,13,True,False,61,61,0,0,0,0.0,0.0,0.0,0.0,0.0
104,1688,13,433,21,True,False,61,61,0,0,0,0.0,0.0,0.0,0.0,0.0
104,1689,13,433,39,True,True,61,61,9,90,3,2.0,8.0,1.4754098360655739,0.14754098360655737,1.4754098360655739
104,1690,13,433,61,True,False,61,61,0,0,0,0.0,0.0,0.0,0.0,0.0
104,1691,13,433,74,True,False,61,61,0,0,0,0.0,0.0,0.0,0.0,0.0
104,1692,13,433,129,True,False,61,61,0,0,0,0.0,0.0,0.0,0.0,0.0
104,1693,13,433,141,True,False,61,61,0,0,0,0.0,0.0,0.0,0.0,0.0
104,1694,13,433,156,True,False,61,61,0,0,0,0.0,0.0,0.0,0.0,0.0
104,1695,13,433,169,True,False,61,61,0,0,0,0.0,0.0,0.0,0.0,0.0
104,1696,13,433,179,True,False,61,61,0,0,0,0.0,0.0,0.0,0.0,0.0
104,1697,13,433,186,True,False,61,61,0,0,0,0.0,0.0,0.0,0.0,0.0
104,1698,13,433,199,True,True,61,61,2,21,1,0.0,1.0,0.3442622950819672,0.03278688524590164,0.3442622950819672
104,1699,13,433,245,True,False,61,61,0,0,0,0.0,0.0,0.0,0.0,0.0
104,1700,13,433,248,True,False,61,61,0,0,0,0.0,0.0,0.0,0.0,0.0
104,1701,13,433,381,True,False,61,61,0,0,0,0.0,0.0,0.0,0.0,0.0
104,1702,13,433,508,True,True,61,61,9,62,6,0.0,0.0,1.0163934426229508,0.14754098360655737,1.0163934426229508
105,1726,13,455,13,True,False,65,65,0,0,0,0.0,0.0,0.0,0.0,0.0
105,1727,13,455,21,True,False,65,65,0,0,0,0.0,0.0,0.0,0.0,0.0
105,1728,13,455,39,True,True,65,65,9,51,3,3.0,7.0,0.7846153846153846,0.13846153846153847,0.7846153846153846
105,1729,13,455,61,True,False,65,65,0,0,0,0.0,0.0,0.0,0.0,0.0
105,1730,13,455,74,True,False,65,65,0,0,0,0.0,0.0,0.0,0.0,0.0
105,1731,13,455,117,True,True,65,65,38,386,12,0.0,6.0,5.938461538461539,0.5846153846153846,5.938461538461539
105,1732,13,455,129,True,False,65,65,0,0,0,0.0,0.0,0.0,0.0,0.0
105,1733,13,455,141,True,False,65,65,0,0,0,0.0,0.0,0.0,0.0,0.0
105,1734,13,455,169,True,False,65,65,0,0,0,0.0,0.0,0.0,0.0,0.0
105,1735,13,455,179,True,False,65,65,0,0,0,0.0,0.0,0.0,0.0,0.0
105,1736,13,455,186,True,False,65,65,0,0,0,0.0,0.0,0.0,0.0,0.0
105,1737,13,455,199,True,True,65,65,18,193,7,0.0,3.0,2.9692307692307693,0.27692307692307694,2.9692307692307693
105,1738,13,455,248,True,False,65,65,0,0,0,0.0,0.0,0.0,0.0,0.0
105,1739,13,455,281,True,True,65,65,1,3,1,0.0,0.0,0.046153846153846156,0.015384615384615385,0.046153846153846156
105,1740,13,455,313,True,False,65,65,0,0,0,0.0,0.0,0.0,0.0,0.0
105,1741,13,455,317,True,True,65,65,5,9,2,5.0,7.0,0.13846153846153847,0.07692307692307693,0.13846153846153847
105,1742,13,455,383,True,True,65,65,3,8,2,5.0,6.5,0.12307692307692308,0.046153846153846156,0.12307692307692308
105,1743,13,455,508,True,True,65,65,13,82,5,0.0,1.0,1.2615384615384615,0.2,1.2615384615384615
106,1770,13,472,6,True,True,149,149,26,76,15,0.0,0.0,0.5100671140939598,0.174496644295302,0.5100671140939598
106,1771,13,472,34,True,True,149,149,93,161,61,0.0,0.0,1.080536912751678,0.6241610738255033,1.080536912751678
106,1772,13,472,58,True,True,149,149,10,24,8,0.0,0.0,0.1610738255033557,0.06711409395973154,0.1610738255033557
106,1773,13,472,217,True,True,149,149,3,3,2,0.0,0.0,0.020134228187919462,0.020134228187919462,0.020134228187919462
106,1774,13,472,243,True,True,149,149,34,87,24,0.0,0.0,0.5838926174496645,0.22818791946308725,0.5838926174496645
106,1775,13,472,256,True,True,149,149,12,23,11,0.0,0.0,0.15436241610738255,0.08053691275167785,0.15436241610738255
106,1776,13,472,262,True,True,149,149,5,18,3,0.0,0.0,0.12080536912751678,0.03355704697986577,0.12080536912751678
106,1777,13,472,281,True,True,149,149,11,29,10,0.0,0.0,0.19463087248322147,0.0738255033557047,0.19463087248322147
106,1778,13,472,335,True,True,149,149,3,7,3,0.0,0.0,0.04697986577181208,0.020134228187919462,0.04697986577181208
106,1779,13,472,353,True,True,149,149,44,78,27,0.0,0.0,0.5234899328859061,0.2953020134228188,0.5234899328859061
106,1780,13,472,361,True,True,149,149,3,6,2,0.0,0.0,0.040268456375838924,0.020134228187919462,0.040268456375838924
106,1781,13,472,433,True,True,149,149,1,2,1,0.0,0.0,0.013422818791946308,0.006711409395973154,0.013422818791946308
107,1872,13,508,39,True,True,20,20,8,72,6,3.0,6.0,3.6,0.4,3.6
107,1873,13,508,84,True,False,20,20,0,0,0,0.0,0.0,0.0,0.0,0.0
107,1874,13,508,115,True,False,20,20,0,0,0,0.0,0.0,0.0,0.0,0.0
107,1875,13,508,117,True,True,20,20,1,14,1,0.0,3.0,0.7,0.05,0.7
107,1876,13,508,169,True,False,20,20,0,0,0,0.0,0.0,0.0,0.0,0.0
107,1877,13,508,199,True,True,20,20,4,27,3,0.0,1.0,1.35,0.2,1.35
107,1878,13,508,238,True,False,20,20,0,0,0,0.0,0.0,0.0,0.0,0.0
107,1879,13,508,252,True,True,20,20,1,5,1,3.0,5.0,0.25,0.05,0.25
107,1880,13,508,316,True,False,20,20,0,0,0,0.0,0.0,0.0,0.0,0.0
107,1881,13,508,317,True,True,20,20,3,20,3,3.0,6.0,1.0,0.15,1.0
107,1882,13,508,335,True,False,20,20,0,0,0,0.0,0.0,0.0,0.0,0.0
107,1883,13,508,433,True,False,20,20,0,0,0,0.0,0.0,0.0,0.0,0.0
107,1884,13,508,455,True,True,20,20,1,2,1,0.0,0.0,0.1,0.05,0.1
107,1885,13,508,485,True,False,20,20,0,0,0,0.0,0.0,0.0,0.0,0.0
107,1886,13,508,494,True,True,20,20,5,41,2,4.0,7.0,2.05,0.25,2.05
108,161,16,26,16,True,True,164,164,5,5,1,0.0,0.0,0.03048780487804878,0.03048780487804878,0.03048780487804878
108,162,16,26,46,True,True,164,164,164,1728,10,0.0,1.0,10.536585365853659,1.0,10.536585365853659
108,163,16,26,109,True,False,164,164,0,0,0,0.0,0.0,0.0,0.0,0.0
108,164,16,26,213,True,False,164,164,0,0,0,0.0,0.0,0.0,0.0,0.0
108,165,16,26,266,True,False,164,164,0,0,0,0.0,0.0,0.0,0.0,0.0
108,166,16,26,378,True,False,164,164,0,0,0,0.0,0.0,0.0,0.0,0.0
108,167,16,26,382,True,False,164,164,0,0,0,0.0,0.0,0.0,0.0,0.0
108,168,16,26,430,True,False,164,164,0,0,0,0.0,0.0,0.0,0.0,0.0
108,169,16,26,462,True,False,164,164,0,0,0,0.0,0.0,0.0,0.0,0.0
108,170,16,26,487,True,True,164,164,9,14,1,0.0,0.0,0.08536585365853659,0.054878048780487805,0.08536585365853659
108,171,16,26,497,True,False,164,164,0,0,0,0.0,0.0,0.0,0.0,0.0
109,261,16,46,3,True,True,83,83,11,83,2,0.0,1.0,1.0,0.13253012048192772,1.0
109,262,16,46,26,True,True,83,83,1,1,1,0.0,0.0,0.012048192771084338,0.012048192771084338,0.012048192771084338
109,263,16,46,57,True,True,83,83,20,95,4,2.0,7.0,1.144578313253012,0.24096385542168675,1.144578313253012
109,264,16,46,238,True,True,83,83,19,261,1,0.0,6.0,3.144578313253012,0.2289156626506024,3.144578313253012
109,265,16,46,317,True,False,83,83,0,0,0,0.0,0.0,0.0,0.0,0.0
109,266,16,46,371,True,False,83,83,0,0,0,0.0,0.0,0.0,0.0,0.0
109,267,16,46,406,True,True,83,83,39,508,7,0.0,6.0,6.120481927710843,0.46987951807228917,6.120481927710843
110,932,16,238,10,True,True,120,120,2,8,1,4.0,6.0,0.06666666666666667,0.016666666666666666,0.06666666666666667
110,933,16,238,80,True,False,120,120,0,0,0,0.0,0.0,0.0,0.0,0.0
110,934,16,238,117,True,True,120,120,47,394,4,2.0,8.0,3.283333333333333,0.39166666666666666,3.283333333333333
110,935,16,238,149,True,True,120,120,11,38,1,5.0,9.0,0.31666666666666665,0.09166666666666666,0.31666666666666665
110,936,16,238,199,True,True,120,120,15,123,1,0.0,1.0,1.025,0.125,1.025
110,937,16,238,294,True,True,120,120,8,85,2,0.0,2.0,0.7083333333333334,0.06666666666666667,0.7083333333333334
110,938,16,238,317,True,False,120,120,0,0,0,0.0,0.0,0.0,0.0,0.0
110,939,16,238,387,True,False,120,120,0,0,0,0.0,0.0,0.0,0.0,0.0
110,940,16,238,404,True,True,120,120,15,175,1,0.0,2.0,1.4583333333333333,0.125,1.4583333333333333
110,941,16,238,494,True,True,120,120,22,222,2,0.0,5.0,1.85,0.18333333333333332,1.85
111,1323,16,324,16,True,True,5,5,5,26,3,0.0,0.0,5.2,1.0,5.2
111,1324,16,324,26,True,False,5,5,0,0,0,0.0,0.0,0.0,0.0,0.0
111,1325,16,324,112,True,False,5,5,0,0,0,0.0,0.0,0.0,0.0,0.0
111,1326,16,324,213,True,False,5,5,0,0,0,0.0,0.0,0.0,0.0,0.0
111,1327,16,324,378,True,False,5,5,0,0,0,0.0,0.0,0.0,0.0,0.0
111,1328,16,324,382,True,False,5,5,0,0,0,0.0,0.0,0.0,0.0,0.0
111,1329,16,324,497,True,False,5,5,0,0,0,0.0,0.0,0.0,0.0,0.0
112,1331,16,328,30,True,True,281,281,4,12,1,0.0,0.0,0.042704626334519574,0.014234875444839857,0.042704626334519574
112,1332,16,328,39,True,True,281,281,54,447,4,0.0,4.0,1.5907473309608542,0.19217081850533807,1.5907473309608542
112,1333,16,328,109,True,False,281,281,0,0,0,0.0,0.0,0.0,0.0,0.0
112,1334,16,328,140,True,False,281,281,0,0,0,0.0,0.0,0.0,0.0,0.0
112,1335,16,328,170,True,True,281,281,12,52,1,0.0,1.0,0.18505338078291814,0.042704626334519574,0.18505338078291814
112,1336,16,328,199,True,True,281,281,90,1011,6,0.0,4.0,3.597864768683274,0.3202846975088968,3.597864768683274
112,1337,16,328,238,True,True,281,281,66,551,5,0.0,3.0,1.9608540925266904,0.23487544483985764,1.9608540925266904
112,1338,16,328,252,True,True,281,281,7,7,1,0.0,3.0,0.02491103202846975,0.02491103202846975,0.02491103202846975
112,1339,16,328,404,True,True,281,281,133,1234,9,0.0,4.0,4.391459074733096,0.47330960854092524,4.391459074733096
112,1340,16,328,485,True,False,281,281,0,0,0,0.0,0.0,0.0,0.0,0.0
112,1341,16,328,494,True,True,281,281,30,385,2,0.0,5.0,1.3701067615658362,0.10676156583629894,1.3701067615658362
113,1493,16,382,10,True,False,65,65,0,0,0,0.0,0.0,0.0,0.0,0.0
113,1494,16,382,30,True,True,65,65,5,15,1,0.0,0.0,0.23076923076923078,0.07692307692307693,0.23076923076923078
113,1495,16,382,42,True,False,65,65,0,0,0,0.0,0.0,0.0,0.0,0.0
113,1496,16,382,151,True,False,65,65,0,0,0,0.0,0.0,0.0,0.0,0.0
113,1497,16,382,238,True,True,65,65,65,616,6,0.0,1.0,9.476923076923077,1.0,9.476923076923077
113,1498,16,382,294,True,False,65,65,0,0,0,0.0,0.0,0.0,0.0,0.0
113,1499,16,382,324,True,False,65,65,0,0,0,0.0,0.0,0.0,0.0,0.0
113,1500,16,382,378,True,False,65,65,0,0,0,0.0,0.0,0.0,0.0,0.0
113,1501,16,382,387,True,False,65,65,0,0,0,0.0,0.0,0.0,0.0,0.0
113,1502,16,382,404,True,False,65,65,0,0,0,0.0,0.0,0.0,0.0,0.0
113,1503,16,382,405,True,False,65,65,0,0,0,0.0,0.0,0.0,0.0,0.0
113,1504,16,382,415,True,False,65,65,0,0,0,0.0,0.0,0.0,0.0,0.0
114,1673,16,430,3,True,True,23,23,23,268,7,0.0,2.0,11.652173913043478,1.0,11.652173913043478
114,1674,16,430,26,True,False,23,23,0,0,0,0.0,0.0,0.0,0.0,0.0
114,1675,16,430,46,True,True,23,23,4,16,2,0.0,0.0,0.6956521739130435,0.17391304347826086,0.6956521739130435
114,1676,16,430,266,True,False,23,23,0,0,0,0.0,0.0,0.0,0.0,0.0
114,1677,16,430,487,True,True,23,23,3,14,1,0.0,2.0,0.6086956521739131,0.13043478260869565,0.6086956521739131
115,1744,16,462,16,True,True,11,11,11,86,3,0.0,1.0,7.818181818181818,1.0,7.818181818181818
115,1745,16,462,26,True,False,11,11,0,0,0,0.0,0.0,0.0,0.0,0.0
115,1746,16,462,30,True,False,11,11,0,0,0,0.0,0.0,0.0,0.0,0.0
115,1747,16,462,46,True,False,11,11,0,0,0,0.0,0.0,0.0,0.0,0.0
115,1748,16,462,109,True,False,11,11,0,0,0,0.0,0.0,0.0,0.0,0.0
115,1749,16,462,266,True,False,11,11,0,0,0,0.0,0.0,0.0,0.0,0.0
115,1750,16,462,324,True,True,11,11,5,14,1,0.0,1.0,1.2727272727272727,0.45454545454545453,1.2727272727272727
115,1751,16,462,378,True,False,11,11,0,0,0,0.0,0.0,0.0,0.0,0.0
115,1752,16,462,430,True,False,11,11,0,0,0,0.0,0.0,0.0,0.0,0.0
115,1753,16,462,487,True,False,11,11,0,0,0,0.0,0.0,0.0,0.0,0.0
115,1754,16,462,497,True,False,11,11,0,0,0,0.0,0.0,0.0,0.0,0.0
116,1819,16,487,3,True,True,155,155,77,271,5,0.0,5.0,1.7483870967741935,0.4967741935483871,1.7483870967741935
116,1820,16,487,16,True,True,155,155,9,56,1,0.0,0.0,0.36129032258064514,0.05806451612903226,0.36129032258064514
116,1821,16,487,26,True,True,155,155,11,18,1,0.0,0.0,0.11612903225806452,0.07096774193548387,0.11612903225806452
116,1822,16,487,46,True,True,155,155,76,390,5,0.0,2.0,2.5161290322580645,0.49032258064516127,2.5161290322580645
116,1823,16,487,109,True,False,155,155,0,0,0,0.0,0.0,0.0,0.0,0.0
116,1824,16,487,140,True,False,155,155,0,0,0,0.0,0.0,0.0,0.0,0.0
116,1825,16,487,163,True,False,155,155,0,0,0,0.0,0.0,0.0,0.0,0.0
116,1826,16,487,262,True,False,155,155,0,0,0,0.0,0.0,0.0,0.0,0.0
116,1827,16,487,266,True,False,155,155,0,0,0,0.0,0.0,0.0,0.0,0.0
116,1828,16,487,297,True,False,155,155,0,0,0,0.0,0.0,0.0,0.0,0.0
116,1829,16,487,328,True,True,155,155,14,40,1,0.0,1.0,0.25806451612903225,0.09032258064516129,0.25806451612903225
116,1830,16,487,371,True,False,155,155,0,0,0,0.0,0.0,0.0,0.0,0.0
116,1831,16,487,430,True,True,155,155,107,770,8,0.0,1.0,4.967741935483871,0.6903225806451613,4.967741935483871
116,1832,16,487,462,True,False,155,155,0,0,0,0.0,0.0,0.0,0.0,0.0
117,82,21,12,6,True,True,32,32,1,1,1,0.0,0.0,0.03125,0.03125,0.03125
117,83,21,12,58,True,True,32,32,1,1,1,0.0,0.0,0.03125,0.03125,0.03125
117,84,21,12,113,True,True,32,32,2,2,1,1.0,1.5,0.0625,0.0625,0.0625
117,85,21,12,121,True,True,32,32,2,2,2,0.0,0.0,0.0625,0.0625,0.0625
117,86,21,12,144,True,True,32,32,1,9,1,0.0,1.0,0.28125,0.03125,0.28125
117,87,21,12,243,True,False,32,32,0,0,0,0.0,0.0,0.0,0.0,0.0
117,88,21,12,251,True,True,32,32,1,7,1,0.0,1.0,0.21875,0.03125,0.21875
117,89,21,12,321,True,True,32,32,7,48,6,0.0,1.0,1.5,0.21875,1.5
117,90,21,12,335,True,False,32,32,0,0,0,0.0,0.0,0.0,0.0,0.0
117,91,21,12,463,True,True,32,32,4,4,4,0.0,0.0,0.125,0.125,0.125
117,92,21,12,481,True,True,32,32,7,54,5,0.0,1.0,1.6875,0.21875,1.6875
118,193,21,31,12,True,True,148,148,2,3,1,0.0,0.0,0.02027027027027027,0.013513513513513514,0.02027027027027027
118,194,21,31,74,True,True,148,148,104,193,48,0.0,0.0,1.304054054054054,0.7027027027027027,1.304054054054054
118,195,21,31,121,True,True,148,148,3,6,1,0.0,0.5,0.04054054054054054,0.02027027027027027,0.04054054054054054
118,196,21,31,169,True,True,148,148,19,32,9,0.0,0.5,0.21621621621621623,0.12837837837837837,0.21621621621621623
118,197,21,31,248,True,True,148,148,139,294,52,0.0,0.0,1.9864864864864864,0.9391891891891891,1.9864864864864864
118,198,21,31,262,True,False,148,148,0,0,0,0.0,0.0,0.0,0.0,0.0
118,199,21,31,281,True,True,148,148,26,34,11,0.0,1.0,0.22972972972972974,0.17567567567567569,0.22972972972972974
118,200,21,31,335,True,True,148,148,20,30,7,0.0,1.0,0.20270270270270271,0.13513513513513514,0.20270270270270271
118,201,21,31,383,True,True,148,148,4,4,2,0.0,0.5,0.02702702702702703,0.02702702702702703,0.02702702702702703
118,202,21,31,433,True,True,148,148,2,2,1,0.0,0.5,0.013513513513513514,0.013513513513513514,0.013513513513513514
118,203,21,31,455,True,True,148,148,36,59,13,0.0,1.0,0.39864864864864863,0.24324324324324326,0.39864864864864863
118,204,21,31,463,True,True,148,148,145,400,56,0.0,0.0,2.7027027027027026,0.9797297297297297,2.7027027027027026
119,318,21,74,2,True,True,130,130,3,5,3,0.0,0.0,0.038461538461538464,0.023076923076923078,0.038461538461538464
119,319,21,74,6,True,True,130,130,5,6,4,0.0,0.0,0.046153846153846156,0.038461538461538464,0.046153846153846156
119,320,21,74,12,True,True,130,130,6,8,5,0.0,0.0,0.06153846153846154,0.046153846153846156,0.06153846153846154
119,321,21,74,58,True,True,130,130,2,4,2,0.0,0.0,0.03076923076923077,0.015384615384615385,0.03076923076923077
119,322,21,74,121,True,True,130,130,34,65,25,0.0,0.0,0.5,0.26153846153846155,0.5
119,323,21,74,139,True,True,130,130,1,1,1,0.0,0.0,0.007692307692307693,0.007692307692307693,0.007692307692307693
119,324,21,74,169,True,True,130,130,10,23,8,0.0,0.0,0.17692307692307693,0.07692307692307693,0.17692307692307693
119,325,21,74,175,True,True,130,130,18,49,13,0.0,0.0,0.3769230769230769,0.13846153846153847,0.3769230769230769
119,326,21,74,243,True,True,130,130,2,3,2,0.0,0.0,0.023076923076923078,0.015384615384615385,0.023076923076923078
119,327,21,74,248,True,True,130,130,97,116,63,0.0,0.0,0.8923076923076924,0.7461538461538462,0.8923076923076924
119,328,21,74,281,True,True,130,130,14,36,11,0.0,0.0,0.27692307692307694,0.1076923076923077,0.27692307692307694
119,329,21,74,335,True,True,130,130,7,16,6,0.0,0.0,0.12307692307692308,0.05384615384615385,0.12307692307692308
119,330,21,74,361,True,True,130,130,1,2,1,0.0,0.0,0.015384615384615385,0.007692307692307693,0.015384615384615385
119,331,21,74,383,True,True,130,130,4,8,2,0.0,0.0,0.06153846153846154,0.03076923076923077,0.06153846153846154
119,332,21,74,433,True,True,130,130,7,9,5,0.0,0.0,0.06923076923076923,0.05384615384615385,0.06923076923076923
119,333,21,74,449,True,True,130,130,13,16,11,0.0,0.0,0.12307692307692308,0.1,0.12307692307692308
119,334,21,74,455,True,True,130,130,14,40,9,0.0,0.0,0.3076923076923077,0.1076923076923077,0.3076923076923077
119,335,21,74,463,True,True,130,130,95,196,62,0.0,0.0,1.5076923076923077,0.7307692307692307,1.5076923076923077
119,336,21,74,508,True,True,130,130,8,8,4,0.0,0.5,0.06153846153846154,0.06153846153846154,0.06153846153846154
120,465,21,121,2,True,True,75,75,3,27,3,0.0,1.0,0.36,0.04,0.36
120,466,21,121,22,True,True,75,75,1,3,1,0.0,1.0,0.04,0.013333333333333334,0.04
120,467,21,121,113,True,True,75,75,7,37,6,0.0,1.0,0.49333333333333335,0.09333333333333334,0.49333333333333335
120,468,21,121,139,True,True,75,75,13,51,13,0.0,1.0,0.68,0.17333333333333334,0.68
120,469,21,121,144,True,True,75,75,5,30,4,0.0,0.0,0.4,0.06666666666666667,0.4
120,470,21,121,175,True,True,75,75,22,150,19,0.0,0.0,2.0,0.29333333333333333,2.0
120,471,21,121,251,True,True,75,75,1,4,1,0.0,0.5,0.05333333333333334,0.013333333333333334,0.05333333333333334
120,472,21,121,273,True,True,75,75,12,64,11,0.0,0.0,0.8533333333333334,0.16,0.8533333333333334
120,473,21,121,481,True,False,75,75,0,0,0,0.0,0.0,0.0,0.0,0.0
121,537,21,141,2,True,True,163,163,18,38,5,0.0,1.0,0.2331288343558282,0.11042944785276074,0.2331288343558282
121,538,21,141,12,True,True,163,163,7,21,3,0.0,0.0,0.12883435582822086,0.04294478527607362,0.12883435582822086
121,539,21,141,22,True,True,163,163,3,5,1,0.0,1.0,0.03067484662576687,0.018404907975460124,0.03067484662576687
121,540,21,141,74,True,True,163,163,41,70,20,0.0,0.0,0.4294478527607362,0.25153374233128833,0.4294478527607362
121,541,21,141,121,True,True,163,163,155,416,53,0.0,0.0,2.5521472392638036,0.950920245398773,2.5521472392638036
121,542,21,141,139,True,True,163,163,7,7,2,0.0,1.0,0.04294478527607362,0.04294478527607362,0.04294478527607362
121,543,21,141,144,True,True,163,163,16,32,8,0.0,0.5,0.19631901840490798,0.09815950920245399,0.19631901840490798
121,544,21,141,156,True,True,163,163,35,59,15,0.0,0.0,0.3619631901840491,0.2147239263803681,0.3619631901840491
121,545,21,141,175,True,True,163,163,67,133,24,0.0,1.0,0.8159509202453987,0.4110429447852761,0.8159509202453987
121,546,21,141,248,True,True,163,163,160,370,55,0.0,0.0,2.2699386503067487,0.9815950920245399,2.2699386503067487
121,547,21,141,273,True,True,163,163,46,82,15,0.0,1.0,0.5030674846625767,0.2822085889570552,0.5030674846625767
122,620,21,156,12,True,True,83,83,34,87,18,0.0,0.0,1.0481927710843373,0.40963855421686746,1.0481927710843373
122,621,21,156,22,True,False,83,83,0,0,0,0.0,0.0,0.0,0.0,0.0
122,622,21,156,58,True,True,83,83,5,6,5,0.0,0.0,0.07228915662650602,0.060240963855421686,0.07228915662650602
122,623,21,156,113,True,True,83,83,9,10,8,0.0,0.0,0.12048192771084337,0.10843373493975904,0.12048192771084337
122,624,21,156,121,True,True,83,83,42,78,34,0.0,0.0,0.9397590361445783,0.5060240963855421,0.9397590361445783
122,625,21,156,139,True,True,83,83,2,2,2,0.0,0.0,0.024096385542168676,0.024096385542168676,0.024096385542168676
122,626,21,156,144,True,True,83,83,5,14,4,0.0,0.0,0.1686746987951807,0.060240963855421686,0.1686746987951807
122,627,21,156,243,True,True,83,83,4,7,3,0.0,0.0,0.08433734939759036,0.04819277108433735,0.08433734939759036
122,628,21,156,248,True,True,83,83,18,19,15,0.0,0.0,0.2289156626506024,0.21686746987951808,0.2289156626506024
122,629,21,156,251,True,True,83,83,5,15,3,0.0,0.0,0.18072289156626506,0.060240963855421686,0.18072289156626506
122,630,21,156,262,True,False,83,83,0,0,0,0.0,0.0,0.0,0.0,0.0
122,631,21,156,273,True,True,83,83,12,24,10,0.0,0.0,0.2891566265060241,0.14457831325301204,0.2891566265060241
122,632,21,156,321,True,True,83,83,10,26,6,0.0,0.0,0.3132530120481928,0.12048192771084337,0.3132530120481928
122,633,21,156,449,True,True,83,83,44,53,33,0.0,0.0,0.6385542168674698,0.5301204819277109,0.6385542168674698
122,634,21,156,463,True,True,83,83,8,12,8,0.0,0.0,0.14457831325301204,0.0963855421686747,0.14457831325301204
122,635,21,156,481,True,True,83,83,8,19,5,0.0,0.0,0.2289156626506024,0.0963855421686747,0.2289156626506024
123,808,21,186,12,True,False,9,9,0,0,0,0.0,0.0,0.0,0.0,0.0
123,809,21,186,21,True,False,9,9,0,0,0,0.0,0.0,0.0,0.0,0.0
123,810,21,186,31,True,True,9,9,2,4,2,0.0,0.0,0.4444444444444444,0.2222222222222222,0.4444444444444444
123,811,21,186,74,True,True,9,9,5,5,5,0.0,0.0,0.5555555555555556,0.5555555555555556,0.5555555555555556
123,812,21,186,121,True,True,9,9,3,4,3,0.0,0.0,0.4444444444444444,0.3333333333333333,0.4444444444444444
123,813,21,186,141,True,True,9,9,4,8,4,0.0,0.0,0.8888888888888888,0.4444444444444444,0.8888888888888888
123,814,21,186,156,True,True,9,9,1,1,1,0.0,0.0,0.1111111111111111,0.1111111111111111,0.1111111111111111
123,815,21,186,248,True,True,9,9,7,9,7,0.0,0.0,1.0,0.7777777777777778,1.0
123,816,21,186,319,True,False,9,9,0,0,0,0.0,0.0,0.0,0.0,0.0
123,817,21,186,381,True,True,9,9,3,6,3,0.0,0.0,0.6666666666666666,0.3333333333333333,0.6666666666666666
123,818,21,186,449,True,True,9,9,2,3,2,0.0,0.0,0.3333333333333333,0.2222222222222222,0.3333333333333333
123,819,21,186,463,True,True,9,9,5,5,5,0.0,0.0,0.5555555555555556,0.5555555555555556,0.5555555555555556
124,980,21,248,2,True,True,194,194,11,45,5,0.0,0.0,0.23195876288659795,0.05670103092783505,0.23195876288659795
124,981,21,248,12,True,True,194,194,4,6,4,0.0,0.0,0.030927835051546393,0.020618556701030927,0.030927835051546393
124,982,21,248,22,True,True,194,194,3,4,2,0.0,0.0,0.020618556701030927,0.015463917525773196,0.020618556701030927
124,983,21,248,121,True,True,194,194,101,186,59,0.0,0.0,0.9587628865979382,0.520618556701031,0.9587628865979382
124,984,21,248,139,True,True,194,194,18,34,15,0.0,0.0,0.17525773195876287,0.09278350515463918,0.17525773195876287
124,985,21,248,144,True,True,194,194,11,48,8,0.0,0.0,0.24742268041237114,0.05670103092783505,0.24742268041237114
124,986,21,248,169,True,True,194,194,15,56,10,0.0,0.0,0.28865979381443296,0.07731958762886598,0.28865979381443296
124,987,21,248,175,True,True,194,194,37,138,23,0.0,0.0,0.711340206185567,0.19072164948453607,0.711340206185567
124,988,21,248,262,True,True,194,194,2,9,1,0.0,0.0,0.04639175257731959,0.010309278350515464,0.04639175257731959
124,989,21,248,273,True,True,194,194,24,75,16,0.0,0.0,0.3865979381443299,0.12371134020618557,0.3865979381443299
124,990,21,248,281,True,True,194,194,14,48,12,0.0,0.0,0.24742268041237114,0.07216494845360824,0.24742268041237114
124,991,21,248,335,True,True,194,194,13,45,7,0.0,0.0,0.23195876288659795,0.06701030927835051,0.23195876288659795
124,992,21,248,383,True,True,194,194,1,3,1,0.0,0.0,0.015463917525773196,0.005154639175257732,0.015463917525773196
124,993,21,248,433,True,True,194,194,8,14,6,0.0,0.0,0.07216494845360824,0.041237113402061855,0.07216494845360824
124,994,21,248,455,True,True,194,194,13,45,10,0.0,0.0,0.23195876288659795,0.06701030927835051,0.23195876288659795
124,995,21,248,463,True,True,194,194,90,163,57,0.0,0.0,0.8402061855670103,0.4639175257731959,0.8402061855670103
124,996,21,248,508,True,True,194,194,7,14,5,0.0,0.0,0.07216494845360824,0.03608247422680412,0.07216494845360824
125,1299,21,319,6,True,True,117,117,6,11,3,0.0,1.0,0.09401709401709402,0.05128205128205128,0.09401709401709402
125,1300,21,319,12,True,True,117,117,50,161,18,0.0,0.0,1.376068376068376,0.42735042735042733,1.376068376068376
125,1301,21,319,74,True,True,117,117,10,15,5,0.0,0.0,0.1282051282051282,0.08547008547008547,0.1282051282051282
125,1302,21,319,113,True,True,117,117,1,1,1,0.0,0.0,0.008547008547008548,0.008547008547008548,0.008547008547008548
125,1303,21,319,121,True,True,117,117,31,85,14,0.0,0.0,0.7264957264957265,0.26495726495726496,0.7264957264957265
125,1304,21,319,156,True,True,117,117,69,139,28,0.0,0.0,1.188034188034188,0.5897435897435898,1.188034188034188
125,1305,21,319,243,True,True,117,117,26,36,11,0.0,1.0,0.3076923076923077,0.2222222222222222,0.3076923076923077
125,1306,21,319,251,True,True,117,117,2,2,1,0.0,0.5,0.017094017094017096,0.017094017094017096,0.017094017094017096
125,1307,21,319,321,True,True,117,117,9,12,4,0.0,0.5,0.10256410256410256,0.07692307692307693,0.10256410256410256
125,1308,21,319,361,True,True,117,117,3,3,2,0.0,0.0,0.02564102564102564,0.02564102564102564,0.02564102564102564
125,1309,21,319,449,True,True,117,117,97,206,34,0.0,0.0,1.7606837606837606,0.8290598290598291,1.7606837606837606
125,1310,21,319,463,True,True,117,117,38,113,18,0.0,0.0,0.9658119658119658,0.3247863247863248,0.9658119658119658
125,1311,21,319,481,True,True,117,117,21,24,7,0.0,1.0,0.20512820512820512,0.1794871794871795,0.20512820512820512
126,1480,21,381,12,True,True,122,122,20,43,9,0.0,0.0,0.3524590163934426,0.16393442622950818,0.3524590163934426
126,1481,21,381,31,True,False,122,122,0,0,0,0.0,0.0,0.0,0.0,0.0
126,1482,21,381,58,True,True,122,122,19,21,9,0.0,1.0,0.1721311475409836,0.1557377049180328,0.1721311475409836
126,1483,21,381,74,True,True,122,122,45,66,18,0.0,0.0,0.5409836065573771,0.36885245901639346,0.5409836065573771
126,1484,21,381,121,True,True,122,122,53,124,25,0.0,0.0,1.0163934426229508,0.4344262295081967,1.0163934426229508
126,1485,21,381,141,True,True,122,122,8,10,6,0.0,0.0,0.08196721311475409,0.06557377049180328,0.08196721311475409
126,1486,21,381,156,True,True,122,122,42,73,20,0.0,0.0,0.5983606557377049,0.3442622950819672,0.5983606557377049
126,1487,21,381,248,True,True,122,122,43,78,16,0.0,0.0,0.639344262295082,0.3524590163934426,0.639344262295082
126,1488,21,381,251,True,True,122,122,2,2,1,0.0,0.5,0.01639344262295082,0.01639344262295082,0.01639344262295082
126,1489,21,381,319,True,True,122,122,6,7,6,0.0,0.0,0.05737704918032787,0.04918032786885246,0.05737704918032787
126,1490,21,381,433,True,True,122,122,10,13,4,0.0,0.0,0.10655737704918032,0.08196721311475409,0.10655737704918032
126,1491,21,381,449,True,True,122,122,71,162,28,0.0,0.0,1.3278688524590163,0.5819672131147541,1.3278688524590163
126,1492,21,381,463,True,True,122,122,54,118,21,0.0,0.0,0.9672131147540983,0.4426229508196721,0.9672131147540983
127,1713,21,449,6,True,True,107,107,5,9,5,0.0,0.0,0.08411214953271028,0.04672897196261682,0.08411214953271028
127,1714,21,449,12,True,True,107,107,25,43,17,0.0,0.0,0.40186915887850466,0.2336448598130841,0.40186915887850466
127,1715,21,449,58,True,True,107,107,18,46,11,0.0,0.0,0.42990654205607476,0.16822429906542055,0.42990654205607476
127,1716,21,449,113,True,True,107,107,11,27,10,0.0,0.0,0.2523364485981308,0.102803738317757,0.2523364485981308
127,1717,21,449,121,True,True,107,107,31,53,24,0.0,0.0,0.4953271028037383,0.2897196261682243,0.4953271028037383
127,1718,21,449,217,True,False,107,107,0,0,0,0.0,0.0,0.0,0.0,0.0
127,1719,21,449,243,True,True,107,107,24,70,14,0.0,0.0,0.6542056074766355,0.22429906542056074,0.6542056074766355
127,1720,21,449,251,True,True,107,107,2,5,2,0.0,0.0,0.04672897196261682,0.018691588785046728,0.04672897196261682
127,1721,21,449,262,True,True,107,107,2,2,1,0.0,0.5,0.018691588785046728,0.018691588785046728,0.018691588785046728
127,1722,21,449,321,True,False,107,107,0,0,0,0.0,0.0,0.0,0.0,0.0
127,1723,21,449,361,True,True,107,107,5,18,3,0.0,0.0,0.16822429906542055,0.04672897196261682,0.16822429906542055
127,1724,21,449,463,True,True,107,107,57,119,32,0.0,0.0,1.1121495327102804,0.5327102803738317,1.1121495327102804
127,1725,21,449,481,True,True,107,107,9,26,6,0.0,0.0,0.24299065420560748,0.08411214953271028,0.24299065420560748
128,1755,21,463,6,True,True,81,81,3,16,3,0.0,0.5,0.19753086419753085,0.037037037037037035,0.19753086419753085
128,1756,21,463,58,True,True,81,81,6,21,5,0.0,0.0,0.25925925925925924,0.07407407407407407,0.25925925925925924
128,1757,21,463,117,True,True,81,81,1,1,1,1.0,1.0,0.012345679012345678,0.012345679012345678,0.012345679012345678
128,1758,21,463,169,True,True,81,81,11,64,7,0.0,0.0,0.7901234567901234,0.13580246913580246,0.7901234567901234
128,1759,21,463,199,True,True,81,81,1,1,1,1.0,1.0,0.012345679012345678,0.012345679012345678,0.012345679012345678
128,1760,21,463,217,True,True,81,81,1,1,1,1.0,1.0,0.012345679012345678,0.012345679012345678,0.012345679012345678
128,1761,21,463,243,True,True,81,81,10,55,9,0.0,1.0,0.6790123456790124,0.12345679012345678,0.6790123456790124
128,1762,21,463,262,True,False,81,81,0,0,0,0.0,0.0,0.0,0.0,0.0
128,1763,21,463,281,True,True,81,81,9,60,8,0.0,0.0,0.7407407407407407,0.1111111111111111,0.7407407407407407
128,1764,21,463,335,True,True,81,81,7,24,6,0.0,0.0,0.2962962962962963,0.08641975308641975,0.2962962962962963
128,1765,21,463,361,True,True,81,81,2,8,2,0.0,0.0,0.09876543209876543,0.024691358024691357,0.09876543209876543
128,1766,21,463,383,True,True,81,81,1,9,1,0.0,1.0,0.1111111111111111,0.012345679012345678,0.1111111111111111
128,1767,21,463,433,True,True,81,81,5,17,5,0.0,0.0,0.20987654320987653,0.06172839506172839,0.20987654320987653
128,1768,21,463,455,True,True,81,81,11,84,9,0.0,1.0,1.037037037037037,0.13580246913580246,1.037037037037037
128,1769,21,463,508,True,True,81,81,8,39,7,0.0,1.0,0.48148148148148145,0.09876543209876543,0.48148148148148145
129,117,22,21,12,True,False,66,66,0,0,0,0.0,0.0,0.0,0.0,0.0
129,118,22,21,31,True,True,66,66,66,153,19,0.0,0.0,2.3181818181818183,1.0,2.3181818181818183
129,119,22,21,74,True,True,66,66,46,58,14,0.0,0.0,0.8787878787878788,0.696969696969697,0.8787878787878788
129,120,22,21,121,True,False,66,66,0,0,0,0.0,0.0,0.0,0.0,0.0
129,121,22,21,141,True,False,66,66,0,0,0,0.0,0.0,0.0,0.0,0.0
129,122,22,21,156,True,False,66,66,0,0,0,0.0,0.0,0.0,0.0,0.0
129,123,22,21,186,True,False,66,66,0,0,0,0.0,0.0,0.0,0.0,0.0
129,124,22,21,248,True,True,66,66,54,66,16,0.0,0.0,1.0,0.8181818181818182,1.0
129,125,22,21,319,True,False,66,66,0,0,0,0.0,0.0,0.0,0.0,0.0
129,126,22,21,381,True,False,66,66,0,0,0,0.0,0.0,0.0,0.0,0.0
129,127,22,21,449,True,False,66,66,0,0,0,0.0,0.0,0.0,0.0,0.0
129,128,22,21,463,True,True,66,66,47,53,15,0.0,0.0,0.803030303030303,0.7121212121212122,0.803030303030303
130,193,22,31,12,True,False,136,136,0,0,0,0.0,0.0,0.0,0.0,0.0
130,194,22,31,74,True,True,136,136,95,199,24,0.0,0.0,1.463235294117647,0.6985294117647058,1.463235294117647
130,195,22,31,121,True,False,136,136,0,0,0,0.0,0.0,0.0,0.0,0.0
130,196,22,31,169,True,True,136,136,35,66,11,0.0,1.0,0.4852941176470588,0.25735294117647056,0.4852941176470588
130,197,22,31,248,True,True,136,136,120,308,29,0.0,0.5,2.264705882352941,0.8823529411764706,2.264705882352941
130,198,22,31,262,True,False,136,136,0,0,0,0.0,0.0,0.0,0.0,0.0
130,199,22,31,281,True,False,136,136,0,0,0,0.0,0.0,0.0,0.0,0.0
130,200,22,31,335,True,False,136,136,0,0,0,0.0,0.0,0.0,0.0,0.0
130,201,22,31,383,True,False,136,136,0,0,0,0.0,0.0,0.0,0.0,0.0
130,202,22,31,433,True,True,136,136,5,5,2,0.0,0.0,0.03676470588235294,0.03676470588235294,0.03676470588235294
130,203,22,31,455,True,True,136,136,95,153,20,0.0,1.0,1.125,0.6985294117647058,1.125
130,204,22,31,463,True,True,136,136,136,413,32,0.0,0.0,3.036764705882353,1.0,3.036764705882353
131,254,22,43,13,True,False,194,194,0,0,0,0.0,0.0,0.0,0.0,0.0
131,255,22,43,34,True,True,194,194,194,502,37,0.0,1.0,2.5876288659793816,1.0,2.5876288659793816
131,256,22,43,113,True,True,194,194,10,16,4,0.0,1.0,0.08247422680412371,0.05154639175257732,0.08247422680412371
131,257,22,43,251,True,True,194,194,133,221,25,0.0,1.0,1.1391752577319587,0.6855670103092784,1.1391752577319587
131,258,22,43,321,True,True,194,194,1,3,1,0.0,1.0,0.015463917525773196,0.005154639175257732,0.015463917525773196
131,259,22,43,353,True,False,194,194,0,0,0,0.0,0.0,0.0,0.0,0.0
131,260,22,43,481,True,False,194,194,0,0,0,0.0,0.0,0.0,0.0,0.0
132,293,22,61,12,True,False,176,176,0,0,0,0.0,0.0,0.0,0.0,0.0
132,294,22,61,21,True,True,176,176,85,94,17,0.0,0.0,0.5340909090909091,0.48295454545454547,0.5340909090909091
132,295,22,61,31,True,True,176,176,174,460,33,0.0,0.0,2.6136363636363638,0.9886363636363636,2.6136363636363638
132,296,22,61,74,True,True,176,176,115,171,23,0.0,0.0,0.9715909090909091,0.6534090909090909,0.9715909090909091
132,297,22,61,121,True,False,176,176,0,0,0,0.0,0.0,0.0,0.0,0.0
132,298,22,61,141,True,False,176,176,0,0,0,0.0,0.0,0.0,0.0,0.0
132,299,22,61,156,True,False,176,176,0,0,0,0.0,0.0,0.0,0.0,0.0
132,300,22,61,186,True,True,176,176,54,73,12,0.0,0.0,0.4147727272727273,0.3068181818181818,0.4147727272727273
132,301,22,61,248,True,True,176,176,127,166,24,0.0,0.0,0.9431818181818182,0.7215909090909091,0.9431818181818182
132,302,22,61,381,True,False,176,176,0,0,0,0.0,0.0,0.0,0.0,0.0
132,303,22,61,463,True,True,176,176,18,18,5,0.0,0.0,0.10227272727272728,0.10227272727272728,0.10227272727272728
133,318,22,74,2,True,False,16,16,0,0,0,0.0,0.0,0.0,0.0,0.0
133,319,22,74,6,True,False,16,16,0,0,0,0.0,0.0,0.0,0.0,0.0
133,320,22,74,12,True,False,16,16,0,0,0,0.0,0.0,0.0,0.0,0.0
133,321,22,74,58,True,False,16,16,0,0,0,0.0,0.0,0.0,0.0,0.0
133,322,22,74,121,True,False,16,16,0,0,0,0.0,0.0,0.0,0.0,0.0
133,323,22,74,139,True,False,16,16,0,0,0,0.0,0.0,0.0,0.0,0.0
133,324,22,74,169,True,True,16,16,2,4,2,0.0,0.0,0.25,0.125,0.25
133,325,22,74,175,True,False,16,16,0,0,0,0.0,0.0,0.0,0.0,0.0
133,326,22,74,243,True,False,16,16,0,0,0,0.0,0.0,0.0,0.0,0.0
133,327,22,74,248,True,True,16,16,13,18,11,0.0,0.0,1.125,0.8125,1.125
133,328,22,74,281,True,False,16,16,0,0,0,0.0,0.0,0.0,0.0,0.0
133,329,22,74,335,True,False,16,16,0,0,0,0.0,0.0,0.0,0.0,0.0
133,330,22,74,361,True,False,16,16,0,0,0,0.0,0.0,0.0,0.0,0.0
133,331,22,74,383,True,False,16,16,0,0,0,0.0,0.0,0.0,0.0,0.0
133,332,22,74,433,True,True,16,16,3,10,1,0.0,0.0,0.625,0.1875,0.625
133,333,22,74,449,True,False,16,16,0,0,0,0.0,0.0,0.0,0.0,0.0
133,334,22,74,455,True,True,16,16,10,31,10,0.0,0.0,1.9375,0.625,1.9375
133,335,22,74,463,True,True,16,16,16,37,14,0.0,0.0,2.3125,1.0,2.3125
133,336,22,74,508,True,True,16,16,6,8,4,0.0,1.0,0.5,0.375,0.5
134,339,22,79,8,True,False,6,6,0,0,0,0.0,0.0,0.0,0.0,0.0
134,340,22,79,22,True,False,6,6,0,0,0,0.0,0.0,0.0,0.0,0.0
134,341,22,79,100,True,False,6,6,0,0,0,0.0,0.0,0.0,0.0,0.0
134,342,22,79,149,True,False,6,6,0,0,0,0.0,0.0,0.0,0.0,0.0
134,343,22,79,164,True,False,6,6,0,0,0,0.0,0.0,0.0,0.0,0.0
134,344,22,79,171,True,False,6,6,0,0,0,0.0,0.0,0.0,0.0,0.0
134,345,22,79,184,True,False,6,6,0,0,0,0.0,0.0,0.0,0.0,0.0
134,346,22,79,230,True,False,6,6,0,0,0,0.0,0.0,0.0,0.0,0.0
134,347,22,79,271,True,True,6,6,5,5,2,6.0,8.0,0.8333333333333334,0.8333333333333334,0.8333333333333334
134,348,22,79,288,True,True,6,6,1,15,1,4.0,7.0,2.5,0.16666666666666666,2.5
134,349,22,79,311,True,False,6,6,0,0,0,0.0,0.0,0.0,0.0,0.0
134,350,22,79,390,True,False,6,6,0,0,0,0.0,0.0,0.0,0.0,0.0
134,351,22,79,485,True,False,6,6,0,0,0,0.0,0.0,0.0,0.0,0.0
135,514,22,139,22,True,True,71,71,20,58,5,0.0,1.0,0.8169014084507042,0.28169014084507044,0.8169014084507042
135,515,22,139,79,True,True,71,71,34,233,5,0.0,3.0,3.2816901408450705,0.4788732394366197,3.2816901408450705
135,516,22,139,80,True,True,71,71,13,90,2,0.0,5.0,1.267605633802817,0.18309859154929578,1.267605633802817
135,517,22,139,126,True,False,71,71,0,0,0,0.0,0.0,0.0,0.0,0.0
135,518,22,139,144,True,True,71,71,2,2,1,0.0,0.0,0.028169014084507043,0.028169014084507043,0.028169014084507043
135,519,22,139,149,True,True,71,71,10,30,2,0.0,4.0,0.4225352112676056,0.14084507042253522,0.4225352112676056
135,520,22,139,151,True,True,71,71,8,14,1,0.0,1.0,0.19718309859154928,0.11267605633802817,0.19718309859154928
135,521,22,139,175,True,False,71,71,0,0,0,0.0,0.0,0.0,0.0,0.0
135,522,22,139,184,True,False,71,71,0,0,0,0.0,0.0,0.0,0.0,0.0
135,523,22,139,199,True,False,71,71,0,0,0,0.0,0.0,0.0,0.0,0.0
135,524,22,139,229,True,False,71,71,0,0,0,0.0,0.0,0.0,0.0,0.0
135,525,22,139,230,True,True,71,71,5,50,1,1.0,5.0,0.704225352112676,0.07042253521126761,0.704225352112676
135,526,22,139,258,True,False,71,71,0,0,0,0.0,0.0,0.0,0.0,0.0
135,527,22,139,273,True,True,71,71,54,236,8,0.0,1.0,3.323943661971831,0.7605633802816901,3.323943661971831
135,528,22,139,311,True,True,71,71,5,25,1,0.0,4.0,0.352112676056338,0.07042253521126761,0.352112676056338
135,529,22,139,315,True,False,71,71,0,0,0,0.0,0.0,0.0,0.0,0.0
135,530,22,139,390,True,False,71,71,0,0,0,0.0,0.0,0.0,0.0,0.0
135,531,22,139,415,True,False,71,71,0,0,0,0.0,0.0,0.0,0.0,0.0
136,558,22,144,2,True,False,40,40,0,0,0,0.0,0.0,0.0,0.0,0.0
136,559,22,144,21,True,True,40,40,9,14,1,0.0,0.0,0.35,0.225,0.35
136,560,22,144,22,True,True,40,40,1,1,1,0.0,0.0,0.025,0.025,0.025
136,561,22,144,31,True,True,40,40,17,34,2,0.0,0.0,0.85,0.425,0.85
136,562,22,144,61,True,True,40,40,17,38,2,0.0,0.0,0.95,0.425,0.95
136,563,22,144,74,True,True,40,40,9,14,1,0.0,0.0,0.35,0.225,0.35
136,564,22,144,79,True,True,40,40,5,5,1,0.0,2.0,0.125,0.125,0.125
136,565,22,144,126,True,False,40,40,0,0,0,0.0,0.0,0.0,0.0,0.0
136,566,22,144,139,True,True,40,40,5,21,1,0.0,0.0,0.525,0.125,0.525
136,567,22,144,179,True,True,40,40,18,53,2,0.0,1.0,1.325,0.45,1.325
136,568,22,144,186,True,False,40,40,0,0,0,0.0,0.0,0.0,0.0,0.0
136,569,22,144,229,True,False,40,40,0,0,0,0.0,0.0,0.0,0.0,0.0
136,570,22,144,248,True,True,40,40,9,9,1,0.0,1.0,0.225,0.225,0.225
136,571,22,144,315,True,False,40,40,0,0,0,0.0,0.0,0.0,0.0,0.0
136,572,22,144,488,True,True,40,40,18,98,2,0.0,2.0,2.45,0.45,2.45
137,758,22,175,2,True,False,69,69,0,0,0,0.0,0.0,0.0,0.0,0.0
137,759,22,175,21,True,False,69,69,0,0,0,0.0,0.0,0.0,0.0,0.0
137,760,22,175,31,True,True,69,69,41,91,4,0.0,1.0,1.318840579710145,0.5942028985507246,1.318840579710145
137,761,22,175,43,True,True,69,69,28,114,5,0.0,0.0,1.6521739130434783,0.4057971014492754,1.6521739130434783
137,762,22,175,61,True,True,69,69,41,116,4,0.0,0.0,1.681159420289855,0.5942028985507246,1.681159420289855
137,763,22,175,74,True,True,69,69,37,37,3,0.0,1.0,0.5362318840579711,0.5362318840579711,0.5362318840579711
137,764,22,175,80,True,False,69,69,0,0,0,0.0,0.0,0.0,0.0,0.0
137,765,22,175,126,True,False,69,69,0,0,0,0.0,0.0,0.0,0.0,0.0
137,766,22,175,139,True,False,69,69,0,0,0,0.0,0.0,0.0,0.0,0.0
137,767,22,175,179,True,True,69,69,14,19,2,0.0,0.0,0.2753623188405797,0.2028985507246377,0.2753623188405797
137,768,22,175,186,True,True,69,69,29,51,3,0.0,0.0,0.7391304347826086,0.42028985507246375,0.7391304347826086
137,769,22,175,248,True,False,69,69,0,0,0,0.0,0.0,0.0,0.0,0.0
137,770,22,175,258,True,False,69,69,0,0,0,0.0,0.0,0.0,0.0,0.0
137,771,22,175,273,True,False,69,69,0,0,0,0.0,0.0,0.0,0.0,0.0
137,772,22,175,311,True,False,69,69,0,0,0,0.0,0.0,0.0,0.0,0.0
137,773,22,175,390,True,False,69,69,0,0,0,0.0,0.0,0.0,0.0,0.0
137,774,22,175,415,True,False,69,69,0,0,0,0.0,0.0,0.0,0.0,0.0
137,775,22,175,488,True,False,69,69,0,0,0,0.0,0.0,0.0,0.0,0.0
138,780,22,179,13,True,False,105,105,0,0,0,0.0,0.0,0.0,0.0,0.0
138,781,22,179,34,True,True,105,105,9,9,3,0.0,0.0,0.08571428571428572,0.08571428571428572,0.08571428571428572
138,782,22,179,43,True,True,105,105,105,301,29,0.0,0.0,2.8666666666666667,1.0,2.8666666666666667
138,783,22,179,129,True,False,105,105,0,0,0,0.0,0.0,0.0,0.0,0.0
138,784,22,179,245,True,False,105,105,0,0,0,0.0,0.0,0.0,0.0,0.0
138,785,22,179,253,True,False,105,105,0,0,0,0.0,0.0,0.0,0.0,0.0
138,786,22,179,256,True,False,105,105,0,0,0,0.0,0.0,0.0,0.0,0.0
138,787,22,179,313,True,False,105,105,0,0,0,0.0,0.0,0.0,0.0,0.0
138,788,22,179,353,True,False,105,105,0,0,0,0.0,0.0,0.0,0.0,0.0
138,789,22,179,472,True,False,105,105,0,0,0,0.0,0.0,0.0,0.0,0.0
138,790,22,179,488,True,True,105,105,4,8,1,0.0,0.0,0.0761904761904762,0.0380952380952381,0.0761904761904762
139,808,22,186,12,True,False,37,37,0,0,0,0.0,0.0,0.0,0.0,0.0
139,809,22,186,21,True,False,37,37,0,0,0,0.0,0.0,0.0,0.0,0.0
139,810,22,186,31,True,True,37,37,35,74,11,0.0,0.0,2.0,0.9459459459459459,2.0
139,811,22,186,74,True,True,37,37,25,45,8,0.0,0.0,1.2162162162162162,0.6756756756756757,1.2162162162162162
139,812,22,186,121,True,False,37,37,0,0,0,0.0,0.0,0.0,0.0,0.0
139,813,22,186,141,True,False,37,37,0,0,0,0.0,0.0,0.0,0.0,0.0
139,814,22,186,156,True,False,37,37,0,0,0,0.0,0.0,0.0,0.0,0.0
139,815,22,186,248,True,True,37,37,34,44,10,0.0,0.0,1.1891891891891893,0.918918918918919,1.1891891891891893
139,816,22,186,319,True,False,37,37,0,0,0,0.0,0.0,0.0,0.0,0.0
139,817,22,186,381,True,False,37,37,0,0,0,0.0,0.0,0.0,0.0,0.0
139,818,22,186,449,True,False,37,37,0,0,0,0.0,0.0,0.0,0.0,0.0
139,819,22,186,463,True,True,37,37,21,24,7,0.0,0.0,0.6486486486486487,0.5675675675675675,0.6486486486486487
140,1127,22,273,21,True,True,244,244,40,63,5,0.0,0.0,0.2581967213114754,0.16393442622950818,0.2581967213114754
140,1128,22,273,22,True,True,244,244,59,133,10,0.0,0.0,0.5450819672131147,0.24180327868852458,0.5450819672131147
140,1129,22,273,31,True,True,244,244,113,393,11,0.0,1.0,1.610655737704918,0.46311475409836067,1.610655737704918
140,1130,22,273,43,True,True,244,244,85,286,10,0.0,1.0,1.1721311475409837,0.3483606557377049,1.1721311475409837
140,1131,22,273,61,True,True,244,244,95,188,9,0.0,1.0,0.7704918032786885,0.38934426229508196,0.7704918032786885
140,1132,22,273,74,True,True,244,244,19,19,3,0.0,1.0,0.0778688524590164,0.0778688524590164,0.0778688524590164
140,1133,22,273,79,True,True,244,244,24,201,5,0.0,1.0,0.8237704918032787,0.09836065573770492,0.8237704918032787
140,1134,22,273,80,True,True,244,244,10,79,2,0.0,6.0,0.3237704918032787,0.040983606557377046,0.3237704918032787
140,1135,22,273,126,True,False,244,244,0,0,0,0.0,0.0,0.0,0.0,0.0
140,1136,22,273,139,True,True,244,244,18,59,6,0.0,2.0,0.24180327868852458,0.07377049180327869,0.24180327868852458
140,1137,22,273,144,True,False,244,244,0,0,0,0.0,0.0,0.0,0.0,0.0
140,1138,22,273,151,True,True,244,244,1,2,1,0.0,0.5,0.00819672131147541,0.004098360655737705,0.00819672131147541
140,1139,22,273,179,True,True,244,244,47,90,6,0.0,1.0,0.36885245901639346,0.19262295081967212,0.36885245901639346
140,1140,22,273,184,True,False,244,244,0,0,0,0.0,0.0,0.0,0.0,0.0
140,1141,22,273,186,True,True,244,244,44,107,5,0.0,1.0,0.4385245901639344,0.18032786885245902,0.4385245901639344
140,1142,22,273,229,True,False,244,244,0,0,0,0.0,0.0,0.0,0.0,0.0
140,1143,22,273,230,True,False,244,244,0,0,0,0.0,0.0,0.0,0.0,0.0
140,1144,22,273,248,True,True,244,244,13,13,2,0.0,0.0,0.05327868852459016,0.05327868852459016,0.05327868852459016
141,42,23,7,28,True,False,15,15,0,0,0,0.0,0.0,0.0,0.0,0.0
141,43,23,7,77,True,False,15,15,0,0,0,0.0,0.0,0.0,0.0,0.0
141,44,23,7,133,True,True,15,15,2,2,1,0.0,0.0,0.13333333333333333,0.13333333333333333,0.13333333333333333
141,45,23,7,143,True,False,15,15,0,0,0,0.0,0.0,0.0,0.0,0.0
141,46,23,7,167,True,False,15,15,0,0,0,0.0,0.0,0.0,0.0,0.0
141,47,23,7,196,True,False,15,15,0,0,0,0.0,0.0,0.0,0.0,0.0
141,48,23,7,222,True,False,15,15,0,0,0,0.0,0.0,0.0,0.0,0.0
141,49,23,7,290,True,False,15,15,0,0,0,0.0,0.0,0.0,0.0,0.0
141,50,23,7,318,True,True,15,15,6,18,1,2.0,4.0,1.2,0.4,1.2
141,51,23,7,347,True,False,15,15,0,0,0,0.0,0.0,0.0,0.0,0.0
141,52,23,7,474,True,True,15,15,9,55,2,0.0,0.0,3.6666666666666665,0.6,3.6666666666666665
141,53,23,7,509,True,False,15,15,0,0,0,0.0,0.0,0.0,0.0,0.0
142,156,23,24,37,True,False,6,6,0,0,0,0.0,0.0,0.0,0.0,0.0
142,157,23,24,84,True,False,6,6,0,0,0,0.0,0.0,0.0,0.0,0.0
142,158,23,24,224,True,True,6,6,2,30,2,1.0,5.0,5.0,0.3333333333333333,5.0
142,159,23,24,227,True,True,6,6,1,15,1,3.0,6.0,2.5,0.16666666666666666,2.5
142,160,23,24,304,True,False,6,6,0,0,0,0.0,0.0,0.0,0.0,0.0
143,374,23,85,84,True,False,14,14,0,0,0,0.0,0.0,0.0,0.0,0.0
143,375,23,85,98,True,False,14,14,0,0,0,0.0,0.0,0.0,0.0,0.0
143,376,23,85,115,True,False,14,14,0,0,0,0.0,0.0,0.0,0.0,0.0
143,377,23,85,167,True,False,14,14,0,0,0,0.0,0.0,0.0,0.0,0.0
143,378,23,85,240,True,True,14,14,6,18,1,0.0,0.0,1.2857142857142858,0.42857142857142855,1.2857142857142858
143,379,23,85,262,True,False,14,14,0,0,0,0.0,0.0,0.0,0.0,0.0
143,380,23,85,309,True,False,14,14,0,0,0,0.0,0.0,0.0,0.0,0.0
143,381,23,85,352,True,False,14,14,0,0,0,0.0,0.0,0.0,0.0,0.0
143,382,23,85,375,True,True,14,14,3,18,1,0.0,2.0,1.2857142857142858,0.21428571428571427,1.2857142857142858
143,383,23,85,389,True,False,14,14,0,0,0,0.0,0.0,0.0,0.0,0.0
144,384,23,88,23,True,False,39,39,0,0,0,0.0,0.0,0.0,0.0,0.0
144,385,23,88,157,True,False,39,39,0,0,0,0.0,0.0,0.0,0.0,0.0
144,386,23,88,161,True,False,39,39,0,0,0,0.0,0.0,0.0,0.0,0.0
145,548,23,143,7,True,True,24,24,9,65,1,0.0,0.0,2.7083333333333335,0.375,2.7083333333333335
145,549,23,143,88,True,False,24,24,0,0,0,0.0,0.0,0.0,0.0,0.0
145,550,23,143,133,True,False,24,24,0,0,0,0.0,0.0,0.0,0.0,0.0
145,551,23,143,161,True,False,24,24,0,0,0,0.0,0.0,0.0,0.0,0.0
145,552,23,143,163,True,False,24,24,0,0,0,0.0,0.0,0.0,0.0,0.0
145,553,23,143,233,True,False,24,24,0,0,0,0.0,0.0,0.0,0.0,0.0
145,554,23,143,279,True,True,24,24,7,22,1,0.0,0.0,0.9166666666666666,0.2916666666666667,0.9166666666666666
145,555,23,143,432,True,False,24,24,0,0,0,0.0,0.0,0.0,0.0,0.0
145,556,23,143,440,True,False,24,24,0,0,0,0.0,0.0,0.0,0.0,0.0
145,557,23,143,474,True,True,24,24,10,62,2,0.0,1.0,2.5833333333333335,0.4166666666666667,2.5833333333333335
146,636,23,157,28,True,True,118,118,6,36,1,1.0,4.0,0.3050847457627119,0.05084745762711865,0.3050847457627119
146,637,23,157,77,True,False,118,118,0,0,0,0.0,0.0,0.0,0.0,0.0
146,638,23,157,79,True,False,118,118,0,0,0,0.0,0.0,0.0,0.0,0.0
146,639,23,157,84,True,True,118,118,4,10,1,0.0,1.0,0.0847457627118644,0.03389830508474576,0.0847457627118644
146,640,23,157,85,True,True,118,118,2,14,1,0.0,0.0,0.11864406779661017,0.01694915254237288,0.11864406779661017
146,641,23,157,88,True,True,118,118,6,27,1,0.0,0.0,0.2288135593220339,0.05084745762711865,0.2288135593220339
146,642,23,157,143,True,True,118,118,20,161,2,0.0,1.0,1.3644067796610169,0.1694915254237288,1.3644067796610169
146,643,23,157,161,True,False,118,118,0,0,0,0.0,0.0,0.0,0.0,0.0
146,644,23,157,167,True,False,118,118,0,0,0,0.0,0.0,0.0,0.0,0.0
146,645,23,157,196,True,False,118,118,0,0,0,0.0,0.0,0.0,0.0,0.0
146,646,23,157,229,True,False,118,118,0,0,0,0.0,0.0,0.0,0.0,0.0
146,647,23,157,230,True,False,118,118,0,0,0,0.0,0.0,0.0,0.0,0.0
146,648,23,157,279,True,True,118,118,13,36,1,0.0,1.0,0.3050847457627119,0.11016949152542373,0.3050847457627119
146,649,23,157,315,True,False,118,118,0,0,0,0.0,0.0,0.0,0.0,0.0
146,650,23,157,375,True,True,118,118,13,37,2,6.0,9.0,0.3135593220338983,0.11016949152542373,0.3135593220338983
146,651,23,157,389,True,True,118,118,19,140,3,0.0,0.0,1.1864406779661016,0.16101694915254236,1.1864406779661016
146,652,23,157,402,True,True,118,118,9,18,1,0.0,0.0,0.15254237288135594,0.07627118644067797,0.15254237288135594
146,653,23,157,432,True,False,118,118,0,0,0,0.0,0.0,0.0,0.0,0.0
146,654,23,157,440,True,True,118,118,4,8,1,0.0,0.0,0.06779661016949153,0.03389830508474576,0.06779661016949153
146,655,23,157,474,True,True,118,118,16,45,3,0.0,0.0,0.3813559322033898,0.13559322033898305,0.3813559322033898
147,973,23,247,125,True,False,54,54,0,0,0,0.0,0.0,0.0,0.0,0.0
147,974,23,247,163,True,False,54,54,0,0,0,0.0,0.0,0.0,0.0,0.0
147,975,23,247,259,True,False,54,54,0,0,0,0.0,0.0,0.0,0.0,0.0
147,976,23,247,262,True,True,54,54,12,111,1,0.0,1.0,2.0555555555555554,0.2222222222222222,2.0555555555555554
147,977,23,247,371,True,False,54,54,0,0,0,0.0,0.0,0.0,0.0,0.0
147,978,23,247,402,True,False,54,54,0,0,0,0.0,0.0,0.0,0.0,0.0
147,979,23,247,432,True,False,54,54,0,0,0,0.0,0.0,0.0,0.0,0.0
148,1075,23,262,13,True,True,18,18,3,3,1,9.0,10.0,0.16666666666666666,0.16666666666666666,0.16666666666666666
148,1076,23,262,85,True,False,18,18,0,0,0,0.0,0.0,0.0,0.0,0.0
148,1077,23,262,129,True,True,18,18,1,1,1,10.0,10.0,0.05555555555555555,0.05555555555555555,0.05555555555555555
148,1078,23,262,179,True,True,18,18,18,38,2,6.0,9.0,2.111111111111111,1.0,2.111111111111111
148,1079,23,262,247,True,False,18,18,0,0,0,0.0,0.0,0.0,0.0,0.0
148,1080,23,262,381,True,False,18,18,0,0,0,0.0,0.0,0.0,0.0,0.0
148,1081,23,262,487,True,False,18,18,0,0,0,0.0,0.0,0.0,0.0,0.0
149,1145,23,279,23,True,True,133,133,13,128,1,0.0,1.0,0.9624060150375939,0.09774436090225563,0.9624060150375939
149,1146,23,279,143,True,False,133,133,0,0,0,0.0,0.0,0.0,0.0,0.0
149,1147,23,279,157,True,True,133,133,18,130,2,0.0,0.0,0.9774436090225563,0.13533834586466165,0.9774436090225563
149,1148,23,279,161,True,False,133,133,0,0,0,0.0,0.0,0.0,0.0,0.0
149,1149,23,279,208,True,False,133,133,0,0,0,0.0,0.0,0.0,0.0,0.0
149,1150,23,279,440,True,True,133,133,15,220,1,0.0,4.0,1.6541353383458646,0.11278195488721804,1.6541353383458646
149,1151,23,279,474,True,True,133,133,13,93,3,0.0,0.0,0.6992481203007519,0.09774436090225563,0.6992481203007519
149,1152,23,279,509,True,False,133,133,0,0,0,0.0,0.0,0.0,0.0,0.0
150,1228,23,309,6,True,False,7,7,0,0,0,0.0,0.0,0.0,0.0,0.0
150,1229,23,309,24,True,False,7,7,0,0,0,0.0,0.0,0.0,0.0,0.0
150,1230,23,309,125,True,False,7,7,0,0,0,0.0,0.0,0.0,0.0,0.0
150,1231,23,309,147,True,False,7,7,0,0,0,0.0,0.0,0.0,0.0,0.0
150,1232,23,309,217,True,False,7,7,0,0,0,0.0,0.0,0.0,0.0,0.0
150,1233,23,309,224,True,False,7,7,0,0,0,0.0,0.0,0.0,0.0,0.0
150,1234,23,309,227,True,False,7,7,0,0,0,0.0,0.0,0.0,0.0,0.0
150,1235,23,309,316,True,True,7,7,2,10,1,0.0,0.0,1.4285714285714286,0.2857142857142857,1.4285714285714286
150,1236,23,309,352,True,False,7,7,0,0,0,0.0,0.0,0.0,0.0,0.0
150,1237,23,309,361,True,False,7,7,0,0,0,0.0,0.0,0.0,0.0,0.0
150,1238,23,309,387,True,False,7,7,0,0,0,0.0,0.0,0.0,0.0,0.0
150,1239,23,309,474,True,True,7,7,5,17,1,0.0,0.0,2.4285714285714284,0.7142857142857143,2.4285714285714284
151,1269,23,316,84,True,False,22,22,0,0,0,0.0,0.0,0.0,0.0,0.0
151,1270,23,316,115,True,False,22,22,0,0,0,0.0,0.0,0.0,0.0,0.0
151,1271,23,316,125,True,True,22,22,1,15,1,1.0,4.0,0.6818181818181818,0.045454545454545456,0.6818181818181818
151,1272,23,316,147,True,False,22,22,0,0,0,0.0,0.0,0.0,0.0,0.0
151,1273,23,316,217,True,False,22,22,0,0,0,0.0,0.0,0.0,0.0,0.0
151,1274,23,316,309,True,False,22,22,0,0,0,0.0,0.0,0.0,0.0,0.0
151,1275,23,316,341,True,False,22,22,0,0,0,0.0,0.0,0.0,0.0,0.0
151,1276,23,316,361,True,False,22,22,0,0,0,0.0,0.0,0.0,0.0,0.0
151,1277,23,316,385,True,True,22,22,15,120,1,1.0,6.5,5.454545454545454,0.6818181818181818,5.454545454545454
151,1278,23,316,389,True,False,22,22,0,0,0,0.0,0.0,0.0,0.0,0.0
151,1279,23,316,402,True,True,22,22,6,9,2,0.0,0.0,0.4090909090909091,0.2727272727272727,0.4090909090909091
151,1280,23,316,404,True,False,22,22,0,0,0,0.0,0.0,0.0,0.0,0.0
151,1281,23,316,474,True,True,22,22,15,130,1,0.0,3.0,5.909090909090909,0.6818181818181818,5.909090909090909
152,1521,23,385,23,True,True,212,212,26,153,4,0.0,3.0,0.7216981132075472,0.12264150943396226,0.7216981132075472
152,1522,23,385,24,True,True,212,212,48,343,3,0.0,7.0,1.6179245283018868,0.22641509433962265,1.6179245283018868
152,1523,23,385,84,True,False,212,212,0,0,0,0.0,0.0,0.0,0.0,0.0
152,1524,23,385,85,True,True,212,212,9,28,1,0.0,0.0,0.1320754716981132,0.04245283018867924,0.1320754716981132
152,1525,23,385,157,True,False,212,212,0,0,0,0.0,0.0,0.0,0.0,0.0
152,1526,23,385,217,True,True,212,212,52,691,4,0.0,4.0,3.259433962264151,0.24528301886792453,3.259433962264151
152,1527,23,385,224,True,False,212,212,0,0,0,0.0,0.0,0.0,0.0,0.0
152,1528,23,385,243,True,False,212,212,0,0,0,0.0,0.0,0.0,0.0,0.0
152,1529,23,385,296,True,True,212,212,12,25,3,8.0,10.0,0.1179245283018868,0.05660377358490566,0.1179245283018868
152,1530,23,385,316,True,True,212,212,4,4,1,0.0,0.0,0.018867924528301886,0.018867924528301886,0.018867924528301886
152,1531,23,385,389,True,False,212,212,0,0,0,0.0,0.0,0.0,0.0,0.0
152,1532,23,385,402,True,True,212,212,12,24,3,0.0,0.0,0.11320754716981132,0.05660377358490566,0.11320754716981132
152,1533,23,385,474,True,True,212,212,69,557,7,0.0,2.0,2.6273584905660377,0.32547169811320753,2.6273584905660377
153,1543,23,389,23,True,False,41,41,0,0,0,0.0,0.0,0.0,0.0,0.0
153,1544,23,389,58,True,True,41,41,17,254,2,0.0,5.0,6.195121951219512,0.4146341463414634,6.195121951219512
153,1545,23,389,84,True,False,41,41,0,0,0,0.0,0.0,0.0,0.0,0.0
153,1546,23,389,85,True,False,41,41,0,0,0,0.0,0.0,0.0,0.0,0.0
153,1547,23,389,115,True,False,41,41,0,0,0,0.0,0.0,0.0,0.0,0.0
153,1548,23,389,157,True,True,41,41,6,12,1,0.0,0.0,0.2926829268292683,0.14634146341463414,0.2926829268292683
153,1549,23,389,208,True,False,41,41,0,0,0,0.0,0.0,0.0,0.0,0.0
153,1550,23,389,296,True,False,41,41,0,0,0,0.0,0.0,0.0,0.0,0.0
153,1551,23,389,385,True,False,41,41,0,0,0,0.0,0.0,0.0,0.0,0.0
153,1552,23,389,474,True,True,41,41,21,176,2,0.0,1.0,4.2926829268292686,0.5121951219512195,4.2926829268292686
154,1583,23,402,7,True,False,61,61,0,0,0,0.0,0.0,0.0,0.0,0.0
154,1584,23,402,24,True,True,61,61,5,10,1,0.0,0.0,0.16393442622950818,0.08196721311475409,0.16393442622950818
154,1585,23,402,77,True,False,61,61,0,0,0,0.0,0.0,0.0,0.0,0.0
154,1586,23,402,84,True,False,61,61,0,0,0,0.0,0.0,0.0,0.0,0.0
154,1587,23,402,98,True,False,61,61,0,0,0,0.0,0.0,0.0,0.0,0.0
154,1588,23,402,115,True,False,61,61,0,0,0,0.0,0.0,0.0,0.0,0.0
154,1589,23,402,147,True,False,61,61,0,0,0,0.0,0.0,0.0,0.0,0.0
154,1590,23,402,217,True,False,61,61,0,0,0,0.0,0.0,0.0,0.0,0.0
154,1591,23,402,247,True,False,61,61,0,0,0,0.0,0.0,0.0,0.0,0.0
154,1592,23,402,309,True,True,61,61,17,36,2,0.0,0.0,0.5901639344262295,0.2786885245901639,0.5901639344262295
154,1593,23,402,316,True,True,61,61,12,32,2,0.0,0.0,0.5245901639344263,0.19672131147540983,0.5245901639344263
154,1594,23,402,352,True,False,61,61,0,0,0,0.0,0.0,0.0,0.0,0.0
154,1595,23,402,375,True,False,61,61,0,0,0,0.0,0.0,0.0,0.0,0.0
154,1596,23,402,385,True,True,61,61,8,28,2,0.0,0.0,0.45901639344262296,0.13114754098360656,0.45901639344262296
154,1597,23,402,474,True,True,61,61,18,18,2,0.0,0.0,0.29508196721311475,0.29508196721311475,0.29508196721311475
155,1782,23,474,7,True,False,50,50,0,0,0,0.0,0.0,0.0,0.0,0.0
155,1783,23,474,37,True,False,50,50,0,0,0,0.0,0.0,0.0,0.0,0.0
155,1784,23,474,39,True,False,50,50,0,0,0,0.0,0.0,0.0,0.0,0.0
155,1785,23,474,58,True,True,50,50,3,45,1,0.0,4.0,0.9,0.06,0.9
155,1786,23,474,84,True,False,50,50,0,0,0,0.0,0.0,0.0,0.0,0.0
155,1787,23,474,88,True,False,50,50,0,0,0,0.0,0.0,0.0,0.0,0.0
155,1788,23,474,115,True,False,50,50,0,0,0,0.0,0.0,0.0,0.0,0.0
155,1789,23,474,125,True,True,50,50,3,45,1,1.0,5.0,0.9,0.06,0.9
155,1790,23,474,143,True,False,50,50,0,0,0,0.0,0.0,0.0,0.0,0.0
155,1791,23,474,217,True,True,50,50,7,104,2,0.0,3.0,2.08,0.14,2.08
155,1792,23,474,243,True,False,50,50,0,0,0,0.0,0.0,0.0,0.0,0.0
155,1793,23,474,261,True,False,50,50,0,0,0,0.0,0.0,0.0,0.0,0.0
155,1794,23,474,279,True,True,50,50,6,90,1,1.0,5.0,1.8,0.12,1.8
155,1795,23,474,309,True,False,50,50,0,0,0,0.0,0.0,0.0,0.0,0.0
155,1796,23,474,317,True,False,50,50,0,0,0,0.0,0.0,0.0,0.0,0.0
155,1797,23,474,321,True,True,50,50,1,15,1,2.0,5.0,0.3,0.02,0.3
155,1798,23,474,385,True,True,50,50,21,264,3,0.0,4.0,5.28,0.42,5.28
155,1799,23,474,389,True,True,50,50,16,139,2,0.0,4.0,2.78,0.32,2.78
155,1800,23,474,402,True,False,50,50,0,0,0,0.0,0.0,0.0,0.0,0.0
156,216,24,37,7,True,False,4,4,0,0,0,0.0,0.0,0.0,0.0,0.0
156,217,24,37,24,True,True,4,4,2,10,1,0.0,0.0,2.5,0.5,2.5
156,218,24,37,84,True,False,4,4,0,0,0,0.0,0.0,0.0,0.0,0.0
156,219,24,37,115,True,False,4,4,0,0,0,0.0,0.0,0.0,0.0,0.0
156,220,24,37,143,True,False,4,4,0,0,0,0.0,0.0,0.0,0.0,0.0
156,221,24,37,161,True,False,4,4,0,0,0,0.0,0.0,0.0,0.0,0.0
156,222,24,37,217,True,False,4,4,0,0,0,0.0,0.0,0.0,0.0,0.0
156,223,24,37,279,True,False,4,4,0,0,0,0.0,0.0,0.0,0.0,0.0
156,224,24,37,290,True,False,4,4,0,0,0,0.0,0.0,0.0,0.0,0.0
156,225,24,37,316,True,False,4,4,0,0,0,0.0,0.0,0.0,0.0,0.0
156,226,24,37,347,True,False,4,4,0,0,0,0.0,0.0,0.0,0.0,0.0
156,227,24,37,385,True,False,4,4,0,0,0,0.0,0.0,0.0,0.0,0.0
156,228,24,37,402,True,False,4,4,0,0,0,0.0,0.0,0.0,0.0,0.0
156,229,24,37,404,True,False,4,4,0,0,0,0.0,0.0,0.0,0.0,0.0
156,230,24,37,432,True,False,4,4,0,0,0,0.0,0.0,0.0,0.0,0.0
156,231,24,37,474,True,False,4,4,0,0,0,0.0,0.0,0.0,0.0,0.0
157,366,24,84,24,True,True,12,12,12,81,2,0.0,1.0,6.75,1.0,6.75
157,367,24,84,58,True,False,12,12,0,0,0,0.0,0.0,0.0,0.0,0.0
157,368,24,84,115,True,False,12,12,0,0,0,0.0,0.0,0.0,0.0,0.0
157,369,24,84,316,True,False,12,12,0,0,0,0.0,0.0,0.0,0.0,0.0
157,370,24,84,385,True,False,12,12,0,0,0,0.0,0.0,0.0,0.0,0.0
157,371,24,84,389,True,False,12,12,0,0,0,0.0,0.0,0.0,0.0,0.0
157,372,24,84,402,True,False,12,12,0,0,0,0.0,0.0,0.0,0.0,0.0
157,373,24,84,474,True,False,12,12,0,0,0,0.0,0.0,0.0,0.0,0.0
158,897,24,224,37,True,False,429,429,0,0,0,0.0,0.0,0.0,0.0,0.0
158,898,24,224,120,True,True,429,429,347,1315,22,0.0,4.0,3.0652680652680653,0.8088578088578089,3.0652680652680653
158,899,24,224,304,True,True,429,429,429,4019,26,0.0,4.0,9.368298368298369,1.0,9.368298368298369
158,900,24,224,316,True,False,429,429,0,0,0,0.0,0.0,0.0,0.0,0.0
159,901,24,227,26,True,False,94,94,0,0,0,0.0,0.0,0.0,0.0,0.0
159,902,24,227,213,True,False,94,94,0,0,0,0.0,0.0,0.0,0.0,0.0
159,903,24,227,304,True,True,94,94,73,641,4,0.0,3.0,6.819148936170213,0.776595744680851,6.819148936170213
159,904,24,227,430,True,False,94,94,0,0,0,0.0,0.0,0.0,0.0,0.0
160,1224,24,304,37,True,False,58,58,0,0,0,0.0,0.0,0.0,0.0,0.0
160,1225,24,304,120,True,True,58,58,43,384,14,0.0,1.0,6.620689655172414,0.7413793103448276,6.620689655172414
160,1226,24,304,224,True,False,58,58,0,0,0,0.0,0.0,0.0,0.0,0.0
160,1227,24,304,227,True,False,58,58,0,0,0,0.0,0.0,0.0,0.0,0.0
161,108,26,16,26,True,True,136,136,1,4,1,0.0,0.0,0.029411764705882353,0.007352941176470588,0.029411764705882353
161,109,26,16,46,True,True,136,136,1,1,1,0.0,0.0,0.007352941176470588,0.007352941176470588,0.007352941176470588
161,110,26,16,238,True,True,136,136,77,674,6,0.0,6.0,4.955882352941177,0.5661764705882353,4.955882352941177
161,111,26,16,324,True,False,136,136,0,0,0,0.0,0.0,0.0,0.0,0.0
161,112,26,16,328,True,True,136,136,58,601,5,0.0,3.0,4.419117647058823,0.4264705882352941,4.419117647058823
161,113,26,16,382,True,True,136,136,65,600,6,0.0,3.0,4.411764705882353,0.47794117647058826,4.411764705882353
161,114,26,16,430,True,False,136,136,0,0,0,0.0,0.0,0.0,0.0,0.0
161,115,26,16,462,True,False,136,136,0,0,0,0.0,0.0,0.0,0.0,0.0
161,116,26,16,487,True,False,136,136,0,0,0,0.0,0.0,0.0,0.0,0.0
162,261,26,46,3,True,True,592,592,122,854,7,0.0,2.0,1.4425675675675675,0.20608108108108109,1.4425675675675675
162,262,26,46,26,True,True,592,592,17,68,3,0.0,0.0,0.11486486486486487,0.028716216216216218,0.11486486486486487
162,263,26,46,57,True,True,592,592,172,2045,12,0.0,5.0,3.454391891891892,0.2905405405405405,3.454391891891892
162,264,26,46,238,True,False,592,592,0,0,0,0.0,0.0,0.0,0.0,0.0
162,265,26,46,317,True,False,592,592,0,0,0,0.0,0.0,0.0,0.0,0.0
162,266,26,46,371,True,True,592,592,9,18,1,0.0,0.5,0.030405405405405407,0.015202702702702704,0.030405405405405407
162,267,26,46,406,True,True,592,592,399,4320,20,0.0,5.0,7.297297297297297,0.6739864864864865,7.297297297297297
163,404,26,109,30,True,False,5,5,0,0,0,0.0,0.0,0.0,0.0,0.0
163,405,26,109,140,True,False,5,5,0,0,0,0.0,0.0,0.0,0.0,0.0
163,406,26,109,146,True,False,5,5,0,0,0,0.0,0.0,0.0,0.0,0.0
163,407,26,109,163,True,False,5,5,0,0,0,0.0,0.0,0.0,0.0,0.0
163,408,26,109,205,True,False,5,5,0,0,0,0.0,0.0,0.0,0.0,0.0
163,409,26,109,259,True,False,5,5,0,0,0,0.0,0.0,0.0,0.0,0.0
163,410,26,109,328,True,False,5,5,0,0,0,0.0,0.0,0.0,0.0,0.0
163,411,26,109,371,True,False,5,5,0,0,0,0.0,0.0,0.0,0.0,0.0
163,412,26,109,404,True,False,5,5,0,0,0,0.0,0.0,0.0,0.0,0.0
163,413,26,109,405,True,False,5,5,0,0,0,0.0,0.0,0.0,0.0,0.0
163,414,26,109,430,True,False,5,5,0,0,0,0.0,0.0,0.0,0.0,0.0
163,415,26,109,487,True,False,5,5,0,0,0,0.0,0.0,0.0,0.0,0.0
163,416,26,109,494,True,False,5,5,0,0,0,0.0,0.0,0.0,0.0,0.0
164,877,26,213,57,True,True,44,44,23,286,2,0.0,4.0,6.5,0.5227272727272727,6.5
165,1091,26,266,26,True,True,124,124,2,2,1,0.0,0.0,0.016129032258064516,0.016129032258064516,0.016129032258064516
165,1092,26,266,30,True,True,124,124,94,1130,8,0.0,2.0,9.112903225806452,0.7580645161290323,9.112903225806452
165,1093,26,266,176,True,False,124,124,0,0,0,0.0,0.0,0.0,0.0,0.0
165,1094,26,266,252,True,False,124,124,0,0,0,0.0,0.0,0.0,0.0,0.0
165,1095,26,266,328,True,False,124,124,0,0,0,0.0,0.0,0.0,0.0,0.0
165,1096,26,266,430,True,True,124,124,3,19,2,0.0,0.0,0.1532258064516129,0.024193548387096774,0.1532258064516129
165,1097,26,266,462,True,True,124,124,20,42,3,0.0,0.0,0.3387096774193548,0.16129032258064516,0.3387096774193548
165,1098,26,266,487,True,False,124,124,0,0,0,0.0,0.0,0.0,0.0,0.0
166,1471,26,378,26,True,False,50,50,0,0,0,0.0,0.0,0.0,0.0,0.0
166,1472,26,378,46,True,False,50,50,0,0,0,0.0,0.0,0.0,0.0,0.0
166,1473,26,378,112,True,False,50,50,0,0,0,0.0,0.0,0.0,0.0,0.0
166,1474,26,378,213,True,False,50,50,0,0,0,0.0,0.0,0.0,0.0,0.0
166,1475,26,378,238,True,True,50,50,29,54,4,0.0,4.0,1.08,0.58,1.08
166,1476,26,378,294,True,False,50,50,0,0,0,0.0,0.0,0.0,0.0,0.0
166,1477,26,378,324,True,False,50,50,0,0,0,0.0,0.0,0.0,0.0,0.0
166,1478,26,378,382,True,True,50,50,23,159,3,0.0,2.0,3.18,0.46,3.18
166,1479,26,378,462,True,True,50,50,6,18,1,0.0,0.0,0.36,0.12,0.36
167,1493,26,382,10,True,False,4,4,0,0,0,0.0,0.0,0.0,0.0,0.0
167,1494,26,382,30,True,True,4,4,1,15,1,0.0,3.0,3.75,0.25,3.75
167,1495,26,382,42,True,False,4,4,0,0,0,0.0,0.0,0.0,0.0,0.0
167,1496,26,382,151,True,False,4,4,0,0,0,0.0,0.0,0.0,0.0,0.0
167,1497,26,382,238,True,True,4,4,3,17,2,0.0,3.0,4.25,0.75,4.25
167,1498,26,382,294,True,False,4,4,0,0,0,0.0,0.0,0.0,0.0,0.0
167,1499,26,382,324,True,False,4,4,0,0,0,0.0,0.0,0.0,0.0,0.0
167,1500,26,382,378,True,True,4,4,2,9,1,0.0,0.0,2.25,0.5,2.25
167,1501,26,382,387,True,False,4,4,0,0,0,0.0,0.0,0.0,0.0,0.0
167,1502,26,382,404,True,False,4,4,0,0,0,0.0,0.0,0.0,0.0,0.0
167,1503,26,382,405,True,False,4,4,0,0,0,0.0,0.0,0.0,0.0,0.0
167,1504,26,382,415,True,False,4,4,0,0,0,0.0,0.0,0.0,0.0,0.0
168,1673,26,430,3,True,True,122,122,108,897,12,0.0,2.0,7.352459016393443,0.8852459016393442,7.352459016393443
168,1674,26,430,26,True,True,122,122,4,5,2,0.0,0.0,0.040983606557377046,0.03278688524590164,0.040983606557377046
168,1675,26,430,46,True,True,122,122,51,215,5,0.0,1.0,1.7622950819672132,0.4180327868852459,1.7622950819672132
168,1676,26,430,266,True,True,122,122,2,4,1,0.0,0.0,0.03278688524590164,0.01639344262295082,0.03278688524590164
168,1677,26,430,487,True,False,122,122,0,0,0,0.0,0.0,0.0,0.0,0.0
169,1744,26,462,16,True,False,113,113,0,0,0,0.0,0.0,0.0,0.0,0.0
169,1745,26,462,26,True,False,113,113,0,0,0,0.0,0.0,0.0,0.0,0.0
169,1746,26,462,30,True,True,113,113,108,1260,9,0.0,2.0,11.150442477876107,0.9557522123893806,11.150442477876107
169,1747,26,462,46,True,False,113,113,0,0,0,0.0,0.0,0.0,0.0,0.0
169,1748,26,462,109,True,False,113,113,0,0,0,0.0,0.0,0.0,0.0,0.0
169,1749,26,462,266,True,True,113,113,11,26,3,0.0,0.0,0.23008849557522124,0.09734513274336283,0.23008849557522124
169,1750,26,462,324,True,False,113,113,0,0,0,0.0,0.0,0.0,0.0,0.0
169,1751,26,462,378,True,True,113,113,5,8,1,0.0,0.0,0.07079646017699115,0.04424778761061947,0.07079646017699115
169,1752,26,462,430,True,False,113,113,0,0,0,0.0,0.0,0.0,0.0,0.0
169,1753,26,462,487,True,False,113,113,0,0,0,0.0,0.0,0.0,0.0,0.0
169,1754,26,462,497,True,False,113,113,0,0,0,0.0,0.0,0.0,0.0,0.0
170,1819,26,487,3,True,False,6,6,0,0,0,0.0,0.0,0.0,0.0,0.0
170,1820,26,487,16,True,True,6,6,3,6,1,0.0,0.0,1.0,0.5,1.0
170,1821,26,487,26,True,True,6,6,6,20,2,0.0,0.0,3.3333333333333335,1.0,3.3333333333333335
170,1822,26,487,46,True,True,6,6,2,6,1,0.0,0.0,1.0,0.3333333333333333,1.0
170,1823,26,487,109,True,False,6,6,0,0,0,0.0,0.0,0.0,0.0,0.0
170,1824,26,487,140,True,False,6,6,0,0,0,0.0,0.0,0.0,0.0,0.0
170,1825,26,487,163,True,False,6,6,0,0,0,0.0,0.0,0.0,0.0,0.0
170,1826,26,487,262,True,False,6,6,0,0,0,0.0,0.0,0.0,0.0,0.0
170,1827,26,487,266,True,False,6,6,0,0,0,0.0,0.0,0.0,0.0,0.0
170,1828,26,487,297,True,False,6,6,0,0,0,0.0,0.0,0.0,0.0,0.0
170,1829,26,487,328,True,False,6,6,0,0,0,0.0,0.0,0.0,0.0,0.0
170,1830,26,487,371,True,False,6,6,0,0,0,0.0,0.0,0.0,0.0,0.0
170,1831,26,487,430,True,True,6,6,1,1,1,0.0,0.0,0.16666666666666666,0.16666666666666666,0.16666666666666666
170,1832,26,487,462,True,True,6,6,1,1,1,0.0,0.0,0.16666666666666666,0.16666666666666666,0.16666666666666666
171,1862,26,497,26,True,False,132,132,0,0,0,0.0,0.0,0.0,0.0,0.0
171,1863,26,497,46,True,False,132,132,0,0,0,0.0,0.0,0.0,0.0,0.0
171,1864,26,497,112,True,False,132,132,0,0,0,0.0,0.0,0.0,0.0,0.0
171,1865,26,497,213,True,False,132,132,0,0,0,0.0,0.0,0.0,0.0,0.0
171,1866,26,497,324,True,True,132,132,12,26,1,0.0,1.0,0.19696969696969696,0.09090909090909091,0.19696969696969696
171,1867,26,497,382,True,True,132,132,116,1482,8,0.0,2.0,11.227272727272727,0.8787878787878788,11.227272727272727
171,1868,26,497,462,True,False,132,132,0,0,0,0.0,0.0,0.0,0.0,0.0
172,0,28,1,56,True,False,28,28,0,0,0,0.0,0.0,0.0,0.0,0.0
172,1,28,1,196,True,False,28,28,0,0,0,0.0,0.0,0.0,0.0,0.0
172,2,28,1,203,True,False,28,28,0,0,0,0.0,0.0,0.0,0.0,0.0
172,3,28,1,207,True,False,28,28,0,0,0,0.0,0.0,0.0,0.0,0.0
172,4,28,1,222,True,False,28,28,0,0,0,0.0,0.0,0.0,0.0,0.0
172,5,28,1,263,True,False,28,28,0,0,0,0.0,0.0,0.0,0.0,0.0
172,6,28,1,271,True,False,28,28,0,0,0,0.0,0.0,0.0,0.0,0.0
172,7,28,1,297,True,False,28,28,0,0,0,0.0,0.0,0.0,0.0,0.0
172,8,28,1,299,True,False,28,28,0,0,0,0.0,0.0,0.0,0.0,0.0
172,9,28,1,303,True,False,28,28,0,0,0,0.0,0.0,0.0,0.0,0.0
172,10,28,1,355,True,True,28,28,5,5,1,0.0,0.0,0.17857142857142858,0.17857142857142858,0.17857142857142858
172,11,28,1,362,True,False,28,28,0,0,0,0.0,0.0,0.0,0.0,0.0
172,12,28,1,429,True,True,28,28,28,157,6,0.0,0.0,5.607142857142857,1.0,5.607142857142857
173,271,28,56,7,True,False,70,70,0,0,0,0.0,0.0,0.0,0.0,0.0
173,272,28,56,143,True,False,70,70,0,0,0,0.0,0.0,0.0,0.0,0.0
173,273,28,56,167,True,True,70,70,9,95,2,0.0,2.0,1.3571428571428572,0.12857142857142856,1.3571428571428572
173,274,28,56,207,True,False,70,70,0,0,0,0.0,0.0,0.0,0.0,0.0
173,275,28,56,263,True,True,70,70,4,10,1,0.0,1.0,0.14285714285714285,0.05714285714285714,0.14285714285714285
173,276,28,56,415,True,False,70,70,0,0,0,0.0,0.0,0.0,0.0,0.0
173,277,28,56,440,True,True,70,70,20,192,4,0.0,3.0,2.742857142857143,0.2857142857142857,2.742857142857143
173,278,28,56,509,True,True,70,70,5,55,1,0.0,1.0,0.7857142857142857,0.07142857142857142,0.7857142857142857
174,889,28,222,1,True,True,23,23,12,87,1,3.0,8.0,3.782608695652174,0.5217391304347826,3.782608695652174
174,890,28,222,56,True,False,23,23,0,0,0,0.0,0.0,0.0,0.0,0.0
174,891,28,222,207,True,False,23,23,0,0,0,0.0,0.0,0.0,0.0,0.0
174,892,28,222,263,True,False,23,23,0,0,0,0.0,0.0,0.0,0.0,0.0
174,893,28,222,355,True,True,23,23,17,83,2,0.0,8.0,3.608695652173913,0.7391304347826086,3.608695652173913
174,894,28,222,410,True,True,23,23,5,5,1,0.0,0.0,0.21739130434782608,0.21739130434782608,0.21739130434782608
174,895,28,222,415,True,False,23,23,0,0,0,0.0,0.0,0.0,0.0,0.0
174,896,28,222,429,True,True,23,23,11,53,2,0.0,0.0,2.3043478260869565,0.4782608695652174,2.3043478260869565
175,1108,28,271,1,True,True,107,107,5,10,1,0.0,0.0,0.09345794392523364,0.04672897196261682,0.09345794392523364
175,1109,28,271,28,True,True,107,107,15,15,4,0.0,0.0,0.14018691588785046,0.14018691588785046,0.14018691588785046
175,1110,28,271,42,True,False,107,107,0,0,0,0.0,0.0,0.0,0.0,0.0
175,1111,28,271,56,True,True,107,107,26,105,5,0.0,6.0,0.9813084112149533,0.24299065420560748,0.9813084112149533
175,1112,28,271,63,True,False,107,107,0,0,0,0.0,0.0,0.0,0.0,0.0
175,1113,28,271,146,True,False,107,107,0,0,0,0.0,0.0,0.0,0.0,0.0
175,1114,28,271,164,True,False,107,107,0,0,0,0.0,0.0,0.0,0.0,0.0
175,1115,28,271,171,True,False,107,107,0,0,0,0.0,0.0,0.0,0.0,0.0
175,1116,28,271,173,True,False,107,107,0,0,0,0.0,0.0,0.0,0.0,0.0
175,1117,28,271,180,True,False,107,107,0,0,0,0.0,0.0,0.0,0.0,0.0
175,1118,28,271,196,True,False,107,107,0,0,0,0.0,0.0,0.0,0.0,0.0
175,1119,28,271,207,True,False,107,107,0,0,0,0.0,0.0,0.0,0.0,0.0
175,1120,28,271,222,True,True,107,107,3,3,1,0.0,0.0,0.028037383177570093,0.028037383177570093,0.028037383177570093
175,1121,28,271,297,True,False,107,107,0,0,0,0.0,0.0,0.0,0.0,0.0
175,1122,28,271,355,True,True,107,107,19,24,4,0.0,5.0,0.22429906542056074,0.17757009345794392,0.22429906542056074
175,1123,28,271,369,True,True,107,107,5,5,1,0.0,0.0,0.04672897196261682,0.04672897196261682,0.04672897196261682
175,1124,28,271,410,True,True,107,107,33,52,4,0.0,0.0,0.48598130841121495,0.308411214953271,0.48598130841121495
175,1125,28,271,429,True,True,107,107,74,346,12,0.0,0.0,3.2336448598130842,0.6915887850467289,3.2336448598130842
176,1296,28,318,1,True,False,14,14,0,0,0,0.0,0.0,0.0,0.0,0.0
176,1297,28,318,56,True,False,14,14,0,0,0,0.0,0.0,0.0,0.0,0.0
176,1298,28,318,347,True,True,14,14,9,85,1,0.0,1.0,6.071428571428571,0.6428571428571429,6.071428571428571
177,1330,28,326,56,True,False,29,29,0,0,0,0.0,0.0,0.0,0.0,0.0
178,1379,28,347,37,True,False,112,112,0,0,0,0.0,0.0,0.0,0.0,0.0
178,1380,28,347,56,True,False,112,112,0,0,0,0.0,0.0,0.0,0.0,0.0
178,1381,28,347,207,True,False,112,112,0,0,0,0.0,0.0,0.0,0.0,0.0
178,1382,28,347,355,True,True,112,112,112,1202,8,0.0,3.0,10.732142857142858,1.0,10.732142857142858
178,1383,28,347,362,True,True,112,112,7,7,1,7.0,9.0,0.0625,0.0625,0.0625
179,1408,28,355,1,True,True,308,308,9,9,2,0.0,0.0,0.02922077922077922,0.02922077922077922,0.02922077922077922
179,1409,28,355,28,True,True,308,308,27,31,6,0.0,0.0,0.10064935064935066,0.08766233766233766,0.10064935064935066
179,1410,28,355,56,True,True,308,308,40,411,5,0.0,3.0,1.3344155844155845,0.12987012987012986,1.3344155844155845
179,1411,28,355,207,True,False,308,308,0,0,0,0.0,0.0,0.0,0.0,0.0
179,1412,28,355,271,True,True,308,308,8,11,3,0.0,0.0,0.03571428571428571,0.025974025974025976,0.03571428571428571
179,1413,28,355,318,True,False,308,308,0,0,0,0.0,0.0,0.0,0.0,0.0
179,1414,28,355,326,True,False,308,308,0,0,0,0.0,0.0,0.0,0.0,0.0
179,1415,28,355,347,True,True,308,308,9,56,1,5.0,9.0,0.18181818181818182,0.02922077922077922,0.18181818181818182
179,1416,28,355,362,True,True,308,308,21,54,2,1.0,5.0,0.17532467532467533,0.06818181818181818,0.17532467532467533
179,1417,28,355,369,True,True,308,308,12,12,3,0.0,0.0,0.03896103896103896,0.03896103896103896,0.03896103896103896
179,1418,28,355,398,True,False,308,308,0,0,0,0.0,0.0,0.0,0.0,0.0
179,1419,28,355,410,True,True,308,308,52,67,8,0.0,0.0,0.21753246753246752,0.16883116883116883,0.21753246753246752
179,1420,28,355,429,True,True,308,308,248,1563,28,0.0,0.0,5.074675324675325,0.8051948051948052,5.074675324675325
180,1441,28,369,56,True,False,17,17,0,0,0,0.0,0.0,0.0,0.0,0.0
180,1442,28,369,146,True,False,17,17,0,0,0,0.0,0.0,0.0,0.0,0.0
180,1443,28,369,163,True,False,17,17,0,0,0,0.0,0.0,0.0,0.0,0.0
180,1444,28,369,164,True,False,17,17,0,0,0,0.0,0.0,0.0,0.0,0.0
180,1445,28,369,207,True,False,17,17,0,0,0,0.0,0.0,0.0,0.0,0.0
180,1446,28,369,271,True,True,17,17,4,8,1,0.0,0.0,0.47058823529411764,0.23529411764705882,0.47058823529411764
180,1447,28,369,329,True,False,17,17,0,0,0,0.0,0.0,0.0,0.0,0.0
180,1448,28,369,355,True,True,17,17,8,8,2,0.0,0.0,0.47058823529411764,0.47058823529411764,0.47058823529411764
180,1449,28,369,371,True,False,17,17,0,0,0,0.0,0.0,0.0,0.0,0.0
180,1450,28,369,375,True,False,17,17,0,0,0,0.0,0.0,0.0,0.0,0.0
180,1451,28,369,410,True,False,17,17,0,0,0,0.0,0.0,0.0,0.0,0.0
180,1452,28,369,414,True,False,17,17,0,0,0,0.0,0.0,0.0,0.0,0.0
180,1453,28,369,429,True,True,17,17,13,77,3,0.0,0.0,4.529411764705882,0.7647058823529411,4.529411764705882
181,1629,28,410,146,True,False,66,66,0,0,0,0.0,0.0,0.0,0.0,0.0
181,1630,28,410,151,True,False,66,66,0,0,0,0.0,0.0,0.0,0.0,0.0
181,1631,28,410,164,True,False,66,66,0,0,0,0.0,0.0,0.0,0.0,0.0
181,1632,28,410,180,True,False,66,66,0,0,0,0.0,0.0,0.0,0.0,0.0
181,1633,28,410,205,True,False,66,66,0,0,0,0.0,0.0,0.0,0.0,0.0
181,1634,28,410,207,True,False,66,66,0,0,0,0.0,0.0,0.0,0.0,0.0
181,1635,28,410,271,True,False,66,66,0,0,0,0.0,0.0,0.0,0.0,0.0
181,1636,28,410,297,True,False,66,66,0,0,0,0.0,0.0,0.0,0.0,0.0
181,1637,28,410,355,True,True,66,66,13,145,2,0.0,4.0,2.196969696969697,0.19696969696969696,2.196969696969697
181,1638,28,410,369,True,False,66,66,0,0,0,0.0,0.0,0.0,0.0,0.0
181,1639,28,410,405,True,False,66,66,0,0,0,0.0,0.0,0.0,0.0,0.0
181,1640,28,410,414,True,True,66,66,43,427,9,0.0,7.0,6.46969696969697,0.6515151515151515,6.46969696969697
181,1641,28,410,429,True,True,66,66,54,228,12,0.0,0.0,3.4545454545454546,0.8181818181818182,3.4545454545454546
181,1642,28,410,485,True,False,66,66,0,0,0,0.0,0.0,0.0,0.0,0.0
182,1667,28,429,1,True,True,353,353,2,8,1,1.0,3.0,0.0226628895184136,0.0056657223796034,0.0226628895184136
182,1668,28,429,259,True,False,353,353,0,0,0,0.0,0.0,0.0,0.0,0.0
182,1669,28,429,297,True,True,353,353,31,139,3,0.0,2.0,0.3937677053824363,0.08781869688385269,0.3937677053824363
182,1670,28,429,369,True,True,353,353,10,29,1,0.0,2.0,0.0821529745042493,0.028328611898016998,0.0821529745042493
182,1671,28,429,410,True,True,353,353,327,2323,33,0.0,2.0,6.580736543909349,0.9263456090651558,6.580736543909349
182,1672,28,429,414,True,True,353,353,193,1117,21,0.0,3.0,3.1643059490084986,0.546742209631728,3.1643059490084986
183,776,30,176,16,True,False,11,11,0,0,0,0.0,0.0,0.0,0.0,0.0
183,777,30,176,266,True,False,11,11,0,0,0,0.0,0.0,0.0,0.0,0.0
183,778,30,176,383,True,False,11,11,0,0,0,0.0,0.0,0.0,0.0,0.0
183,779,30,176,462,True,False,11,11,0,0,0,0.0,0.0,0.0,0.0,0.0
184,831,30,199,10,True,False,29,29,0,0,0,0.0,0.0,0.0,0.0,0.0
184,832,30,199,39,True,False,29,29,0,0,0,0.0,0.0,0.0,0.0,0.0
184,833,30,199,77,True,False,29,29,0,0,0,0.0,0.0,0.0,0.0,0.0
184,834,30,199,117,True,False,29,29,0,0,0,0.0,0.0,0.0,0.0,0.0
184,835,30,199,170,True,False,29,29,0,0,0,0.0,0.0,0.0,0.0,0.0
184,836,30,199,176,True,False,29,29,0,0,0,0.0,0.0,0.0,0.0,0.0
184,837,30,199,238,True,False,29,29,0,0,0,0.0,0.0,0.0,0.0,0.0
184,838,30,199,252,True,False,29,29,0,0,0,0.0,0.0,0.0,0.0,0.0
184,839,30,199,317,True,True,29,29,17,49,2,0.0,3.0,1.6896551724137931,0.5862068965517241,1.6896551724137931
184,840,30,199,383,True,False,29,29,0,0,0,0.0,0.0,0.0,0.0,0.0
184,841,30,199,387,True,False,29,29,0,0,0,0.0,0.0,0.0,0.0,0.0
184,842,30,199,402,True,False,29,29,0,0,0,0.0,0.0,0.0,0.0,0.0
184,843,30,199,404,True,True,29,29,5,16,1,0.0,0.0,0.5517241379310345,0.1724137931034483,0.5517241379310345
184,844,30,199,462,True,False,29,29,0,0,0,0.0,0.0,0.0,0.0,0.0
184,845,30,199,494,True,True,29,29,17,139,2,0.0,3.0,4.793103448275862,0.5862068965517241,4.793103448275862
185,932,30,238,10,True,False,103,103,0,0,0,0.0,0.0,0.0,0.0,0.0
185,933,30,238,80,True,False,103,103,0,0,0,0.0,0.0,0.0,0.0,0.0
185,934,30,238,117,True,False,103,103,0,0,0,0.0,0.0,0.0,0.0,0.0
185,935,30,238,149,True,False,103,103,0,0,0,0.0,0.0,0.0,0.0,0.0
185,936,30,238,199,True,True,103,103,9,37,1,0.0,0.0,0.3592233009708738,0.08737864077669903,0.3592233009708738
185,937,30,238,294,True,True,103,103,12,36,1,0.0,3.0,0.34951456310679613,0.11650485436893204,0.34951456310679613
185,938,30,238,317,True,True,103,103,89,796,6,0.0,2.0,7.728155339805825,0.8640776699029126,7.728155339805825
185,939,30,238,387,True,False,103,103,0,0,0,0.0,0.0,0.0,0.0,0.0
185,940,30,238,404,True,True,103,103,41,217,4,0.0,1.0,2.1067961165048543,0.39805825242718446,2.1067961165048543
185,941,30,238,494,True,True,103,103,26,66,2,0.0,1.0,0.6407766990291263,0.2524271844660194,0.6407766990291263
186,1011,30,252,30,True,False,109,109,0,0,0,0.0,0.0,0.0,0.0,0.0
186,1012,30,252,39,True,True,109,109,5,66,1,3.0,7.0,0.6055045871559633,0.045871559633027525,0.6055045871559633
186,1013,30,252,176,True,True,109,109,63,619,3,0.0,6.0,5.678899082568807,0.5779816513761468,5.678899082568807
186,1014,30,252,199,True,True,109,109,5,37,1,0.0,3.0,0.3394495412844037,0.045871559633027525,0.3394495412844037
186,1015,30,252,259,True,False,109,109,0,0,0,0.0,0.0,0.0,0.0,0.0
186,1016,30,252,317,True,True,109,109,5,5,1,2.0,4.0,0.045871559633027525,0.045871559633027525,0.045871559633027525
186,1017,30,252,371,True,False,109,109,0,0,0,0.0,0.0,0.0,0.0,0.0
186,1018,30,252,383,True,True,109,109,16,184,2,0.0,5.0,1.688073394495413,0.14678899082568808,1.688073394495413
187,1171,30,290,7,True,False,23,23,0,0,0,0.0,0.0,0.0,0.0,0.0
187,1172,30,290,8,True,False,23,23,0,0,0,0.0,0.0,0.0,0.0,0.0
187,1173,30,290,77,True,False,23,23,0,0,0,0.0,0.0,0.0,0.0,0.0
187,1174,30,290,143,True,False,23,23,0,0,0,0.0,0.0,0.0,0.0,0.0
187,1175,30,290,184,True,False,23,23,0,0,0,0.0,0.0,0.0,0.0,0.0
187,1176,30,290,247,True,False,23,23,0,0,0,0.0,0.0,0.0,0.0,0.0
187,1177,30,290,261,True,False,23,23,0,0,0,0.0,0.0,0.0,0.0,0.0
187,1178,30,290,279,True,False,23,23,0,0,0,0.0,0.0,0.0,0.0,0.0
187,1179,30,290,317,True,True,23,23,18,88,2,0.0,2.0,3.8260869565217392,0.782608695652174,3.8260869565217392
187,1180,30,290,346,True,False,23,23,0,0,0,0.0,0.0,0.0,0.0,0.0
187,1181,30,290,383,True,False,23,23,0,0,0,0.0,0.0,0.0,0.0,0.0
187,1182,30,290,402,True,False,23,23,0,0,0,0.0,0.0,0.0,0.0,0.0
187,1183,30,290,474,True,True,23,23,3,23,1,0.0,1.0,1.0,0.13043478260869565,1.0
188,1282,30,317,30,True,True,61,61,10,10,2,0.0,0.0,0.16393442622950818,0.16393442622950818,0.16393442622950818
188,1283,30,317,39,True,False,61,61,0,0,0,0.0,0.0,0.0,0.0,0.0
188,1284,30,317,176,True,True,61,61,8,100,2,0.0,4.0,1.639344262295082,0.13114754098360656,1.639344262295082
188,1285,30,317,199,True,False,61,61,0,0,0,0.0,0.0,0.0,0.0,0.0
188,1286,30,317,238,True,False,61,61,0,0,0,0.0,0.0,0.0,0.0,0.0
188,1287,30,317,252,True,False,61,61,0,0,0,0.0,0.0,0.0,0.0,0.0
188,1288,30,317,294,True,False,61,61,0,0,0,0.0,0.0,0.0,0.0,0.0
188,1289,30,317,371,True,False,61,61,0,0,0,0.0,0.0,0.0,0.0,0.0
188,1290,30,317,383,True,True,61,61,7,104,1,0.0,7.0,1.7049180327868851,0.11475409836065574,1.7049180327868851
188,1291,30,317,387,True,False,61,61,0,0,0,0.0,0.0,0.0,0.0,0.0
188,1292,30,317,404,True,False,61,61,0,0,0,0.0,0.0,0.0,0.0,0.0
188,1293,30,317,455,True,False,61,61,0,0,0,0.0,0.0,0.0,0.0,0.0
188,1294,30,317,462,True,True,61,61,46,469,4,3.0,9.0,7.688524590163935,0.7540983606557377,7.688524590163935
188,1295,30,317,494,True,True,61,61,5,15,1,0.0,0.0,0.2459016393442623,0.08196721311475409,0.2459016393442623
189,1505,30,383,21,True,False,7,7,0,0,0,0.0,0.0,0.0,0.0,0.0
189,1506,30,383,39,True,True,7,7,7,22,2,0.0,1.0,3.142857142857143,1.0,3.142857142857143
189,1507,30,383,61,True,False,7,7,0,0,0,0.0,0.0,0.0,0.0,0.0
189,1508,30,383,129,True,False,7,7,0,0,0,0.0,0.0,0.0,0.0,0.0
189,1509,30,383,141,True,False,7,7,0,0,0,0.0,0.0,0.0,0.0,0.0
189,1510,30,383,169,True,False,7,7,0,0,0,0.0,0.0,0.0,0.0,0.0
189,1511,30,383,179,True,True,7,7,1,1,1,10.0,10.0,0.14285714285714285,0.14285714285714285,0.14285714285714285
189,1512,30,383,186,True,False,7,7,0,0,0,0.0,0.0,0.0,0.0,0.0
189,1513,30,383,273,True,False,7,7,0,0,0,0.0,0.0,0.0,0.0,0.0
189,1514,30,383,281,True,False,7,7,0,0,0,0.0,0.0,0.0,0.0,0.0
189,1515,30,383,313,True,False,7,7,0,0,0,0.0,0.0,0.0,0.0,0.0
189,1516,30,383,317,True,False,7,7,0,0,0,0.0,0.0,0.0,0.0,0.0
189,1517,30,383,335,True,False,7,7,0,0,0,0.0,0.0,0.0,0.0,0.0
189,1518,30,383,433,True,False,7,7,0,0,0,0.0,0.0,0.0,0.0,0.0
189,1519,30,383,455,True,False,7,7,0,0,0,0.0,0.0,0.0,0.0,0.0
189,1520,30,383,508,True,False,7,7,0,0,0,0.0,0.0,0.0,0.0,0.0
190,1598,30,404,10,True,False,105,105,0,0,0,0.0,0.0,0.0,0.0,0.0
190,1599,30,404,39,True,True,105,105,56,308,4,0.0,2.0,2.933333333333333,0.5333333333333333,2.933333333333333
190,1600,30,404,84,True,False,105,105,0,0,0,0.0,0.0,0.0,0.0,0.0
190,1601,30,404,115,True,False,105,105,0,0,0,0.0,0.0,0.0,0.0,0.0
190,1602,30,404,117,True,False,105,105,0,0,0,0.0,0.0,0.0,0.0,0.0
190,1603,30,404,169,True,True,105,105,10,40,1,6.0,8.0,0.38095238095238093,0.09523809523809523,0.38095238095238093
190,1604,30,404,199,True,True,105,105,1,2,1,0.0,0.5,0.01904761904761905,0.009523809523809525,0.01904761904761905
190,1605,30,404,217,True,False,105,105,0,0,0,0.0,0.0,0.0,0.0,0.0
190,1606,30,404,262,True,False,105,105,0,0,0,0.0,0.0,0.0,0.0,0.0
190,1607,30,404,294,True,False,105,105,0,0,0,0.0,0.0,0.0,0.0,0.0
190,1608,30,404,309,True,False,105,105,0,0,0,0.0,0.0,0.0,0.0,0.0
190,1609,30,404,316,True,False,105,105,0,0,0,0.0,0.0,0.0,0.0,0.0
190,1610,30,404,317,True,True,105,105,38,331,4,0.0,1.0,3.1523809523809523,0.3619047619047619,3.1523809523809523
190,1611,30,404,383,True,True,105,105,14,120,1,0.0,1.0,1.1428571428571428,0.13333333333333333,1.1428571428571428
190,1612,30,404,385,True,False,105,105,0,0,0,0.0,0.0,0.0,0.0,0.0
190,1613,30,404,387,True,False,105,105,0,0,0,0.0,0.0,0.0,0.0,0.0
190,1614,30,404,389,True,False,105,105,0,0,0,0.0,0.0,0.0,0.0,0.0
190,1615,30,404,433,True,False,105,105,0,0,0,0.0,0.0,0.0,0.0,0.0
190,1616,30,404,474,True,False,105,105,0,0,0,0.0,0.0,0.0,0.0,0.0
190,1617,30,404,494,True,True,105,105,21,101,3,0.0,2.0,0.9619047619047619,0.2,0.9619047619047619
191,1782,30,474,7,True,False,5,5,0,0,0,0.0,0.0,0.0,0.0,0.0
191,1783,30,474,37,True,False,5,5,0,0,0,0.0,0.0,0.0,0.0,0.0
191,1784,30,474,39,True,True,5,5,2,7,1,0.0,1.0,1.4,0.4,1.4
191,1785,30,474,58,True,False,5,5,0,0,0,0.0,0.0,0.0,0.0,0.0
191,1786,30,474,84,True,False,5,5,0,0,0,0.0,0.0,0.0,0.0,0.0
191,1787,30,474,88,True,False,5,5,0,0,0,0.0,0.0,0.0,0.0,0.0
191,1788,30,474,115,True,False,5,5,0,0,0,0.0,0.0,0.0,0.0,0.0
191,1789,30,474,125,True,False,5,5,0,0,0,0.0,0.0,0.0,0.0,0.0
191,1790,30,474,143,True,False,5,5,0,0,0,0.0,0.0,0.0,0.0,0.0
191,1791,30,474,217,True,False,5,5,0,0,0,0.0,0.0,0.0,0.0,0.0
191,1792,30,474,243,True,False,5,5,0,0,0,0.0,0.0,0.0,0.0,0.0
191,1793,30,474,261,True,False,5,5,0,0,0,0.0,0.0,0.0,0.0,0.0
191,1794,30,474,279,True,False,5,5,0,0,0,0.0,0.0,0.0,0.0,0.0
191,1795,30,474,309,True,False,5,5,0,0,0,0.0,0.0,0.0,0.0,0.0
191,1796,30,474,317,True,True,5,5,5,30,2,0.0,0.5,6.0,1.0,6.0
191,1797,30,474,321,True,False,5,5,0,0,0,0.0,0.0,0.0,0.0,0.0
191,1798,30,474,385,True,False,5,5,0,0,0,0.0,0.0,0.0,0.0,0.0
191,1799,30,474,389,True,False,5,5,0,0,0,0.0,0.0,0.0,0.0,0.0
191,1800,30,474,402,True,False,5,5,0,0,0,0.0,0.0,0.0,0.0,0.0
192,1844,30,494,16,True,True,82,82,1,1,1,10.0,10.0,0.012195121951219513,0.012195121951219513,0.012195121951219513
192,1845,30,494,39,True,True,82,82,9,9,1,0.0,1.0,0.10975609756097561,0.10975609756097561,0.10975609756097561
192,1846,30,494,109,True,False,82,82,0,0,0,0.0,0.0,0.0,0.0,0.0
192,1847,30,494,117,True,False,82,82,0,0,0,0.0,0.0,0.0,0.0,0.0
192,1848,30,494,169,True,False,82,82,0,0,0,0.0,0.0,0.0,0.0,0.0
192,1849,30,494,170,True,False,82,82,0,0,0,0.0,0.0,0.0,0.0,0.0
192,1850,30,494,176,True,False,82,82,0,0,0,0.0,0.0,0.0,0.0,0.0
192,1851,30,494,199,True,False,82,82,0,0,0,0.0,0.0,0.0,0.0,0.0
192,1852,30,494,238,True,True,82,82,1,1,1,0.0,0.0,0.012195121951219513,0.012195121951219513,0.012195121951219513
192,1853,30,494,252,True,False,82,82,0,0,0,0.0,0.0,0.0,0.0,0.0
192,1854,30,494,294,True,False,82,82,0,0,0,0.0,0.0,0.0,0.0,0.0
192,1855,30,494,311,True,False,82,82,0,0,0,0.0,0.0,0.0,0.0,0.0
192,1856,30,494,317,True,True,82,82,54,328,6,0.0,1.0,4.0,0.6585365853658537,4.0
192,1857,30,494,383,True,True,82,82,24,111,2,0.0,1.0,1.353658536585366,0.2926829268292683,1.353658536585366
192,1858,30,494,404,True,False,82,82,0,0,0,0.0,0.0,0.0,0.0,0.0
192,1859,30,494,455,True,True,82,82,15,15,1,0.0,3.0,0.18292682926829268,0.18292682926829268,0.18292682926829268
192,1860,30,494,462,True,True,82,82,3,4,1,9.0,10.0,0.04878048780487805,0.036585365853658534,0.04878048780487805
192,1861,30,494,474,True,True,82,82,12,52,1,0.0,1.0,0.6341463414634146,0.14634146341463414,0.6341463414634146
193,82,31,12,6,True,False,16,16,0,0,0,0.0,0.0,0.0,0.0,0.0
193,83,31,12,58,True,False,16,16,0,0,0,0.0,0.0,0.0,0.0,0.0
193,84,31,12,113,True,False,16,16,0,0,0,0.0,0.0,0.0,0.0,0.0
193,85,31,12,121,True,False,16,16,0,0,0,0.0,0.0,0.0,0.0,0.0
193,86,31,12,144,True,False,16,16,0,0,0,0.0,0.0,0.0,0.0,0.0
193,87,31,12,243,True,False,16,16,0,0,0,0.0,0.0,0.0,0.0,0.0
193,88,31,12,251,True,False,16,16,0,0,0,0.0,0.0,0.0,0.0,0.0
193,89,31,12,321,True,False,16,16,0,0,0,0.0,0.0,0.0,0.0,0.0
193,90,31,12,335,True,True,16,16,14,48,6,0.0,0.0,3.0,0.875,3.0
193,91,31,12,463,True,True,16,16,14,14,6,0.0,0.0,0.875,0.875,0.875
193,92,31,12,481,True,False,16,16,0,0,0,0.0,0.0,0.0,0.0,0.0
194,318,31,74,2,True,False,262,262,0,0,0,0.0,0.0,0.0,0.0,0.0
194,319,31,74,6,True,False,262,262,0,0,0,0.0,0.0,0.0,0.0,0.0
194,320,31,74,12,True,True,262,262,11,11,6,0.0,0.0,0.04198473282442748,0.04198473282442748,0.04198473282442748
194,321,31,74,58,True,False,262,262,0,0,0,0.0,0.0,0.0,0.0,0.0
194,322,31,74,121,True,False,262,262,0,0,0,0.0,0.0,0.0,0.0,0.0
194,323,31,74,139,True,False,262,262,0,0,0,0.0,0.0,0.0,0.0,0.0
194,324,31,74,169,True,True,262,262,31,75,14,0.0,0.0,0.2862595419847328,0.1183206106870229,0.2862595419847328
194,325,31,74,175,True,False,262,262,0,0,0,0.0,0.0,0.0,0.0,0.0
194,326,31,74,243,True,False,262,262,0,0,0,0.0,0.0,0.0,0.0,0.0
194,327,31,74,248,True,True,262,262,223,272,82,0.0,0.0,1.0381679389312977,0.851145038167939,1.0381679389312977
194,328,31,74,281,True,True,262,262,63,175,21,0.0,0.0,0.6679389312977099,0.24045801526717558,0.6679389312977099
194,329,31,74,335,True,True,262,262,31,57,16,0.0,0.0,0.21755725190839695,0.1183206106870229,0.21755725190839695
194,330,31,74,361,True,False,262,262,0,0,0,0.0,0.0,0.0,0.0,0.0
194,331,31,74,383,True,True,262,262,10,18,3,0.0,0.0,0.06870229007633588,0.03816793893129771,0.06870229007633588
194,332,31,74,433,True,True,262,262,15,31,8,0.0,0.0,0.1183206106870229,0.05725190839694656,0.1183206106870229
194,333,31,74,449,True,False,262,262,0,0,0,0.0,0.0,0.0,0.0,0.0
194,334,31,74,455,True,True,262,262,63,163,21,0.0,0.0,0.6221374045801527,0.24045801526717558,0.6221374045801527
194,335,31,74,463,True,True,262,262,259,516,86,0.0,0.0,1.9694656488549618,0.9885496183206107,1.9694656488549618
194,336,31,74,508,True,True,262,262,28,31,9,0.0,0.0,0.1183206106870229,0.10687022900763359,0.1183206106870229
195,465,31,121,2,True,False,5,5,0,0,0,0.0,0.0,0.0,0.0,0.0
195,466,31,121,22,True,False,5,5,0,0,0,0.0,0.0,0.0,0.0,0.0
195,467,31,121,113,True,False,5,5,0,0,0,0.0,0.0,0.0,0.0,0.0
195,468,31,121,139,True,False,5,5,0,0,0,0.0,0.0,0.0,0.0,0.0
195,469,31,121,144,True,False,5,5,0,0,0,0.0,0.0,0.0,0.0,0.0
195,470,31,121,175,True,False,5,5,0,0,0,0.0,0.0,0.0,0.0,0.0
195,471,31,121,251,True,False,5,5,0,0,0,0.0,0.0,0.0,0.0,0.0
195,472,31,121,273,True,False,5,5,0,0,0,0.0,0.0,0.0,0.0,0.0
195,473,31,121,481,True,False,5,5,0,0,0,0.0,0.0,0.0,0.0,0.0
196,703,31,169,13,True,False,42,42,0,0,0,0.0,0.0,0.0,0.0,0.0
196,704,31,169,21,True,False,42,42,0,0,0,0.0,0.0,0.0,0.0,0.0
196,705,31,169,39,True,True,42,42,9,109,5,1.0,6.0,2.5952380952380953,0.21428571428571427,2.5952380952380953
196,706,31,169,61,True,False,42,42,0,0,0,0.0,0.0,0.0,0.0,0.0
196,707,31,169,129,True,False,42,42,0,0,0,0.0,0.0,0.0,0.0,0.0
196,708,31,169,139,True,False,42,42,0,0,0,0.0,0.0,0.0,0.0,0.0
196,709,31,169,141,True,False,42,42,0,0,0,0.0,0.0,0.0,0.0,0.0
196,710,31,169,156,True,False,42,42,0,0,0,0.0,0.0,0.0,0.0,0.0
196,711,31,169,179,True,False,42,42,0,0,0,0.0,0.0,0.0,0.0,0.0
196,712,31,169,186,True,False,42,42,0,0,0,0.0,0.0,0.0,0.0,0.0
196,713,31,169,199,True,True,42,42,8,78,4,0.0,2.0,1.8571428571428572,0.19047619047619047,1.8571428571428572
196,714,31,169,248,True,False,42,42,0,0,0,0.0,0.0,0.0,0.0,0.0
196,715,31,169,383,True,True,42,42,7,29,3,2.0,5.0,0.6904761904761905,0.16666666666666666,0.6904761904761905
196,716,31,169,433,True,True,42,42,1,1,1,0.0,0.0,0.023809523809523808,0.023809523809523808,0.023809523809523808
196,717,31,169,455,True,True,42,42,4,20,2,0.0,0.0,0.47619047619047616,0.09523809523809523,0.47619047619047616
196,718,31,169,508,True,True,42,42,23,235,11,0.0,1.0,5.595238095238095,0.5476190476190477,5.595238095238095
197,980,31,248,2,True,False,382,382,0,0,0,0.0,0.0,0.0,0.0,0.0
197,981,31,248,12,True,True,382,382,18,20,7,0.0,0.0,0.05235602094240838,0.04712041884816754,0.05235602094240838
197,982,31,248,22,True,False,382,382,0,0,0,0.0,0.0,0.0,0.0,0.0
197,983,31,248,121,True,True,382,382,10,15,2,0.0,0.0,0.03926701570680628,0.02617801047120419,0.03926701570680628
197,984,31,248,139,True,False,382,382,0,0,0,0.0,0.0,0.0,0.0,0.0
197,985,31,248,144,True,False,382,382,0,0,0,0.0,0.0,0.0,0.0,0.0
197,986,31,248,169,True,True,382,382,80,293,20,0.0,0.0,0.7670157068062827,0.2094240837696335,0.7670157068062827
197,987,31,248,175,True,False,382,382,0,0,0,0.0,0.0,0.0,0.0,0.0
197,988,31,248,262,True,True,382,382,4,12,2,0.0,0.0,0.031413612565445025,0.010471204188481676,0.031413612565445025
197,989,31,248,273,True,False,382,382,0,0,0,0.0,0.0,0.0,0.0,0.0
197,990,31,248,281,True,True,382,382,54,176,22,0.0,0.0,0.4607329842931937,0.14136125654450263,0.4607329842931937
197,991,31,248,335,True,True,382,382,81,271,18,0.0,0.0,0.7094240837696335,0.21204188481675393,0.7094240837696335
197,992,31,248,383,True,True,382,382,10,16,3,0.0,0.0,0.041884816753926704,0.02617801047120419,0.041884816753926704
197,993,31,248,433,True,True,382,382,15,41,8,0.0,0.0,0.10732984293193717,0.03926701570680628,0.10732984293193717
197,994,31,248,455,True,True,382,382,73,249,24,0.0,0.0,0.6518324607329843,0.19109947643979058,0.6518324607329843
197,995,31,248,463,True,True,382,382,352,607,96,0.0,0.0,1.5890052356020943,0.9214659685863874,1.5890052356020943
197,996,31,248,508,True,True,382,382,57,123,19,0.0,0.0,0.3219895287958115,0.14921465968586387,0.3219895287958115
198,1075,31,262,13,True,False,4,4,0,0,0,0.0,0.0,0.0,0.0,0.0
198,1076,31,262,85,True,False,4,4,0,0,0,0.0,0.0,0.0,0.0,0.0
198,1077,31,262,129,True,False,4,4,0,0,0,0.0,0.0,0.0,0.0,0.0
198,1078,31,262,179,True,False,4,4,0,0,0,0.0,0.0,0.0,0.0,0.0
198,1079,31,262,247,True,False,4,4,0,0,0,0.0,0.0,0.0,0.0,0.0
198,1080,31,262,381,True,False,4,4,0,0,0,0.0,0.0,0.0,0.0,0.0
198,1081,31,262,487,True,False,4,4,0,0,0,0.0,0.0,0.0,0.0,0.0
199,1153,31,281,13,True,False,28,28,0,0,0,0.0,0.0,0.0,0.0,0.0
199,1154,31,281,21,True,False,28,28,0,0,0,0.0,0.0,0.0,0.0,0.0
199,1155,31,281,61,True,False,28,28,0,0,0,0.0,0.0,0.0,0.0,0.0
199,1156,31,281,74,True,False,28,28,0,0,0,0.0,0.0,0.0,0.0,0.0
199,1157,31,281,117,True,True,28,28,13,144,13,0.0,5.0,5.142857142857143,0.4642857142857143,5.142857142857143
199,1158,31,281,141,True,False,28,28,0,0,0,0.0,0.0,0.0,0.0,0.0
199,1159,31,281,179,True,False,28,28,0,0,0,0.0,0.0,0.0,0.0,0.0
199,1160,31,281,186,True,False,28,28,0,0,0,0.0,0.0,0.0,0.0,0.0
199,1161,31,281,199,True,True,28,28,1,1,1,3.0,3.0,0.03571428571428571,0.03571428571428571,0.03571428571428571
199,1162,31,281,313,True,False,28,28,0,0,0,0.0,0.0,0.0,0.0,0.0
199,1163,31,281,387,True,True,28,28,1,5,1,3.0,5.0,0.17857142857142858,0.03571428571428571,0.17857142857142858
200,1350,31,335,21,True,False,40,40,0,0,0,0.0,0.0,0.0,0.0,0.0
200,1351,31,335,61,True,False,40,40,0,0,0,0.0,0.0,0.0,0.0,0.0
200,1352,31,335,141,True,False,40,40,0,0,0,0.0,0.0,0.0,0.0,0.0
200,1353,31,335,156,True,False,40,40,0,0,0,0.0,0.0,0.0,0.0,0.0
200,1354,31,335,179,True,False,40,40,0,0,0,0.0,0.0,0.0,0.0,0.0
200,1355,31,335,186,True,False,40,40,0,0,0,0.0,0.0,0.0,0.0,0.0
200,1356,31,335,248,True,False,40,40,0,0,0,0.0,0.0,0.0,0.0,0.0
200,1357,31,335,488,True,False,40,40,0,0,0,0.0,0.0,0.0,0.0,0.0
200,1358,31,335,508,True,True,40,40,5,41,3,0.0,0.0,1.025,0.125,1.025
201,1505,31,383,21,True,False,3,3,0,0,0,0.0,0.0,0.0,0.0,0.0
201,1506,31,383,39,True,True,3,3,1,15,1,4.0,7.0,5.0,0.3333333333333333,5.0
201,1507,31,383,61,True,False,3,3,0,0,0,0.0,0.0,0.0,0.0,0.0
201,1508,31,383,129,True,False,3,3,0,0,0,0.0,0.0,0.0,0.0,0.0
201,1509,31,383,141,True,False,3,3,0,0,0,0.0,0.0,0.0,0.0,0.0
201,1510,31,383,169,True,True,3,3,1,2,1,0.0,0.0,0.6666666666666666,0.3333333333333333,0.6666666666666666
201,1511,31,383,179,True,False,3,3,0,0,0,0.0,0.0,0.0,0.0,0.0
201,1512,31,383,186,True,False,3,3,0,0,0,0.0,0.0,0.0,0.0,0.0
201,1513,31,383,273,True,False,3,3,0,0,0,0.0,0.0,0.0,0.0,0.0
201,1514,31,383,281,True,False,3,3,0,0,0,0.0,0.0,0.0,0.0,0.0
201,1515,31,383,313,True,False,3,3,0,0,0,0.0,0.0,0.0,0.0,0.0
201,1516,31,383,317,True,False,3,3,0,0,0,0.0,0.0,0.0,0.0,0.0
201,1517,31,383,335,True,False,3,3,0,0,0,0.0,0.0,0.0,0.0,0.0
201,1518,31,383,433,True,False,3,3,0,0,0,0.0,0.0,0.0,0.0,0.0
201,1519,31,383,455,True,False,3,3,0,0,0,0.0,0.0,0.0,0.0,0.0
201,1520,31,383,508,True,True,3,3,2,8,2,0.0,0.0,2.6666666666666665,0.6666666666666666,2.6666666666666665
202,1687,31,433,13,True,False,8,8,0,0,0,0.0,0.0,0.0,0.0,0.0
202,1688,31,433,21,True,False,8,8,0,0,0,0.0,0.0,0.0,0.0,0.0
202,1689,31,433,39,True,True,8,8,1,2,1,6.0,6.0,0.25,0.125,0.25
202,1690,31,433,61,True,False,8,8,0,0,0,0.0,0.0,0.0,0.0,0.0
202,1691,31,433,74,True,False,8,8,0,0,0,0.0,0.0,0.0,0.0,0.0
202,1692,31,433,129,True,False,8,8,0,0,0,0.0,0.0,0.0,0.0,0.0
202,1693,31,433,141,True,False,8,8,0,0,0,0.0,0.0,0.0,0.0,0.0
202,1694,31,433,156,True,False,8,8,0,0,0,0.0,0.0,0.0,0.0,0.0
202,1695,31,433,169,True,True,8,8,1,5,1,0.0,0.0,0.625,0.125,0.625
202,1696,31,433,179,True,False,8,8,0,0,0,0.0,0.0,0.0,0.0,0.0
202,1697,31,433,186,True,False,8,8,0,0,0,0.0,0.0,0.0,0.0,0.0
202,1698,31,433,199,True,False,8,8,0,0,0,0.0,0.0,0.0,0.0,0.0
202,1699,31,433,245,True,False,8,8,0,0,0,0.0,0.0,0.0,0.0,0.0
202,1700,31,433,248,True,False,8,8,0,0,0,0.0,0.0,0.0,0.0,0.0
202,1701,31,433,381,True,False,8,8,0,0,0,0.0,0.0,0.0,0.0,0.0
202,1702,31,433,508,True,True,8,8,6,42,5,0.0,1.0,5.25,0.75,5.25
203,1726,31,455,13,True,False,44,44,0,0,0,0.0,0.0,0.0,0.0,0.0
203,1727,31,455,21,True,False,44,44,0,0,0,0.0,0.0,0.0,0.0,0.0
203,1728,31,455,39,True,True,44,44,5,72,3,3.0,7.0,1.6363636363636365,0.11363636363636363,1.6363636363636365
203,1729,31,455,61,True,False,44,44,0,0,0,0.0,0.0,0.0,0.0,0.0
203,1730,31,455,74,True,False,44,44,0,0,0,0.0,0.0,0.0,0.0,0.0
203,1731,31,455,117,True,True,44,44,18,174,10,0.0,7.0,3.9545454545454546,0.4090909090909091,3.9545454545454546
203,1732,31,455,129,True,False,44,44,0,0,0,0.0,0.0,0.0,0.0,0.0
203,1733,31,455,141,True,False,44,44,0,0,0,0.0,0.0,0.0,0.0,0.0
203,1734,31,455,169,True,False,44,44,0,0,0,0.0,0.0,0.0,0.0,0.0
203,1735,31,455,179,True,False,44,44,0,0,0,0.0,0.0,0.0,0.0,0.0
203,1736,31,455,186,True,False,44,44,0,0,0,0.0,0.0,0.0,0.0,0.0
203,1737,31,455,199,True,True,44,44,11,143,7,0.0,3.0,3.25,0.25,3.25
203,1738,31,455,248,True,False,44,44,0,0,0,0.0,0.0,0.0,0.0,0.0
203,1739,31,455,281,True,True,44,44,2,10,2,0.0,0.0,0.22727272727272727,0.045454545454545456,0.22727272727272727
203,1740,31,455,313,True,False,44,44,0,0,0,0.0,0.0,0.0,0.0,0.0
203,1741,31,455,317,True,True,44,44,3,6,1,5.0,6.0,0.13636363636363635,0.06818181818181818,0.13636363636363635
203,1742,31,455,383,True,True,44,44,11,87,5,0.0,7.0,1.9772727272727273,0.25,1.9772727272727273
203,1743,31,455,508,True,True,44,44,7,59,5,0.0,1.0,1.3409090909090908,0.1590909090909091,1.3409090909090908
204,1755,31,463,6,True,False,452,452,0,0,0,0.0,0.0,0.0,0.0,0.0
204,1756,31,463,58,True,False,452,452,0,0,0,0.0,0.0,0.0,0.0,0.0
204,1757,31,463,117,True,True,452,452,8,14,2,0.0,0.0,0.030973451327433628,0.017699115044247787,0.030973451327433628
204,1758,31,463,169,True,True,452,452,82,344,21,0.0,0.0,0.7610619469026548,0.18141592920353983,0.7610619469026548
204,1759,31,463,199,True,True,452,452,23,47,5,0.0,0.0,0.10398230088495575,0.05088495575221239,0.10398230088495575
204,1760,31,463,217,True,False,452,452,0,0,0,0.0,0.0,0.0,0.0,0.0
204,1761,31,463,243,True,False,452,452,0,0,0,0.0,0.0,0.0,0.0,0.0
204,1762,31,463,262,True,True,452,452,8,56,2,0.0,0.0,0.12389380530973451,0.017699115044247787,0.12389380530973451
204,1763,31,463,281,True,True,452,452,90,526,22,0.0,0.0,1.163716814159292,0.19911504424778761,1.163716814159292
204,1764,31,463,335,True,True,452,452,71,230,17,0.0,0.0,0.5088495575221239,0.1570796460176991,0.5088495575221239
204,1765,31,463,361,True,False,452,452,0,0,0,0.0,0.0,0.0,0.0,0.0
204,1766,31,463,383,True,True,452,452,10,36,4,0.0,0.0,0.07964601769911504,0.022123893805309734,0.07964601769911504
204,1767,31,463,433,True,True,452,452,22,61,9,0.0,0.0,0.13495575221238937,0.048672566371681415,0.13495575221238937
204,1768,31,463,455,True,True,452,452,108,572,27,0.0,0.0,1.2654867256637168,0.23893805309734514,1.2654867256637168
204,1769,31,463,508,True,True,452,452,76,278,26,0.0,0.0,0.6150442477876106,0.168141592920354,0.6150442477876106
205,30,34,6,13,True,False,98,98,0,0,0,0.0,0.0,0.0,0.0,0.0
205,31,34,6,21,True,False,98,98,0,0,0,0.0,0.0,0.0,0.0,0.0
205,32,34,6,125,True,True,98,98,14,160,2,0.0,4.0,1.6326530612244898,0.14285714285714285,1.6326530612244898
205,33,34,6,156,True,False,98,98,0,0,0,0.0,0.0,0.0,0.0,0.0
205,34,34,6,179,True,False,98,98,0,0,0,0.0,0.0,0.0,0.0,0.0
205,35,34,6,186,True,False,98,98,0,0,0,0.0,0.0,0.0,0.0,0.0
205,36,34,6,243,True,True,98,98,2,3,1,0.0,0.0,0.030612244897959183,0.02040816326530612,0.030612244897959183
205,37,34,6,245,True,False,98,98,0,0,0,0.0,0.0,0.0,0.0,0.0
205,38,34,6,309,True,True,98,98,29,201,5,1.0,7.0,2.0510204081632653,0.29591836734693877,2.0510204081632653
205,39,34,6,313,True,False,98,98,0,0,0,0.0,0.0,0.0,0.0,0.0
205,40,34,6,319,True,False,98,98,0,0,0,0.0,0.0,0.0,0.0,0.0
205,41,34,6,381,True,False,98,98,0,0,0,0.0,0.0,0.0,0.0,0.0
206,281,34,58,13,True,False,39,39,0,0,0,0.0,0.0,0.0,0.0,0.0
206,282,34,58,21,True,False,39,39,0,0,0,0.0,0.0,0.0,0.0,0.0
206,283,34,58,84,True,True,39,39,9,27,1,5.0,8.0,0.6923076923076923,0.23076923076923078,0.6923076923076923
206,284,34,58,129,True,False,39,39,0,0,0,0.0,0.0,0.0,0.0,0.0
206,285,34,58,156,True,False,39,39,0,0,0,0.0,0.0,0.0,0.0,0.0
206,286,34,58,179,True,False,39,39,0,0,0,0.0,0.0,0.0,0.0,0.0
206,287,34,58,186,True,False,39,39,0,0,0,0.0,0.0,0.0,0.0,0.0
206,288,34,58,243,True,True,39,39,1,3,1,0.0,0.0,0.07692307692307693,0.02564102564102564,0.07692307692307693
206,289,34,58,245,True,False,39,39,0,0,0,0.0,0.0,0.0,0.0,0.0
206,290,34,58,381,True,False,39,39,0,0,0,0.0,0.0,0.0,0.0,0.0
206,291,34,58,389,True,True,39,39,1,2,1,0.0,0.0,0.05128205128205128,0.02564102564102564,0.05128205128205128
206,292,34,58,449,True,False,39,39,0,0,0,0.0,0.0,0.0,0.0,0.0
207,425,34,113,7,True,True,134,134,20,145,4,0.0,5.0,1.0820895522388059,0.14925373134328357,1.0820895522388059
207,426,34,113,133,True,True,134,134,13,134,3,0.0,4.0,1.0,0.09701492537313433,1.0
207,427,34,113,143,True,True,134,134,3,44,1,0.0,3.0,0.3283582089552239,0.022388059701492536,0.3283582089552239
207,428,34,113,157,True,True,134,134,7,55,1,0.0,3.0,0.41044776119402987,0.05223880597014925,0.41044776119402987
207,429,34,113,196,True,True,134,134,16,75,2,0.0,4.0,0.5597014925373134,0.11940298507462686,0.5597014925373134
207,430,34,113,279,True,True,134,134,11,162,2,0.0,4.0,1.208955223880597,0.08208955223880597,1.208955223880597
207,431,34,113,318,True,False,134,134,0,0,0,0.0,0.0,0.0,0.0,0.0
207,432,34,113,440,True,True,134,134,13,67,3,0.0,4.0,0.5,0.09701492537313433,0.5
207,433,34,113,509,True,True,134,134,6,14,2,1.0,4.0,0.1044776119402985,0.04477611940298507,0.1044776119402985
208,878,34,217,6,True,False,19,19,0,0,0,0.0,0.0,0.0,0.0,0.0
208,879,34,217,13,True,False,19,19,0,0,0,0.0,0.0,0.0,0.0,0.0
208,880,34,217,21,True,False,19,19,0,0,0,0.0,0.0,0.0,0.0,0.0
208,881,34,217,58,True,False,19,19,0,0,0,0.0,0.0,0.0,0.0,0.0
208,882,34,217,129,True,False,19,19,0,0,0,0.0,0.0,0.0,0.0,0.0
208,883,34,217,156,True,False,19,19,0,0,0,0.0,0.0,0.0,0.0,0.0
208,884,34,217,179,True,False,19,19,0,0,0,0.0,0.0,0.0,0.0,0.0
208,885,34,217,186,True,False,19,19,0,0,0,0.0,0.0,0.0,0.0,0.0
208,886,34,217,243,True,True,19,19,7,82,3,0.0,5.0,4.315789473684211,0.3684210526315789,4.315789473684211
208,887,34,217,319,True,False,19,19,0,0,0,0.0,0.0,0.0,0.0,0.0
208,888,34,217,385,True,True,19,19,9,45,1,1.0,5.0,2.3684210526315788,0.47368421052631576,2.3684210526315788
209,946,34,243,6,True,True,296,296,2,2,1,0.0,0.0,0.006756756756756757,0.006756756756756757,0.006756756756756757
209,947,34,243,21,True,False,296,296,0,0,0,0.0,0.0,0.0,0.0,0.0
209,948,34,243,84,True,False,296,296,0,0,0,0.0,0.0,0.0,0.0,0.0
209,949,34,243,85,True,False,296,296,0,0,0,0.0,0.0,0.0,0.0,0.0
209,950,34,243,115,True,True,296,296,18,135,2,1.0,5.0,0.4560810810810811,0.060810810810810814,0.4560810810810811
209,951,34,243,125,True,True,296,296,9,121,1,0.0,2.0,0.40878378378378377,0.030405405405405407,0.40878378378378377
209,952,34,243,129,True,False,296,296,0,0,0,0.0,0.0,0.0,0.0,0.0
209,953,34,243,156,True,False,296,296,0,0,0,0.0,0.0,0.0,0.0,0.0
209,954,34,243,179,True,False,296,296,0,0,0,0.0,0.0,0.0,0.0,0.0
209,955,34,243,199,True,True,296,296,14,33,2,0.0,6.0,0.11148648648648649,0.0472972972972973,0.11148648648648649
209,956,34,243,217,True,True,296,296,28,300,5,0.0,3.0,1.0135135135135136,0.0945945945945946,1.0135135135135136
209,957,34,243,319,True,False,296,296,0,0,0,0.0,0.0,0.0,0.0,0.0
209,958,34,243,385,True,True,296,296,81,963,10,0.0,4.0,3.2533783783783785,0.27364864864864863,3.2533783783783785
209,959,34,243,402,True,True,296,296,12,12,2,0.0,7.5,0.04054054054054054,0.04054054054054054,0.04054054054054054
209,960,34,243,508,True,True,296,296,16,132,5,0.0,0.5,0.44594594594594594,0.05405405405405406,0.44594594594594594
210,997,34,251,21,True,False,123,123,0,0,0,0.0,0.0,0.0,0.0,0.0
210,998,34,251,88,True,True,123,123,5,65,1,0.0,2.0,0.5284552845528455,0.04065040650406504,0.5284552845528455
210,999,34,251,113,True,True,123,123,20,156,7,0.0,1.0,1.2682926829268293,0.16260162601626016,1.2682926829268293
210,1000,34,251,156,True,False,123,123,0,0,0,0.0,0.0,0.0,0.0,0.0
210,1001,34,251,157,True,True,123,123,18,18,2,2.0,5.0,0.14634146341463414,0.14634146341463414,0.14634146341463414
210,1002,34,251,161,True,True,123,123,18,100,3,1.0,6.0,0.8130081300813008,0.14634146341463414,0.8130081300813008
210,1003,34,251,179,True,False,123,123,0,0,0,0.0,0.0,0.0,0.0,0.0
210,1004,34,251,186,True,False,123,123,0,0,0,0.0,0.0,0.0,0.0,0.0
210,1005,34,251,245,True,False,123,123,0,0,0,0.0,0.0,0.0,0.0,0.0
210,1006,34,251,253,True,False,123,123,0,0,0,0.0,0.0,0.0,0.0,0.0
210,1007,34,251,279,True,True,123,123,33,367,5,0.0,4.0,2.983739837398374,0.2682926829268293,2.983739837398374
210,1008,34,251,319,True,False,123,123,0,0,0,0.0,0.0,0.0,0.0,0.0
210,1009,34,251,381,True,False,123,123,0,0,0,0.0,0.0,0.0,0.0,0.0
210,1010,34,251,449,True,False,123,123,0,0,0,0.0,0.0,0.0,0.0,0.0
211,1075,34,262,13,True,False,32,32,0,0,0,0.0,0.0,0.0,0.0,0.0
211,1076,34,262,85,True,True,32,32,9,45,1,1.0,5.0,1.40625,0.28125,1.40625
211,1077,34,262,129,True,False,32,32,0,0,0,0.0,0.0,0.0,0.0,0.0
211,1078,34,262,179,True,False,32,32,0,0,0,0.0,0.0,0.0,0.0,0.0
211,1079,34,262,247,True,False,32,32,0,0,0,0.0,0.0,0.0,0.0,0.0
211,1080,34,262,381,True,False,32,32,0,0,0,0.0,0.0,0.0,0.0,0.0
211,1081,34,262,487,True,False,32,32,0,0,0,0.0,0.0,0.0,0.0,0.0
212,1312,34,321,21,True,False,5,5,0,0,0,0.0,0.0,0.0,0.0,0.0
212,1313,34,321,113,True,True,5,5,2,11,1,0.0,0.0,2.2,0.4,2.2
212,1314,34,321,156,True,False,5,5,0,0,0,0.0,0.0,0.0,0.0,0.0
212,1315,34,321,179,True,False,5,5,0,0,0,0.0,0.0,0.0,0.0,0.0
212,1316,34,321,251,True,True,5,5,5,29,2,0.0,1.0,5.8,1.0,5.8
212,1317,34,321,253,True,False,5,5,0,0,0,0.0,0.0,0.0,0.0,0.0
212,1318,34,321,261,True,False,5,5,0,0,0,0.0,0.0,0.0,0.0,0.0
212,1319,34,321,319,True,False,5,5,0,0,0,0.0,0.0,0.0,0.0,0.0
212,1320,34,321,440,True,False,5,5,0,0,0,0.0,0.0,0.0,0.0,0.0
212,1321,34,321,481,True,False,5,5,0,0,0,0.0,0.0,0.0,0.0,0.0
212,1322,34,321,488,True,False,5,5,0,0,0,0.0,0.0,0.0,0.0,0.0
213,1421,34,361,6,True,False,15,15,0,0,0,0.0,0.0,0.0,0.0,0.0
213,1422,34,361,13,True,False,15,15,0,0,0,0.0,0.0,0.0,0.0,0.0
213,1423,34,361,21,True,False,15,15,0,0,0,0.0,0.0,0.0,0.0,0.0
213,1424,34,361,58,True,False,15,15,0,0,0,0.0,0.0,0.0,0.0,0.0
213,1425,34,361,74,True,False,15,15,0,0,0,0.0,0.0,0.0,0.0,0.0
213,1426,34,361,129,True,False,15,15,0,0,0,0.0,0.0,0.0,0.0,0.0
213,1427,34,361,156,True,False,15,15,0,0,0,0.0,0.0,0.0,0.0,0.0
213,1428,34,361,179,True,False,15,15,0,0,0,0.0,0.0,0.0,0.0,0.0
213,1429,34,361,186,True,False,15,15,0,0,0,0.0,0.0,0.0,0.0,0.0
213,1430,34,361,217,True,False,15,15,0,0,0,0.0,0.0,0.0,0.0,0.0
213,1431,34,361,243,True,True,15,15,9,75,2,0.0,2.0,5.0,0.6,5.0
213,1432,34,361,245,True,False,15,15,0,0,0,0.0,0.0,0.0,0.0,0.0
213,1433,34,361,251,True,False,15,15,0,0,0,0.0,0.0,0.0,0.0,0.0
213,1434,34,361,253,True,False,15,15,0,0,0,0.0,0.0,0.0,0.0,0.0
213,1435,34,361,313,True,False,15,15,0,0,0,0.0,0.0,0.0,0.0,0.0
213,1436,34,361,319,True,False,15,15,0,0,0,0.0,0.0,0.0,0.0,0.0
213,1437,34,361,381,True,False,15,15,0,0,0,0.0,0.0,0.0,0.0,0.0
213,1438,34,361,449,True,False,15,15,0,0,0,0.0,0.0,0.0,0.0,0.0
214,1801,34,481,21,True,False,11,11,0,0,0,0.0,0.0,0.0,0.0,0.0
214,1802,34,481,74,True,False,11,11,0,0,0,0.0,0.0,0.0,0.0,0.0
214,1803,34,481,113,True,True,11,11,2,10,2,0.0,0.0,0.9090909090909091,0.18181818181818182,0.9090909090909091
214,1804,34,481,179,True,False,11,11,0,0,0,0.0,0.0,0.0,0.0,0.0
214,1805,34,481,253,True,False,11,11,0,0,0,0.0,0.0,0.0,0.0,0.0
214,1806,34,481,261,True,False,11,11,0,0,0,0.0,0.0,0.0,0.0,0.0
214,1807,34,481,319,True,False,11,11,0,0,0,0.0,0.0,0.0,0.0,0.0
215,1872,34,508,39,True,False,13,13,0,0,0,0.0,0.0,0.0,0.0,0.0
215,1873,34,508,84,True,True,13,13,5,18,2,2.0,4.5,1.3846153846153846,0.38461538461538464,1.3846153846153846
215,1874,34,508,115,True,True,13,13,2,8,1,2.0,4.0,0.6153846153846154,0.15384615384615385,0.6153846153846154
215,1875,34,508,117,True,False,13,13,0,0,0,0.0,0.0,0.0,0.0,0.0
215,1876,34,508,169,True,False,13,13,0,0,0,0.0,0.0,0.0,0.0,0.0
215,1877,34,508,199,True,False,13,13,0,0,0,0.0,0.0,0.0,0.0,0.0
215,1878,34,508,238,True,False,13,13,0,0,0,0.0,0.0,0.0,0.0,0.0
215,1879,34,508,252,True,False,13,13,0,0,0,0.0,0.0,0.0,0.0,0.0
215,1880,34,508,316,True,True,13,13,4,20,2,2.0,5.0,1.5384615384615385,0.3076923076923077,1.5384615384615385
215,1881,34,508,317,True,False,13,13,0,0,0,0.0,0.0,0.0,0.0,0.0
215,1882,34,508,335,True,False,13,13,0,0,0,0.0,0.0,0.0,0.0,0.0
215,1883,34,508,433,True,False,13,13,0,0,0,0.0,0.0,0.0,0.0,0.0
215,1884,34,508,455,True,False,13,13,0,0,0,0.0,0.0,0.0,0.0,0.0
215,1885,34,508,485,True,False,13,13,0,0,0,0.0,0.0,0.0,0.0,0.0
215,1886,34,508,494,True,False,13,13,0,0,0,0.0,0.0,0.0,0.0,0.0
216,42,37,7,28,True,False,16,16,0,0,0,0.0,0.0,0.0,0.0,0.0
216,43,37,7,77,True,False,16,16,0,0,0,0.0,0.0,0.0,0.0,0.0
216,44,37,7,133,True,False,16,16,0,0,0,0.0,0.0,0.0,0.0,0.0
216,45,37,7,143,True,True,16,16,5,75,1,0.0,6.0,4.6875,0.3125,4.6875
216,46,37,7,167,True,False,16,16,0,0,0,0.0,0.0,0.0,0.0,0.0
216,47,37,7,196,True,False,16,16,0,0,0,0.0,0.0,0.0,0.0,0.0
216,48,37,7,222,True,False,16,16,0,0,0,0.0,0.0,0.0,0.0,0.0
216,49,37,7,290,True,True,16,16,14,57,2,0.0,3.0,3.5625,0.875,3.5625
216,50,37,7,318,True,False,16,16,0,0,0,0.0,0.0,0.0,0.0,0.0
216,51,37,7,347,True,False,16,16,0,0,0,0.0,0.0,0.0,0.0,0.0
216,52,37,7,474,True,True,16,16,10,50,1,0.0,4.0,3.125,0.625,3.125
216,53,37,7,509,True,False,16,16,0,0,0,0.0,0.0,0.0,0.0,0.0
217,156,37,24,37,True,True,6,6,1,2,1,0.0,0.0,0.3333333333333333,0.16666666666666666,0.3333333333333333
217,157,37,24,84,True,False,6,6,0,0,0,0.0,0.0,0.0,0.0,0.0
217,158,37,24,224,True,False,6,6,0,0,0,0.0,0.0,0.0,0.0,0.0
217,159,37,24,227,True,False,6,6,0,0,0,0.0,0.0,0.0,0.0,0.0
217,160,37,24,304,True,True,6,6,5,25,1,0.0,3.0,4.166666666666667,0.8333333333333334,4.166666666666667
218,366,37,84,24,True,True,25,25,10,105,1,5.0,9.0,4.2,0.4,4.2
218,367,37,84,58,True,False,25,25,0,0,0,0.0,0.0,0.0,0.0,0.0
218,368,37,84,115,True,True,25,25,10,23,1,0.0,1.0,0.92,0.4,0.92
218,369,37,84,316,True,True,25,25,9,65,1,0.0,1.0,2.6,0.36,2.6
218,370,37,84,385,True,False,25,25,0,0,0,0.0,0.0,0.0,0.0,0.0
218,371,37,84,389,True,False,25,25,0,0,0,0.0,0.0,0.0,0.0,0.0
218,372,37,84,402,True,True,25,25,20,45,3,0.0,0.0,1.8,0.8,1.8
218,373,37,84,474,True,False,25,25,0,0,0,0.0,0.0,0.0,0.0,0.0
219,437,37,115,58,True,False,9,9,0,0,0,0.0,0.0,0.0,0.0,0.0
219,438,37,115,84,True,True,9,9,4,17,2,0.0,3.0,1.8888888888888888,0.4444444444444444,1.8888888888888888
219,439,37,115,85,True,False,9,9,0,0,0,0.0,0.0,0.0,0.0,0.0
219,440,37,115,217,True,False,9,9,0,0,0,0.0,0.0,0.0,0.0,0.0
219,441,37,115,316,True,False,9,9,0,0,0,0.0,0.0,0.0,0.0,0.0
219,442,37,115,375,True,False,9,9,0,0,0,0.0,0.0,0.0,0.0,0.0
219,443,37,115,389,True,False,9,9,0,0,0,0.0,0.0,0.0,0.0,0.0
219,444,37,115,402,True,True,9,9,4,18,2,0.0,1.0,2.0,0.4444444444444444,2.0
219,445,37,115,474,True,True,9,9,1,3,1,0.0,0.0,0.3333333333333333,0.1111111111111111,0.3333333333333333
220,548,37,143,7,True,True,18,18,15,165,1,1.0,6.0,9.166666666666666,0.8333333333333334,9.166666666666666
220,549,37,143,88,True,False,18,18,0,0,0,0.0,0.0,0.0,0.0,0.0
220,550,37,143,133,True,False,18,18,0,0,0,0.0,0.0,0.0,0.0,0.0
220,551,37,143,161,True,False,18,18,0,0,0,0.0,0.0,0.0,0.0,0.0
220,552,37,143,163,True,False,18,18,0,0,0,0.0,0.0,0.0,0.0,0.0
220,553,37,143,233,True,False,18,18,0,0,0,0.0,0.0,0.0,0.0,0.0
220,554,37,143,279,True,False,18,18,0,0,0,0.0,0.0,0.0,0.0,0.0
220,555,37,143,432,True,False,18,18,0,0,0,0.0,0.0,0.0,0.0,0.0
220,556,37,143,440,True,False,18,18,0,0,0,0.0,0.0,0.0,0.0,0.0
220,557,37,143,474,True,True,18,18,15,74,1,0.0,4.0,4.111111111111111,0.8333333333333334,4.111111111111111
221,656,37,161,28,True,False,7,7,0,0,0,0.0,0.0,0.0,0.0,0.0
221,657,37,161,143,True,False,7,7,0,0,0,0.0,0.0,0.0,0.0,0.0
221,658,37,161,157,True,True,7,7,4,12,1,0.0,0.0,1.7142857142857142,0.5714285714285714,1.7142857142857142
221,659,37,161,167,True,False,7,7,0,0,0,0.0,0.0,0.0,0.0,0.0
221,660,37,161,369,True,False,7,7,0,0,0,0.0,0.0,0.0,0.0,0.0
221,661,37,161,375,True,False,7,7,0,0,0,0.0,0.0,0.0,0.0,0.0
221,662,37,161,398,True,False,7,7,0,0,0,0.0,0.0,0.0,0.0,0.0
221,663,37,161,440,True,False,7,7,0,0,0,0.0,0.0,0.0,0.0,0.0
221,664,37,161,485,True,False,7,7,0,0,0,0.0,0.0,0.0,0.0,0.0
222,878,37,217,6,True,False,5,5,0,0,0,0.0,0.0,0.0,0.0,0.0
222,879,37,217,13,True,False,5,5,0,0,0,0.0,0.0,0.0,0.0,0.0
222,880,37,217,21,True,False,5,5,0,0,0,0.0,0.0,0.0,0.0,0.0
222,881,37,217,58,True,False,5,5,0,0,0,0.0,0.0,0.0,0.0,0.0
222,882,37,217,129,True,False,5,5,0,0,0,0.0,0.0,0.0,0.0,0.0
222,883,37,217,156,True,False,5,5,0,0,0,0.0,0.0,0.0,0.0,0.0
222,884,37,217,179,True,False,5,5,0,0,0,0.0,0.0,0.0,0.0,0.0
222,885,37,217,186,True,False,5,5,0,0,0,0.0,0.0,0.0,0.0,0.0
222,886,37,217,243,True,True,5,5,3,35,1,0.0,2.0,7.0,0.6,7.0
222,887,37,217,319,True,False,5,5,0,0,0,0.0,0.0,0.0,0.0,0.0
222,888,37,217,385,True,True,5,5,2,10,1,0.0,0.0,2.0,0.4,2.0
223,1145,37,279,23,True,False,45,45,0,0,0,0.0,0.0,0.0,0.0,0.0
223,1146,37,279,143,True,True,45,45,15,160,1,4.0,9.0,3.5555555555555554,0.3333333333333333,3.5555555555555554
223,1147,37,279,157,True,False,45,45,0,0,0,0.0,0.0,0.0,0.0,0.0
223,1148,37,279,161,True,False,45,45,0,0,0,0.0,0.0,0.0,0.0,0.0
223,1149,37,279,208,True,False,45,45,0,0,0,0.0,0.0,0.0,0.0,0.0
223,1150,37,279,440,True,False,45,45,0,0,0,0.0,0.0,0.0,0.0,0.0
223,1151,37,279,474,True,False,45,45,0,0,0,0.0,0.0,0.0,0.0,0.0
223,1152,37,279,509,True,False,45,45,0,0,0,0.0,0.0,0.0,0.0,0.0
224,1171,37,290,7,True,True,64,64,21,195,2,0.0,1.0,3.046875,0.328125,3.046875
224,1172,37,290,8,True,False,64,64,0,0,0,0.0,0.0,0.0,0.0,0.0
224,1173,37,290,77,True,False,64,64,0,0,0,0.0,0.0,0.0,0.0,0.0
224,1174,37,290,143,True,True,64,64,14,75,1,0.0,1.0,1.171875,0.21875,1.171875
224,1175,37,290,184,True,False,64,64,0,0,0,0.0,0.0,0.0,0.0,0.0
224,1176,37,290,247,True,False,64,64,0,0,0,0.0,0.0,0.0,0.0,0.0
224,1177,37,290,261,True,False,64,64,0,0,0,0.0,0.0,0.0,0.0,0.0
224,1178,37,290,279,True,True,64,64,15,15,1,1.0,4.0,0.234375,0.234375,0.234375
224,1179,37,290,317,True,False,64,64,0,0,0,0.0,0.0,0.0,0.0,0.0
224,1180,37,290,346,True,False,64,64,0,0,0,0.0,0.0,0.0,0.0,0.0
224,1181,37,290,383,True,False,64,64,0,0,0,0.0,0.0,0.0,0.0,0.0
224,1182,37,290,402,True,True,64,64,14,75,1,0.0,1.0,1.171875,0.21875,1.171875
224,1183,37,290,474,True,True,64,64,43,355,3,0.0,2.0,5.546875,0.671875,5.546875
225,1269,37,316,84,True,False,76,76,0,0,0,0.0,0.0,0.0,0.0,0.0
225,1270,37,316,115,True,False,76,76,0,0,0,0.0,0.0,0.0,0.0,0.0
225,1271,37,316,125,True,False,76,76,0,0,0,0.0,0.0,0.0,0.0,0.0
225,1272,37,316,147,True,True,76,76,2,4,1,9.0,10.0,0.05263157894736842,0.02631578947368421,0.05263157894736842
225,1273,37,316,217,True,True,76,76,34,86,4,0.0,1.0,1.131578947368421,0.4473684210526316,1.131578947368421
225,1274,37,316,309,True,True,76,76,14,115,1,0.0,1.0,1.513157894736842,0.18421052631578946,1.513157894736842
225,1275,37,316,341,True,False,76,76,0,0,0,0.0,0.0,0.0,0.0,0.0
225,1276,37,316,361,True,False,76,76,0,0,0,0.0,0.0,0.0,0.0,0.0
225,1277,37,316,385,True,True,76,76,49,474,3,0.0,2.0,6.2368421052631575,0.6447368421052632,6.2368421052631575
225,1278,37,316,389,True,False,76,76,0,0,0,0.0,0.0,0.0,0.0,0.0
225,1279,37,316,402,True,False,76,76,0,0,0,0.0,0.0,0.0,0.0,0.0
225,1280,37,316,404,True,True,76,76,5,10,1,0.0,0.0,0.13157894736842105,0.06578947368421052,0.13157894736842105
225,1281,37,316,474,True,True,76,76,19,90,2,0.0,1.0,1.1842105263157894,0.25,1.1842105263157894
226,1379,37,347,37,True,True,8,8,8,51,3,0.0,0.0,6.375,1.0,6.375
226,1380,37,347,56,True,False,8,8,0,0,0,0.0,0.0,0.0,0.0,0.0
226,1381,37,347,207,True,False,8,8,0,0,0,0.0,0.0,0.0,0.0,0.0
226,1382,37,347,355,True,False,8,8,0,0,0,0.0,0.0,0.0,0.0,0.0
226,1383,37,347,362,True,False,8,8,0,0,0,0.0,0.0,0.0,0.0,0.0
227,1521,37,385,23,True,False,15,15,0,0,0,0.0,0.0,0.0,0.0,0.0
227,1522,37,385,24,True,True,15,15,1,3,1,3.0,4.0,0.2,0.06666666666666667,0.2
227,1523,37,385,84,True,False,15,15,0,0,0,0.0,0.0,0.0,0.0,0.0
227,1524,37,385,85,True,False,15,15,0,0,0,0.0,0.0,0.0,0.0,0.0
227,1525,37,385,157,True,False,15,15,0,0,0,0.0,0.0,0.0,0.0,0.0
227,1526,37,385,217,True,True,15,15,6,6,1,0.0,1.5,0.4,0.4,0.4
227,1527,37,385,224,True,False,15,15,0,0,0,0.0,0.0,0.0,0.0,0.0
227,1528,37,385,243,True,False,15,15,0,0,0,0.0,0.0,0.0,0.0,0.0
227,1529,37,385,296,True,False,15,15,0,0,0,0.0,0.0,0.0,0.0,0.0
227,1530,37,385,316,True,False,15,15,0,0,0,0.0,0.0,0.0,0.0,0.0
227,1531,37,385,389,True,False,15,15,0,0,0,0.0,0.0,0.0,0.0,0.0
227,1532,37,385,402,True,True,15,15,1,12,1,0.0,2.5,0.8,0.06666666666666667,0.8
227,1533,37,385,474,True,True,15,15,11,86,3,0.0,0.0,5.733333333333333,0.7333333333333333,5.733333333333333
228,1583,37,402,7,True,False,180,180,0,0,0,0.0,0.0,0.0,0.0,0.0
228,1584,37,402,24,True,False,180,180,0,0,0,0.0,0.0,0.0,0.0,0.0
228,1585,37,402,77,True,True,180,180,23,325,3,2.0,6.0,1.8055555555555556,0.12777777777777777,1.8055555555555556
228,1586,37,402,84,True,True,180,180,4,16,1,0.0,0.0,0.08888888888888889,0.022222222222222223,0.08888888888888889
228,1587,37,402,98,True,False,180,180,0,0,0,0.0,0.0,0.0,0.0,0.0
228,1588,37,402,115,True,True,180,180,33,149,3,0.0,1.0,0.8277777777777777,0.18333333333333332,0.8277777777777777
228,1589,37,402,147,True,False,180,180,0,0,0,0.0,0.0,0.0,0.0,0.0
228,1590,37,402,217,True,True,180,180,20,32,3,0.0,0.0,0.17777777777777778,0.1111111111111111,0.17777777777777778
228,1591,37,402,247,True,False,180,180,0,0,0,0.0,0.0,0.0,0.0,0.0
228,1592,37,402,309,True,False,180,180,0,0,0,0.0,0.0,0.0,0.0,0.0
228,1593,37,402,316,True,True,180,180,35,183,4,0.0,2.0,1.0166666666666666,0.19444444444444445,1.0166666666666666
228,1594,37,402,352,True,True,180,180,56,464,4,0.0,4.0,2.577777777777778,0.3111111111111111,2.577777777777778
228,1595,37,402,375,True,False,180,180,0,0,0,0.0,0.0,0.0,0.0,0.0
228,1596,37,402,385,True,False,180,180,0,0,0,0.0,0.0,0.0,0.0,0.0
228,1597,37,402,474,True,True,180,180,71,512,5,0.0,3.0,2.8444444444444446,0.39444444444444443,2.8444444444444446
229,1598,37,404,10,True,False,30,30,0,0,0,0.0,0.0,0.0,0.0,0.0
229,1599,37,404,39,True,False,30,30,0,0,0,0.0,0.0,0.0,0.0,0.0
229,1600,37,404,84,True,False,30,30,0,0,0,0.0,0.0,0.0,0.0,0.0
229,1601,37,404,115,True,False,30,30,0,0,0,0.0,0.0,0.0,0.0,0.0
229,1602,37,404,117,True,False,30,30,0,0,0,0.0,0.0,0.0,0.0,0.0
229,1603,37,404,169,True,False,30,30,0,0,0,0.0,0.0,0.0,0.0,0.0
229,1604,37,404,199,True,False,30,30,0,0,0,0.0,0.0,0.0,0.0,0.0
229,1605,37,404,217,True,True,30,30,12,26,2,0.0,0.0,0.8666666666666667,0.4,0.8666666666666667
229,1606,37,404,262,True,False,30,30,0,0,0,0.0,0.0,0.0,0.0,0.0
229,1607,37,404,294,True,False,30,30,0,0,0,0.0,0.0,0.0,0.0,0.0
229,1608,37,404,309,True,False,30,30,0,0,0,0.0,0.0,0.0,0.0,0.0
229,1609,37,404,316,True,True,30,30,5,5,1,0.0,0.0,0.16666666666666666,0.16666666666666666,0.16666666666666666
229,1610,37,404,317,True,False,30,30,0,0,0,0.0,0.0,0.0,0.0,0.0
229,1611,37,404,383,True,False,30,30,0,0,0,0.0,0.0,0.0,0.0,0.0
229,1612,37,404,385,True,True,30,30,17,89,2,0.0,1.0,2.966666666666667,0.5666666666666667,2.966666666666667
229,1613,37,404,387,True,False,30,30,0,0,0,0.0,0.0,0.0,0.0,0.0
229,1614,37,404,389,True,False,30,30,0,0,0,0.0,0.0,0.0,0.0,0.0
229,1615,37,404,433,True,False,30,30,0,0,0,0.0,0.0,0.0,0.0,0.0
229,1616,37,404,474,True,True,30,30,7,22,1,0.0,0.0,0.7333333333333333,0.23333333333333334,0.7333333333333333
229,1617,37,404,494,True,False,30,30,0,0,0,0.0,0.0,0.0,0.0,0.0
230,1678,37,432,7,True,False,19,19,0,0,0,0.0,0.0,0.0,0.0,0.0
230,1679,37,432,88,True,False,19,19,0,0,0,0.0,0.0,0.0,0.0,0.0
230,1680,37,432,143,True,False,19,19,0,0,0,0.0,0.0,0.0,0.0,0.0
230,1681,37,432,157,True,False,19,19,0,0,0,0.0,0.0,0.0,0.0,0.0
230,1682,37,432,161,True,True,19,19,5,5,1,0.0,0.0,0.2631578947368421,0.2631578947368421,0.2631578947368421
230,1683,37,432,233,True,False,19,19,0,0,0,0.0,0.0,0.0,0.0,0.0
230,1684,37,432,279,True,False,19,19,0,0,0,0.0,0.0,0.0,0.0,0.0
230,1685,37,432,440,True,False,19,19,0,0,0,0.0,0.0,0.0,0.0,0.0
230,1686,37,432,474,True,True,19,19,14,81,2,0.0,0.0,4.2631578947368425,0.7368421052631579,4.2631578947368425
231,1782,37,474,7,True,False,258,258,0,0,0,0.0,0.0,0.0,0.0,0.0
231,1783,37,474,37,True,True,258,258,13,43,2,0.0,1.0,0.16666666666666666,0.050387596899224806,0.16666666666666666
231,1784,37,474,39,True,False,258,258,0,0,0,0.0,0.0,0.0,0.0,0.0
231,1785,37,474,58,True,False,258,258,0,0,0,0.0,0.0,0.0,0.0,0.0
231,1786,37,474,84,True,True,258,258,20,225,2,0.0,3.0,0.872093023255814,0.07751937984496124,0.872093023255814
231,1787,37,474,88,True,False,258,258,0,0,0,0.0,0.0,0.0,0.0,0.0
231,1788,37,474,115,True,True,258,258,21,125,2,0.0,1.0,0.4844961240310077,0.08139534883720931,0.4844961240310077
231,1789,37,474,125,True,False,258,258,0,0,0,0.0,0.0,0.0,0.0,0.0
231,1790,37,474,143,True,True,258,258,28,255,3,0.0,1.0,0.9883720930232558,0.10852713178294573,0.9883720930232558
231,1791,37,474,217,True,True,258,258,26,307,3,0.0,7.0,1.189922480620155,0.10077519379844961,1.189922480620155
231,1792,37,474,243,True,True,258,258,8,20,2,0.0,4.0,0.07751937984496124,0.031007751937984496,0.07751937984496124
231,1793,37,474,261,True,False,258,258,0,0,0,0.0,0.0,0.0,0.0,0.0
231,1794,37,474,279,True,True,258,258,16,138,2,0.0,3.0,0.5348837209302325,0.06201550387596899,0.5348837209302325
231,1795,37,474,309,True,True,258,258,5,59,1,0.0,3.0,0.22868217054263565,0.01937984496124031,0.22868217054263565
231,1796,37,474,317,True,False,258,258,0,0,0,0.0,0.0,0.0,0.0,0.0
231,1797,37,474,321,True,False,258,258,0,0,0,0.0,0.0,0.0,0.0,0.0
231,1798,37,474,385,True,True,258,258,108,1305,8,0.0,3.0,5.058139534883721,0.4186046511627907,5.058139534883721
231,1799,37,474,389,True,True,258,258,16,215,1,0.0,3.0,0.8333333333333334,0.06201550387596899,0.8333333333333334
231,1800,37,474,402,True,True,258,258,33,170,4,0.0,1.0,0.6589147286821705,0.12790697674418605,0.6589147286821705
232,446,39,117,10,True,False,4,4,0,0,0,0.0,0.0,0.0,0.0,0.0
232,447,39,117,16,True,False,4,4,0,0,0,0.0,0.0,0.0,0.0,0.0
232,448,39,117,80,True,False,4,4,0,0,0,0.0,0.0,0.0,0.0,0.0
232,449,39,117,199,True,False,4,4,0,0,0,0.0,0.0,0.0,0.0,0.0
232,450,39,117,238,True,False,4,4,0,0,0,0.0,0.0,0.0,0.0,0.0
232,451,39,117,268,True,False,4,4,0,0,0,0.0,0.0,0.0,0.0,0.0
232,452,39,117,281,True,False,4,4,0,0,0,0.0,0.0,0.0,0.0,0.0
232,453,39,117,294,True,False,4,4,0,0,0,0.0,0.0,0.0,0.0,0.0
232,454,39,117,317,True,True,4,4,3,26,1,0.0,1.0,6.5,0.75,6.5
232,455,39,117,324,True,False,4,4,0,0,0,0.0,0.0,0.0,0.0,0.0
232,456,39,117,378,True,False,4,4,0,0,0,0.0,0.0,0.0,0.0,0.0
232,457,39,117,383,True,False,4,4,0,0,0,0.0,0.0,0.0,0.0,0.0
232,458,39,117,387,True,False,4,4,0,0,0,0.0,0.0,0.0,0.0,0.0
232,459,39,117,455,True,False,4,4,0,0,0,0.0,0.0,0.0,0.0,0.0
232,460,39,117,462,True,False,4,4,0,0,0,0.0,0.0,0.0,0.0,0.0
232,461,39,117,494,True,False,4,4,0,0,0,0.0,0.0,0.0,0.0,0.0
233,703,39,169,13,True,True,149,149,26,26,2,4.0,7.0,0.174496644295302,0.174496644295302,0.174496644295302
233,704,39,169,21,True,True,149,149,17,68,2,0.0,4.0,0.4563758389261745,0.11409395973154363,0.4563758389261745
233,705,39,169,39,True,False,149,149,0,0,0,0.0,0.0,0.0,0.0,0.0
233,706,39,169,61,True,True,149,149,50,305,4,0.0,5.0,2.046979865771812,0.33557046979865773,2.046979865771812
233,707,39,169,129,True,True,149,149,84,431,8,0.0,5.0,2.8926174496644297,0.5637583892617449,2.8926174496644297
233,708,39,169,139,True,False,149,149,0,0,0,0.0,0.0,0.0,0.0,0.0
233,709,39,169,141,True,True,149,149,65,317,5,1.0,6.0,2.12751677852349,0.436241610738255,2.12751677852349
233,710,39,169,156,True,True,149,149,31,31,3,4.0,7.0,0.2080536912751678,0.2080536912751678,0.2080536912751678
233,711,39,169,179,True,True,149,149,22,82,3,1.0,5.0,0.5503355704697986,0.1476510067114094,0.5503355704697986
233,712,39,169,186,True,True,149,149,34,136,3,1.0,5.5,0.912751677852349,0.22818791946308725,0.912751677852349
233,713,39,169,199,True,False,149,149,0,0,0,0.0,0.0,0.0,0.0,0.0
233,714,39,169,248,True,False,149,149,0,0,0,0.0,0.0,0.0,0.0,0.0
233,715,39,169,383,True,False,149,149,0,0,0,0.0,0.0,0.0,0.0,0.0
233,716,39,169,433,True,False,149,149,0,0,0,0.0,0.0,0.0,0.0,0.0
233,717,39,169,455,True,False,149,149,0,0,0,0.0,0.0,0.0,0.0,0.0
233,718,39,169,508,True,False,149,149,0,0,0,0.0,0.0,0.0,0.0,0.0
234,776,39,176,16,True,True,307,307,39,550,3,0.0,5.5,1.791530944625407,0.1270358306188925,1.791530944625407
234,777,39,176,266,True,True,307,307,261,3459,20,0.0,7.0,11.267100977198696,0.8501628664495114,11.267100977198696
234,778,39,176,383,True,True,307,307,1,2,1,5.0,5.0,0.006514657980456026,0.003257328990228013,0.006514657980456026
234,779,39,176,462,True,False,307,307,0,0,0,0.0,0.0,0.0,0.0,0.0
235,831,39,199,10,True,False,182,182,0,0,0,0.0,0.0,0.0,0.0,0.0
235,832,39,199,39,True,True,182,182,16,36,3,0.0,0.0,0.1978021978021978,0.08791208791208792,0.1978021978021978
235,833,39,199,77,True,True,182,182,5,49,1,0.0,3.0,0.2692307692307692,0.027472527472527472,0.2692307692307692
235,834,39,199,117,True,False,182,182,0,0,0,0.0,0.0,0.0,0.0,0.0
235,835,39,199,170,True,False,182,182,0,0,0,0.0,0.0,0.0,0.0,0.0
235,836,39,199,176,True,True,182,182,71,620,7,0.0,1.0,3.4065934065934065,0.3901098901098901,3.4065934065934065
235,837,39,199,238,True,False,182,182,0,0,0,0.0,0.0,0.0,0.0,0.0
235,838,39,199,252,True,True,182,182,4,8,1,0.0,0.0,0.04395604395604396,0.02197802197802198,0.04395604395604396
235,839,39,199,317,True,True,182,182,18,161,3,0.0,1.0,0.8846153846153846,0.0989010989010989,0.8846153846153846
235,840,39,199,383,True,False,182,182,0,0,0,0.0,0.0,0.0,0.0,0.0
235,841,39,199,387,True,False,182,182,0,0,0,0.0,0.0,0.0,0.0,0.0
235,842,39,199,402,True,False,182,182,0,0,0,0.0,0.0,0.0,0.0,0.0
235,843,39,199,404,True,True,182,182,7,7,1,0.0,0.0,0.038461538461538464,0.038461538461538464,0.038461538461538464
235,844,39,199,462,True,True,182,182,15,44,1,0.0,3.0,0.24175824175824176,0.08241758241758242,0.24175824175824176
235,845,39,199,494,True,True,182,182,12,67,2,0.0,1.0,0.36813186813186816,0.06593406593406594,0.36813186813186816
236,1011,39,252,30,True,True,162,162,18,32,1,0.0,8.0,0.19753086419753085,0.1111111111111111,0.19753086419753085
236,1012,39,252,39,True,True,162,162,80,344,8,0.0,1.0,2.123456790123457,0.49382716049382713,2.123456790123457
236,1013,39,252,176,True,True,162,162,20,195,3,0.0,2.0,1.2037037037037037,0.12345679012345678,1.2037037037037037
236,1014,39,252,199,True,True,162,162,4,22,1,0.0,0.0,0.13580246913580246,0.024691358024691357,0.13580246913580246
236,1015,39,252,259,True,True,162,162,15,29,2,0.0,0.0,0.17901234567901234,0.09259259259259259,0.17901234567901234
236,1016,39,252,317,True,True,162,162,9,12,2,0.0,0.0,0.07407407407407407,0.05555555555555555,0.07407407407407407
236,1017,39,252,371,True,True,162,162,14,33,2,0.0,0.0,0.2037037037037037,0.08641975308641975,0.2037037037037037
236,1018,39,252,383,True,True,162,162,22,144,3,0.0,5.5,0.8888888888888888,0.13580246913580246,0.8888888888888888
237,1184,39,294,21,True,False,21,21,0,0,0,0.0,0.0,0.0,0.0,0.0
237,1185,39,294,22,True,False,21,21,0,0,0,0.0,0.0,0.0,0.0,0.0
237,1186,39,294,61,True,False,21,21,0,0,0,0.0,0.0,0.0,0.0,0.0
237,1187,39,294,117,True,False,21,21,0,0,0,0.0,0.0,0.0,0.0,0.0
237,1188,39,294,141,True,False,21,21,0,0,0,0.0,0.0,0.0,0.0,0.0
237,1189,39,294,169,True,True,21,21,21,130,3,0.0,2.0,6.190476190476191,1.0,6.190476190476191
237,1190,39,294,175,True,False,21,21,0,0,0,0.0,0.0,0.0,0.0,0.0
237,1191,39,294,179,True,False,21,21,0,0,0,0.0,0.0,0.0,0.0,0.0
237,1192,39,294,186,True,False,21,21,0,0,0,0.0,0.0,0.0,0.0,0.0
237,1193,39,294,281,True,False,21,21,0,0,0,0.0,0.0,0.0,0.0,0.0
237,1194,39,294,313,True,False,21,21,0,0,0,0.0,0.0,0.0,0.0,0.0
237,1195,39,294,433,True,False,21,21,0,0,0,0.0,0.0,0.0,0.0,0.0
237,1196,39,294,455,True,True,21,21,14,140,1,0.0,2.0,6.666666666666667,0.6666666666666666,6.666666666666667
238,1282,39,317,30,True,False,115,115,0,0,0,0.0,0.0,0.0,0.0,0.0
238,1283,39,317,39,True,False,115,115,0,0,0,0.0,0.0,0.0,0.0,0.0
238,1284,39,317,176,True,True,115,115,47,537,4,0.0,2.0,4.6695652173913045,0.40869565217391307,4.6695652173913045
238,1285,39,317,199,True,True,115,115,1,5,1,0.0,0.0,0.043478260869565216,0.008695652173913044,0.043478260869565216
238,1286,39,317,238,True,False,115,115,0,0,0,0.0,0.0,0.0,0.0,0.0
238,1287,39,317,252,True,True,115,115,18,161,2,0.0,1.0,1.4,0.1565217391304348,1.4
238,1288,39,317,294,True,False,115,115,0,0,0,0.0,0.0,0.0,0.0,0.0
238,1289,39,317,371,True,False,115,115,0,0,0,0.0,0.0,0.0,0.0,0.0
238,1290,39,317,383,True,False,115,115,0,0,0,0.0,0.0,0.0,0.0,0.0
238,1291,39,317,387,True,False,115,115,0,0,0,0.0,0.0,0.0,0.0,0.0
238,1292,39,317,404,True,False,115,115,0,0,0,0.0,0.0,0.0,0.0,0.0
238,1293,39,317,455,True,False,115,115,0,0,0,0.0,0.0,0.0,0.0,0.0
238,1294,39,317,462,True,True,115,115,58,638,6,0.0,4.0,5.547826086956522,0.5043478260869565,5.547826086956522
238,1295,39,317,494,True,False,115,115,0,0,0,0.0,0.0,0.0,0.0,0.0
239,1454,39,371,39,True,True,9,9,4,16,1,0.0,0.0,1.7777777777777777,0.4444444444444444,1.7777777777777777
239,1455,39,371,126,True,False,9,9,0,0,0,0.0,0.0,0.0,0.0,0.0
239,1456,39,371,146,True,False,9,9,0,0,0,0.0,0.0,0.0,0.0,0.0
239,1457,39,371,163,True,False,9,9,0,0,0,0.0,0.0,0.0,0.0,0.0
239,1458,39,371,247,True,False,9,9,0,0,0,0.0,0.0,0.0,0.0,0.0
239,1459,39,371,252,True,True,9,9,5,29,1,0.0,0.0,3.2222222222222223,0.5555555555555556,3.2222222222222223
239,1460,39,371,259,True,True,9,9,9,12,2,0.0,0.0,1.3333333333333333,1.0,1.3333333333333333
239,1461,39,371,385,True,False,9,9,0,0,0,0.0,0.0,0.0,0.0,0.0
240,1505,39,383,21,True,True,138,138,29,56,3,3.0,7.0,0.4057971014492754,0.21014492753623187,0.4057971014492754
240,1506,39,383,39,True,True,138,138,3,11,2,0.0,0.0,0.07971014492753623,0.021739130434782608,0.07971014492753623
240,1507,39,383,61,True,True,138,138,49,104,6,1.0,6.0,0.7536231884057971,0.35507246376811596,0.7536231884057971
240,1508,39,383,129,True,True,138,138,32,86,6,4.0,8.0,0.6231884057971014,0.2318840579710145,0.6231884057971014
240,1509,39,383,141,True,True,138,138,15,39,2,5.0,8.0,0.2826086956521739,0.10869565217391304,0.2826086956521739
240,1510,39,383,169,True,True,138,138,100,1068,13,0.0,3.0,7.739130434782608,0.7246376811594203,7.739130434782608
240,1511,39,383,179,True,True,138,138,19,61,3,3.0,7.0,0.4420289855072464,0.13768115942028986,0.4420289855072464
240,1512,39,383,186,True,True,138,138,5,5,2,5.0,6.0,0.036231884057971016,0.036231884057971016,0.036231884057971016
240,1513,39,383,273,True,False,138,138,0,0,0,0.0,0.0,0.0,0.0,0.0
240,1514,39,383,281,True,False,138,138,0,0,0,0.0,0.0,0.0,0.0,0.0
240,1515,39,383,313,True,False,138,138,0,0,0,0.0,0.0,0.0,0.0,0.0
240,1516,39,383,317,True,False,138,138,0,0,0,0.0,0.0,0.0,0.0,0.0
240,1517,39,383,335,True,False,138,138,0,0,0,0.0,0.0,0.0,0.0,0.0
240,1518,39,383,433,True,False,138,138,0,0,0,0.0,0.0,0.0,0.0,0.0
240,1519,39,383,455,True,False,138,138,0,0,0,0.0,0.0,0.0,0.0,0.0
240,1520,39,383,508,True,False,138,138,0,0,0,0.0,0.0,0.0,0.0,0.0
241,1598,39,404,10,True,False,13,13,0,0,0,0.0,0.0,0.0,0.0,0.0
241,1599,39,404,39,True,True,13,13,4,59,1,0.0,3.0,4.538461538461538,0.3076923076923077,4.538461538461538
241,1600,39,404,84,True,False,13,13,0,0,0,0.0,0.0,0.0,0.0,0.0
241,1601,39,404,115,True,False,13,13,0,0,0,0.0,0.0,0.0,0.0,0.0
241,1602,39,404,117,True,False,13,13,0,0,0,0.0,0.0,0.0,0.0,0.0
241,1603,39,404,169,True,True,13,13,9,38,3,0.0,0.0,2.923076923076923,0.6923076923076923,2.923076923076923
241,1604,39,404,199,True,False,13,13,0,0,0,0.0,0.0,0.0,0.0,0.0
241,1605,39,404,217,True,False,13,13,0,0,0,0.0,0.0,0.0,0.0,0.0
241,1606,39,404,262,True,False,13,13,0,0,0,0.0,0.0,0.0,0.0,0.0
241,1607,39,404,294,True,False,13,13,0,0,0,0.0,0.0,0.0,0.0,0.0
241,1608,39,404,309,True,False,13,13,0,0,0,0.0,0.0,0.0,0.0,0.0
241,1609,39,404,316,True,False,13,13,0,0,0,0.0,0.0,0.0,0.0,0.0
241,1610,39,404,317,True,False,13,13,0,0,0,0.0,0.0,0.0,0.0,0.0
241,1611,39,404,383,True,True,13,13,3,11,1,0.0,1.0,0.8461538461538461,0.23076923076923078,0.8461538461538461
241,1612,39,404,385,True,False,13,13,0,0,0,0.0,0.0,0.0,0.0,0.0
241,1613,39,404,387,True,False,13,13,0,0,0,0.0,0.0,0.0,0.0,0.0
241,1614,39,404,389,True,False,13,13,0,0,0,0.0,0.0,0.0,0.0,0.0
241,1615,39,404,433,True,False,13,13,0,0,0,0.0,0.0,0.0,0.0,0.0
241,1616,39,404,474,True,False,13,13,0,0,0,0.0,0.0,0.0,0.0,0.0
241,1617,39,404,494,True,True,13,13,1,1,1,0.0,0.0,0.07692307692307693,0.07692307692307693,0.07692307692307693
242,1726,39,455,13,True,False,20,20,0,0,0,0.0,0.0,0.0,0.0,0.0
242,1727,39,455,21,True,True,20,20,14,14,1,0.0,3.0,0.7,0.7,0.7
242,1728,39,455,39,True,False,20,20,0,0,0,0.0,0.0,0.0,0.0,0.0
242,1729,39,455,61,True,True,20,20,14,27,1,0.0,2.0,1.35,0.7,1.35
242,1730,39,455,74,True,False,20,20,0,0,0,0.0,0.0,0.0,0.0,0.0
242,1731,39,455,117,True,False,20,20,0,0,0,0.0,0.0,0.0,0.0,0.0
242,1732,39,455,129,True,False,20,20,0,0,0,0.0,0.0,0.0,0.0,0.0
242,1733,39,455,141,True,False,20,20,0,0,0,0.0,0.0,0.0,0.0,0.0
242,1734,39,455,169,True,True,20,20,19,159,2,0.0,1.0,7.95,0.95,7.95
242,1735,39,455,179,True,False,20,20,0,0,0,0.0,0.0,0.0,0.0,0.0
242,1736,39,455,186,True,False,20,20,0,0,0,0.0,0.0,0.0,0.0,0.0
242,1737,39,455,199,True,False,20,20,0,0,0,0.0,0.0,0.0,0.0,0.0
242,1738,39,455,248,True,False,20,20,0,0,0,0.0,0.0,0.0,0.0,0.0
242,1739,39,455,281,True,False,20,20,0,0,0,0.0,0.0,0.0,0.0,0.0
242,1740,39,455,313,True,False,20,20,0,0,0,0.0,0.0,0.0,0.0,0.0
242,1741,39,455,317,True,False,20,20,0,0,0,0.0,0.0,0.0,0.0,0.0
242,1742,39,455,383,True,True,20,20,1,5,1,0.0,0.0,0.25,0.05,0.25
242,1743,39,455,508,True,False,20,20,0,0,0,0.0,0.0,0.0,0.0,0.0
243,1844,39,494,16,True,False,44,44,0,0,0,0.0,0.0,0.0,0.0,0.0
243,1845,39,494,39,True,True,44,44,4,5,2,0.0,0.0,0.11363636363636363,0.09090909090909091,0.11363636363636363
243,1846,39,494,109,True,False,44,44,0,0,0,0.0,0.0,0.0,0.0,0.0
243,1847,39,494,117,True,False,44,44,0,0,0,0.0,0.0,0.0,0.0,0.0
243,1848,39,494,169,True,True,44,44,15,137,3,0.0,2.0,3.1136363636363638,0.3409090909090909,3.1136363636363638
243,1849,39,494,170,True,False,44,44,0,0,0,0.0,0.0,0.0,0.0,0.0
243,1850,39,494,176,True,True,44,44,11,146,3,0.0,3.0,3.3181818181818183,0.25,3.3181818181818183
243,1851,39,494,199,True,False,44,44,0,0,0,0.0,0.0,0.0,0.0,0.0
243,1852,39,494,238,True,False,44,44,0,0,0,0.0,0.0,0.0,0.0,0.0
243,1853,39,494,252,True,False,44,44,0,0,0,0.0,0.0,0.0,0.0,0.0
243,1854,39,494,294,True,True,44,44,2,3,1,0.0,0.0,0.06818181818181818,0.045454545454545456,0.06818181818181818
243,1855,39,494,311,True,False,44,44,0,0,0,0.0,0.0,0.0,0.0,0.0
243,1856,39,494,317,True,False,44,44,0,0,0,0.0,0.0,0.0,0.0,0.0
243,1857,39,494,383,True,True,44,44,14,91,6,0.0,0.0,2.0681818181818183,0.3181818181818182,2.0681818181818183
243,1858,39,494,404,True,True,44,44,8,18,2,0.0,0.0,0.4090909090909091,0.18181818181818182,0.4090909090909091
243,1859,39,494,455,True,False,44,44,0,0,0,0.0,0.0,0.0,0.0,0.0
243,1860,39,494,462,True,False,44,44,0,0,0,0.0,0.0,0.0,0.0,0.0
243,1861,39,494,474,True,False,44,44,0,0,0,0.0,0.0,0.0,0.0,0.0
244,1872,39,508,39,True,True,35,35,18,51,4,0.0,0.0,1.457142857142857,0.5142857142857142,1.457142857142857
244,1873,39,508,84,True,False,35,35,0,0,0,0.0,0.0,0.0,0.0,0.0
244,1874,39,508,115,True,False,35,35,0,0,0,0.0,0.0,0.0,0.0,0.0
244,1875,39,508,117,True,False,35,35,0,0,0,0.0,0.0,0.0,0.0,0.0
244,1876,39,508,169,True,True,35,35,2,5,1,0.0,0.0,0.14285714285714285,0.05714285714285714,0.14285714285714285
244,1877,39,508,199,True,False,35,35,0,0,0,0.0,0.0,0.0,0.0,0.0
244,1878,39,508,238,True,False,35,35,0,0,0,0.0,0.0,0.0,0.0,0.0
244,1879,39,508,252,True,True,35,35,5,5,1,0.0,0.0,0.14285714285714285,0.14285714285714285,0.14285714285714285
244,1880,39,508,316,True,False,35,35,0,0,0,0.0,0.0,0.0,0.0,0.0
244,1881,39,508,317,True,True,35,35,3,15,1,0.0,0.0,0.42857142857142855,0.08571428571428572,0.42857142857142855
244,1882,39,508,335,True,False,35,35,0,0,0,0.0,0.0,0.0,0.0,0.0
244,1883,39,508,433,True,False,35,35,0,0,0,0.0,0.0,0.0,0.0,0.0
244,1884,39,508,455,True,False,35,35,0,0,0,0.0,0.0,0.0,0.0,0.0
244,1885,39,508,485,True,False,35,35,0,0,0,0.0,0.0,0.0,0.0,0.0
244,1886,39,508,494,True,False,35,35,0,0,0,0.0,0.0,0.0,0.0,0.0
245,1408,40,355,1,True,False,133,133,0,0,0,0.0,0.0,0.0,0.0,0.0
245,1409,40,355,28,True,False,133,133,0,0,0,0.0,0.0,0.0,0.0,0.0
245,1410,40,355,56,True,True,133,133,33,91,4,7.0,10.0,0.6842105263157895,0.24812030075187969,0.6842105263157895
245,1411,40,355,207,True,False,133,133,0,0,0,0.0,0.0,0.0,0.0,0.0
245,1412,40,355,271,True,False,133,133,0,0,0,0.0,0.0,0.0,0.0,0.0
245,1413,40,355,318,True,True,133,133,25,288,2,2.0,8.0,2.1654135338345863,0.18796992481203006,2.1654135338345863
245,1414,40,355,326,True,False,133,133,0,0,0,0.0,0.0,0.0,0.0,0.0
245,1415,40,355,347,True,True,133,133,61,668,9,0.0,7.0,5.022556390977444,0.45864661654135336,5.022556390977444
245,1416,40,355,362,True,False,133,133,0,0,0,0.0,0.0,0.0,0.0,0.0
245,1417,40,355,369,True,True,133,133,18,205,2,0.0,8.0,1.5413533834586466,0.13533834586466165,1.5413533834586466
245,1418,40,355,398,True,True,133,133,28,267,3,0.0,6.0,2.007518796992481,0.21052631578947367,2.007518796992481
245,1419,40,355,410,True,False,133,133,0,0,0,0.0,0.0,0.0,0.0,0.0
245,1420,40,355,429,True,True,133,133,1,7,1,0.0,1.0,0.05263157894736842,0.007518796992481203,0.05263157894736842
246,54,42,8,22,True,True,160,160,36,108,4,1.0,5.0,0.675,0.225,0.675
246,55,42,8,79,True,True,160,160,43,340,3,0.0,2.0,2.125,0.26875,2.125
246,56,42,8,80,True,True,160,160,29,125,2,0.0,2.0,0.78125,0.18125,0.78125
246,57,42,8,100,True,False,160,160,0,0,0,0.0,0.0,0.0,0.0,0.0
246,58,42,8,126,True,True,160,160,14,41,1,0.0,2.0,0.25625,0.0875,0.25625
246,59,42,8,144,True,False,160,160,0,0,0,0.0,0.0,0.0,0.0,0.0
246,60,42,8,149,True,False,160,160,0,0,0,0.0,0.0,0.0,0.0,0.0
246,61,42,8,171,True,True,160,160,1,1,1,0.0,0.0,0.00625,0.00625,0.00625
246,62,42,8,184,True,True,160,160,15,90,1,0.0,4.0,0.5625,0.09375,0.5625
246,63,42,8,229,True,False,160,160,0,0,0,0.0,0.0,0.0,0.0,0.0
246,64,42,8,230,True,False,160,160,0,0,0,0.0,0.0,0.0,0.0,0.0
246,65,42,8,258,True,True,160,160,67,402,5,0.0,1.0,2.5125,0.41875,2.5125
246,66,42,8,311,True,True,160,160,15,50,1,0.0,2.0,0.3125,0.09375,0.3125
246,67,42,8,315,True,False,160,160,0,0,0,0.0,0.0,0.0,0.0,0.0
246,68,42,8,390,True,True,160,160,14,35,1,0.0,1.0,0.21875,0.0875,0.21875
247,69,42,10,109,True,False,9,9,0,0,0,0.0,0.0,0.0,0.0,0.0
247,70,42,10,112,True,False,9,9,0,0,0,0.0,0.0,0.0,0.0,0.0
247,71,42,10,117,True,False,9,9,0,0,0,0.0,0.0,0.0,0.0,0.0
247,72,42,10,173,True,False,9,9,0,0,0,0.0,0.0,0.0,0.0,0.0
247,73,42,10,238,True,False,9,9,0,0,0,0.0,0.0,0.0,0.0,0.0
247,74,42,10,268,True,False,9,9,0,0,0,0.0,0.0,0.0,0.0,0.0
247,75,42,10,281,True,False,9,9,0,0,0,0.0,0.0,0.0,0.0,0.0
247,76,42,10,294,True,False,9,9,0,0,0,0.0,0.0,0.0,0.0,0.0
247,77,42,10,324,True,False,9,9,0,0,0,0.0,0.0,0.0,0.0,0.0
247,78,42,10,378,True,False,9,9,0,0,0,0.0,0.0,0.0,0.0,0.0
247,79,42,10,387,True,False,9,9,0,0,0,0.0,0.0,0.0,0.0,0.0
247,80,42,10,462,True,True,9,9,6,53,1,6.0,9.0,5.888888888888889,0.6666666666666666,5.888888888888889
247,81,42,10,497,True,False,9,9,0,0,0,0.0,0.0,0.0,0.0,0.0
248,591,42,149,8,True,True,52,52,8,60,1,0.0,1.0,1.1538461538461537,0.15384615384615385,1.1538461538461537
248,592,42,149,42,True,True,52,52,19,45,2,0.0,1.0,0.8653846153846154,0.36538461538461536,0.8653846153846154
248,593,42,149,79,True,False,52,52,0,0,0,0.0,0.0,0.0,0.0,0.0
248,594,42,149,80,True,False,52,52,0,0,0,0.0,0.0,0.0,0.0,0.0
248,595,42,149,100,True,False,52,52,0,0,0,0.0,0.0,0.0,0.0,0.0
248,596,42,149,151,True,True,52,52,5,15,1,0.0,0.0,0.28846153846153844,0.09615384615384616,0.28846153846153844
248,597,42,149,171,True,True,52,52,18,88,2,0.0,3.0,1.6923076923076923,0.34615384615384615,1.6923076923076923
248,598,42,149,184,True,False,52,52,0,0,0,0.0,0.0,0.0,0.0,0.0
248,599,42,149,230,True,False,52,52,0,0,0,0.0,0.0,0.0,0.0,0.0
248,600,42,149,268,True,False,52,52,0,0,0,0.0,0.0,0.0,0.0,0.0
248,601,42,149,311,True,False,52,52,0,0,0,0.0,0.0,0.0,0.0,0.0
248,602,42,149,315,True,False,52,52,0,0,0,0.0,0.0,0.0,0.0,0.0
248,603,42,149,390,True,True,52,52,43,358,4,0.0,2.0,6.884615384615385,0.8269230769230769,6.884615384615385
248,604,42,149,415,True,False,52,52,0,0,0,0.0,0.0,0.0,0.0,0.0
249,605,42,151,8,True,True,256,256,18,54,2,0.0,0.5,0.2109375,0.0703125,0.2109375
249,606,42,151,10,True,False,256,256,0,0,0,0.0,0.0,0.0,0.0,0.0
249,607,42,151,22,True,False,256,256,0,0,0,0.0,0.0,0.0,0.0,0.0
249,608,42,151,79,True,True,256,256,12,41,1,0.0,1.0,0.16015625,0.046875,0.16015625
249,609,42,151,80,True,True,256,256,60,247,4,0.0,3.0,0.96484375,0.234375,0.96484375
249,610,42,151,117,True,False,256,256,0,0,0,0.0,0.0,0.0,0.0,0.0
249,611,42,151,149,True,True,256,256,15,45,1,1.0,5.0,0.17578125,0.05859375,0.17578125
249,612,42,151,171,True,True,256,256,28,205,3,0.0,3.0,0.80078125,0.109375,0.80078125
249,613,42,151,184,True,False,256,256,0,0,0,0.0,0.0,0.0,0.0,0.0
249,614,42,151,230,True,False,256,256,0,0,0,0.0,0.0,0.0,0.0,0.0
249,615,42,151,258,True,True,256,256,77,333,6,0.0,1.0,1.30078125,0.30078125,1.30078125
249,616,42,151,268,True,True,256,256,1,2,1,0.0,0.0,0.0078125,0.00390625,0.0078125
249,617,42,151,311,True,True,256,256,32,256,4,0.0,2.0,1.0,0.125,1.0
249,618,42,151,390,True,True,256,256,71,602,5,0.0,2.0,2.3515625,0.27734375,2.3515625
249,619,42,151,494,True,False,256,256,0,0,0,0.0,0.0,0.0,0.0,0.0
250,1039,42,258,2,True,True,337,337,15,200,1,3.0,8.0,0.5934718100890207,0.04451038575667656,0.5934718100890207
250,1040,42,258,22,True,False,337,337,0,0,0,0.0,0.0,0.0,0.0,0.0
250,1041,42,258,61,True,False,337,337,0,0,0,0.0,0.0,0.0,0.0,0.0
250,1042,42,258,80,True,True,337,337,147,1380,10,0.0,2.0,4.094955489614243,0.4362017804154303,4.094955489614243
250,1043,42,258,126,True,True,337,337,17,121,3,0.0,2.0,0.3590504451038576,0.050445103857566766,0.3590504451038576
250,1044,42,258,151,True,True,337,337,10,85,1,0.0,1.0,0.2522255192878338,0.02967359050445104,0.2522255192878338
250,1045,42,258,175,True,True,337,337,75,404,6,4.0,9.0,1.198813056379822,0.22255192878338279,1.198813056379822
250,1046,42,258,311,True,True,337,337,60,320,2,0.0,2.0,0.9495548961424333,0.17804154302670624,0.9495548961424333
250,1047,42,258,390,True,True,337,337,65,360,3,0.0,2.0,1.0682492581602374,0.19287833827893175,1.0682492581602374
250,1048,42,258,415,True,False,337,337,0,0,0,0.0,0.0,0.0,0.0,0.0
251,1553,42,390,2,True,False,99,99,0,0,0,0.0,0.0,0.0,0.0,0.0
251,1554,42,390,8,True,False,99,99,0,0,0,0.0,0.0,0.0,0.0,0.0
251,1555,42,390,22,True,False,99,99,0,0,0,0.0,0.0,0.0,0.0,0.0
251,1556,42,390,79,True,False,99,99,0,0,0,0.0,0.0,0.0,0.0,0.0
251,1557,42,390,80,True,False,99,99,0,0,0,0.0,0.0,0.0,0.0,0.0
251,1558,42,390,138,True,True,99,99,12,63,1,5.0,9.0,0.6363636363636364,0.12121212121212122,0.6363636363636364
251,1559,42,390,149,True,True,99,99,5,8,1,0.0,0.0,0.08080808080808081,0.050505050505050504,0.08080808080808081
251,1560,42,390,151,True,True,99,99,4,12,1,0.0,0.0,0.12121212121212122,0.04040404040404041,0.12121212121212122
251,1561,42,390,171,True,True,99,99,20,254,2,0.0,5.0,2.5656565656565657,0.20202020202020202,2.5656565656565657
251,1562,42,390,175,True,False,99,99,0,0,0,0.0,0.0,0.0,0.0,0.0
251,1563,42,390,230,True,False,99,99,0,0,0,0.0,0.0,0.0,0.0,0.0
251,1564,42,390,258,True,True,99,99,42,338,7,0.0,3.0,3.414141414141414,0.42424242424242425,3.414141414141414
251,1565,42,390,268,True,False,99,99,0,0,0,0.0,0.0,0.0,0.0,0.0
251,1566,42,390,294,True,False,99,99,0,0,0,0.0,0.0,0.0,0.0,0.0
251,1567,42,390,311,True,True,99,99,33,308,3,0.0,6.0,3.111111111111111,0.3333333333333333,3.111111111111111
252,1618,42,405,10,True,True,113,113,8,58,1,0.0,1.0,0.5132743362831859,0.07079646017699115,0.5132743362831859
252,1619,42,405,80,True,False,113,113,0,0,0,0.0,0.0,0.0,0.0,0.0
252,1620,42,405,100,True,False,113,113,0,0,0,0.0,0.0,0.0,0.0,0.0
252,1621,42,405,117,True,False,113,113,0,0,0,0.0,0.0,0.0,0.0,0.0
252,1622,42,405,258,True,True,113,113,26,237,2,0.0,1.0,2.0973451327433628,0.23008849557522124,2.0973451327433628
252,1623,42,405,311,True,False,113,113,0,0,0,0.0,0.0,0.0,0.0,0.0
252,1624,42,405,315,True,False,113,113,0,0,0,0.0,0.0,0.0,0.0,0.0
252,1625,42,405,390,True,True,113,113,12,56,1,0.0,3.0,0.49557522123893805,0.10619469026548672,0.49557522123893805
252,1626,42,405,404,True,False,113,113,0,0,0,0.0,0.0,0.0,0.0,0.0
252,1627,42,405,485,True,False,113,113,0,0,0,0.0,0.0,0.0,0.0,0.0
253,1651,42,415,7,True,False,111,111,0,0,0,0.0,0.0,0.0,0.0,0.0
253,1652,42,415,80,True,True,111,111,9,27,1,1.0,4.0,0.24324324324324326,0.08108108108108109,0.24324324324324326
253,1653,42,415,117,True,False,111,111,0,0,0,0.0,0.0,0.0,0.0,0.0
253,1654,42,415,133,True,False,111,111,0,0,0,0.0,0.0,0.0,0.0,0.0
253,1655,42,415,149,True,False,111,111,0,0,0,0.0,0.0,0.0,0.0,0.0
253,1656,42,415,151,True,False,111,111,0,0,0,0.0,0.0,0.0,0.0,0.0
253,1657,42,415,175,True,False,111,111,0,0,0,0.0,0.0,0.0,0.0,0.0
253,1658,42,415,196,True,False,111,111,0,0,0,0.0,0.0,0.0,0.0,0.0
253,1659,42,415,258,True,True,111,111,48,175,6,0.0,1.0,1.5765765765765767,0.43243243243243246,1.5765765765765767
253,1660,42,415,263,True,False,111,111,0,0,0,0.0,0.0,0.0,0.0,0.0
253,1661,42,415,268,True,False,111,111,0,0,0,0.0,0.0,0.0,0.0,0.0
253,1662,42,415,311,True,True,111,111,9,35,1,0.0,3.0,0.3153153153153153,0.08108108108108109,0.3153153153153153
253,1663,42,415,315,True,False,111,111,0,0,0,0.0,0.0,0.0,0.0,0.0
253,1664,42,415,387,True,False,111,111,0,0,0,0.0,0.0,0.0,0.0,0.0
253,1665,42,415,390,True,True,111,111,12,24,1,0.0,3.0,0.21621621621621623,0.10810810810810811,0.21621621621621623
253,1666,42,415,509,True,False,111,111,0,0,0,0.0,0.0,0.0,0.0,0.0
254,93,43,13,6,True,False,8,8,0,0,0,0.0,0.0,0.0,0.0,0.0
254,94,43,13,34,True,True,8,8,8,11,3,0.0,0.0,1.375,1.0,1.375
254,95,43,13,58,True,False,8,8,0,0,0,0.0,0.0,0.0,0.0,0.0
254,96,43,13,169,True,False,8,8,0,0,0,0.0,0.0,0.0,0.0,0.0
254,97,43,13,243,True,False,8,8,0,0,0,0.0,0.0,0.0,0.0,0.0
254,98,43,13,256,True,False,8,8,0,0,0,0.0,0.0,0.0,0.0,0.0
254,99,43,13,262,True,False,8,8,0,0,0,0.0,0.0,0.0,0.0,0.0
254,100,43,13,281,True,False,8,8,0,0,0,0.0,0.0,0.0,0.0,0.0
254,101,43,13,335,True,False,8,8,0,0,0,0.0,0.0,0.0,0.0,0.0
254,102,43,13,353,True,False,8,8,0,0,0,0.0,0.0,0.0,0.0,0.0
254,103,43,13,361,True,False,8,8,0,0,0,0.0,0.0,0.0,0.0,0.0
254,104,43,13,433,True,False,8,8,0,0,0,0.0,0.0,0.0,0.0,0.0
254,105,43,13,455,True,False,8,8,0,0,0,0.0,0.0,0.0,0.0,0.0
254,106,43,13,472,True,False,8,8,0,0,0,0.0,0.0,0.0,0.0,0.0
254,107,43,13,508,True,False,8,8,0,0,0,0.0,0.0,0.0,0.0,0.0
255,205,43,34,6,True,False,343,343,0,0,0,0.0,0.0,0.0,0.0,0.0
255,206,43,34,58,True,False,343,343,0,0,0,0.0,0.0,0.0,0.0,0.0
255,207,43,34,113,True,True,343,343,108,478,26,0.0,0.0,1.3935860058309038,0.31486880466472306,1.3935860058309038
255,208,43,34,217,True,False,343,343,0,0,0,0.0,0.0,0.0,0.0,0.0
255,209,43,34,243,True,False,343,343,0,0,0,0.0,0.0,0.0,0.0,0.0
255,210,43,34,251,True,True,343,343,108,368,34,0.0,0.0,1.0728862973760933,0.31486880466472306,1.0728862973760933
255,211,43,34,262,True,False,343,343,0,0,0,0.0,0.0,0.0,0.0,0.0
255,212,43,34,321,True,True,343,343,4,10,2,0.0,0.0,0.029154518950437316,0.011661807580174927,0.029154518950437316
255,213,43,34,361,True,False,343,343,0,0,0,0.0,0.0,0.0,0.0,0.0
255,214,43,34,481,True,True,343,343,10,42,3,0.0,0.0,0.12244897959183673,0.029154518950437316,0.12244897959183673
255,215,43,34,508,True,False,343,343,0,0,0,0.0,0.0,0.0,0.0,0.0
256,425,43,113,7,True,True,23,23,7,73,3,3.0,7.0,3.1739130434782608,0.30434782608695654,3.1739130434782608
256,426,43,113,133,True,True,23,23,4,52,2,2.0,6.0,2.260869565217391,0.17391304347826086,2.260869565217391
256,427,43,113,143,True,False,23,23,0,0,0,0.0,0.0,0.0,0.0,0.0
256,428,43,113,157,True,True,23,23,1,8,1,2.0,4.5,0.34782608695652173,0.043478260869565216,0.34782608695652173
256,429,43,113,196,True,True,23,23,2,9,2,4.0,6.0,0.391304347826087,0.08695652173913043,0.391304347826087
256,430,43,113,279,True,True,23,23,1,15,1,4.0,7.0,0.6521739130434783,0.043478260869565216,0.6521739130434783
256,431,43,113,318,True,False,23,23,0,0,0,0.0,0.0,0.0,0.0,0.0
256,432,43,113,440,True,True,23,23,1,9,1,3.0,5.0,0.391304347826087,0.043478260869565216,0.391304347826087
256,433,43,113,509,True,True,23,23,1,1,1,6.0,6.0,0.043478260869565216,0.043478260869565216,0.043478260869565216
257,997,43,251,21,True,False,57,57,0,0,0,0.0,0.0,0.0,0.0,0.0
257,998,43,251,88,True,True,57,57,3,45,1,0.0,4.0,0.7894736842105263,0.05263157894736842,0.7894736842105263
257,999,43,251,113,True,True,57,57,8,63,6,0.0,1.0,1.105263157894737,0.14035087719298245,1.105263157894737
257,1000,43,251,156,True,False,57,57,0,0,0,0.0,0.0,0.0,0.0,0.0
257,1001,43,251,157,True,True,57,57,2,2,2,6.0,6.5,0.03508771929824561,0.03508771929824561,0.03508771929824561
257,1002,43,251,161,True,True,57,57,5,40,3,4.0,7.0,0.7017543859649122,0.08771929824561403,0.7017543859649122
257,1003,43,251,179,True,False,57,57,0,0,0,0.0,0.0,0.0,0.0,0.0
257,1004,43,251,186,True,False,57,57,0,0,0,0.0,0.0,0.0,0.0,0.0
257,1005,43,251,245,True,False,57,57,0,0,0,0.0,0.0,0.0,0.0,0.0
257,1006,43,251,253,True,False,57,57,0,0,0,0.0,0.0,0.0,0.0,0.0
257,1007,43,251,279,True,True,57,57,11,127,5,1.0,5.0,2.2280701754385963,0.19298245614035087,2.2280701754385963
257,1008,43,251,319,True,False,57,57,0,0,0,0.0,0.0,0.0,0.0,0.0
257,1009,43,251,381,True,False,57,57,0,0,0,0.0,0.0,0.0,0.0,0.0
257,1010,43,251,449,True,False,57,57,0,0,0,0.0,0.0,0.0,0.0,0.0
258,1312,43,321,21,True,False,4,4,0,0,0,0.0,0.0,0.0,0.0,0.0
258,1313,43,321,113,True,True,4,4,1,7,1,0.0,1.0,1.75,0.25,1.75
258,1314,43,321,156,True,False,4,4,0,0,0,0.0,0.0,0.0,0.0,0.0
258,1315,43,321,179,True,False,4,4,0,0,0,0.0,0.0,0.0,0.0,0.0
258,1316,43,321,251,True,True,4,4,4,35,2,0.0,1.0,8.75,1.0,8.75
258,1317,43,321,253,True,False,4,4,0,0,0,0.0,0.0,0.0,0.0,0.0
258,1318,43,321,261,True,False,4,4,0,0,0,0.0,0.0,0.0,0.0,0.0
258,1319,43,321,319,True,False,4,4,0,0,0,0.0,0.0,0.0,0.0,0.0
258,1320,43,321,440,True,False,4,4,0,0,0,0.0,0.0,0.0,0.0,0.0
258,1321,43,321,481,True,False,4,4,0,0,0,0.0,0.0,0.0,0.0,0.0
258,1322,43,321,488,True,False,4,4,0,0,0,0.0,0.0,0.0,0.0,0.0
259,1398,43,353,2,True,False,34,34,0,0,0,0.0,0.0,0.0,0.0,0.0
259,1399,43,353,113,True,True,34,34,2,3,2,0.0,0.0,0.08823529411764706,0.058823529411764705,0.08823529411764706
259,1400,43,353,139,True,False,34,34,0,0,0,0.0,0.0,0.0,0.0,0.0
259,1401,43,353,144,True,False,34,34,0,0,0,0.0,0.0,0.0,0.0,0.0
259,1402,43,353,175,True,False,34,34,0,0,0,0.0,0.0,0.0,0.0,0.0
259,1403,43,353,321,True,False,34,34,0,0,0,0.0,0.0,0.0,0.0,0.0
259,1404,43,353,335,True,False,34,34,0,0,0,0.0,0.0,0.0,0.0,0.0
259,1405,43,353,455,True,False,34,34,0,0,0,0.0,0.0,0.0,0.0,0.0
259,1406,43,353,481,True,True,34,34,23,123,8,0.0,0.0,3.6176470588235294,0.6764705882352942,3.6176470588235294
259,1407,43,353,508,True,False,34,34,0,0,0,0.0,0.0,0.0,0.0,0.0
260,1801,43,481,21,True,False,27,27,0,0,0,0.0,0.0,0.0,0.0,0.0
260,1802,43,481,74,True,False,27,27,0,0,0,0.0,0.0,0.0,0.0,0.0
260,1803,43,481,113,True,True,27,27,5,42,3,0.0,1.0,1.5555555555555556,0.18518518518518517,1.5555555555555556
260,1804,43,481,179,True,False,27,27,0,0,0,0.0,0.0,0.0,0.0,0.0
260,1805,43,481,253,True,False,27,27,0,0,0,0.0,0.0,0.0,0.0,0.0
260,1806,43,481,261,True,False,27,27,0,0,0,0.0,0.0,0.0,0.0,0.0
260,1807,43,481,319,True,False,27,27,0,0,0,0.0,0.0,0.0,0.0,0.0
261,25,46,3,57,True,False,149,149,0,0,0,0.0,0.0,0.0,0.0,0.0
261,26,46,3,206,True,False,149,149,0,0,0,0.0,0.0,0.0,0.0,0.0
261,27,46,3,406,True,True,149,149,133,1065,13,0.0,1.0,7.147651006711409,0.8926174496644296,7.147651006711409
262,161,46,26,16,True,False,13,13,0,0,0,0.0,0.0,0.0,0.0,0.0
262,162,46,26,46,True,True,13,13,4,24,3,0.0,0.0,1.8461538461538463,0.3076923076923077,1.8461538461538463
262,163,46,26,109,True,False,13,13,0,0,0,0.0,0.0,0.0,0.0,0.0
262,164,46,26,213,True,False,13,13,0,0,0,0.0,0.0,0.0,0.0,0.0
262,165,46,26,266,True,False,13,13,0,0,0,0.0,0.0,0.0,0.0,0.0
262,166,46,26,378,True,False,13,13,0,0,0,0.0,0.0,0.0,0.0,0.0
262,167,46,26,382,True,False,13,13,0,0,0,0.0,0.0,0.0,0.0,0.0
262,168,46,26,430,True,False,13,13,0,0,0,0.0,0.0,0.0,0.0,0.0
262,169,46,26,462,True,False,13,13,0,0,0,0.0,0.0,0.0,0.0,0.0
262,170,46,26,487,True,False,13,13,0,0,0,0.0,0.0,0.0,0.0,0.0
262,171,46,26,497,True,False,13,13,0,0,0,0.0,0.0,0.0,0.0,0.0
263,279,46,57,206,True,False,237,237,0,0,0,0.0,0.0,0.0,0.0,0.0
263,280,46,57,406,True,True,237,237,70,522,6,0.0,1.0,2.2025316455696204,0.29535864978902954,2.2025316455696204
264,932,46,238,10,True,False,21,21,0,0,0,0.0,0.0,0.0,0.0,0.0
264,933,46,238,80,True,False,21,21,0,0,0,0.0,0.0,0.0,0.0,0.0
264,934,46,238,117,True,False,21,21,0,0,0,0.0,0.0,0.0,0.0,0.0
264,935,46,238,149,True,False,21,21,0,0,0,0.0,0.0,0.0,0.0,0.0
264,936,46,238,199,True,True,21,21,1,3,1,0.0,0.0,0.14285714285714285,0.047619047619047616,0.14285714285714285
264,937,46,238,294,True,True,21,21,6,52,1,0.0,1.0,2.4761904761904763,0.2857142857142857,2.4761904761904763
264,938,46,238,317,True,True,21,21,1,1,1,0.0,0.0,0.047619047619047616,0.047619047619047616,0.047619047619047616
264,939,46,238,387,True,False,21,21,0,0,0,0.0,0.0,0.0,0.0,0.0
264,940,46,238,404,True,False,21,21,0,0,0,0.0,0.0,0.0,0.0,0.0
264,941,46,238,494,True,False,21,21,0,0,0,0.0,0.0,0.0,0.0,0.0
265,1282,46,317,30,True,False,3,3,0,0,0,0.0,0.0,0.0,0.0,0.0
265,1283,46,317,39,True,False,3,3,0,0,0,0.0,0.0,0.0,0.0,0.0
265,1284,46,317,176,True,False,3,3,0,0,0,0.0,0.0,0.0,0.0,0.0
265,1285,46,317,199,True,True,3,3,1,5,1,0.0,0.0,1.6666666666666667,0.3333333333333333,1.6666666666666667
265,1286,46,317,238,True,False,3,3,0,0,0,0.0,0.0,0.0,0.0,0.0
265,1287,46,317,252,True,False,3,3,0,0,0,0.0,0.0,0.0,0.0,0.0
265,1288,46,317,294,True,False,3,3,0,0,0,0.0,0.0,0.0,0.0,0.0
265,1289,46,317,371,True,False,3,3,0,0,0,0.0,0.0,0.0,0.0,0.0
265,1290,46,317,383,True,False,3,3,0,0,0,0.0,0.0,0.0,0.0,0.0
265,1291,46,317,387,True,True,3,3,2,14,1,6.0,7.0,4.666666666666667,0.6666666666666666,4.666666666666667
265,1292,46,317,404,True,False,3,3,0,0,0,0.0,0.0,0.0,0.0,0.0
265,1293,46,317,455,True,False,3,3,0,0,0,0.0,0.0,0.0,0.0,0.0
265,1294,46,317,462,True,False,3,3,0,0,0,0.0,0.0,0.0,0.0,0.0
265,1295,46,317,494,True,False,3,3,0,0,0,0.0,0.0,0.0,0.0,0.0
266,1454,46,371,39,True,False,5,5,0,0,0,0.0,0.0,0.0,0.0,0.0
266,1455,46,371,126,True,False,5,5,0,0,0,0.0,0.0,0.0,0.0,0.0
266,1456,46,371,146,True,False,5,5,0,0,0,0.0,0.0,0.0,0.0,0.0
266,1457,46,371,163,True,False,5,5,0,0,0,0.0,0.0,0.0,0.0,0.0
266,1458,46,371,247,True,False,5,5,0,0,0,0.0,0.0,0.0,0.0,0.0
266,1459,46,371,252,True,False,5,5,0,0,0,0.0,0.0,0.0,0.0,0.0
266,1460,46,371,259,True,True,5,5,2,3,1,0.0,0.0,0.6,0.4,0.6
266,1461,46,371,385,True,False,5,5,0,0,0,0.0,0.0,0.0,0.0,0.0
267,1628,46,406,206,True,True,425,425,60,655,6,0.0,5.0,1.5411764705882354,0.1411764705882353,1.5411764705882354
268,573,50,146,8,True,False,78,78,0,0,0,0.0,0.0,0.0,0.0,0.0
268,574,50,146,42,True,False,78,78,0,0,0,0.0,0.0,0.0,0.0,0.0
268,575,50,146,100,True,False,78,78,0,0,0,0.0,0.0,0.0,0.0,0.0
268,576,50,146,151,True,False,78,78,0,0,0,0.0,0.0,0.0,0.0,0.0
268,577,50,146,230,True,False,78,78,0,0,0,0.0,0.0,0.0,0.0,0.0
268,578,50,146,315,True,False,78,78,0,0,0,0.0,0.0,0.0,0.0,0.0
268,579,50,146,404,True,False,78,78,0,0,0,0.0,0.0,0.0,0.0,0.0
268,580,50,146,405,True,True,78,78,24,238,2,0.0,2.0,3.051282051282051,0.3076923076923077,3.051282051282051
268,581,50,146,485,True,True,78,78,15,190,1,0.0,2.0,2.4358974358974357,0.19230769230769232,2.4358974358974357
269,1164,50,288,4,True,False,6,6,0,0,0,0.0,0.0,0.0,0.0,0.0
269,1165,50,288,50,True,True,6,6,6,33,3,0.0,0.0,5.5,1.0,5.5
269,1166,50,288,63,True,False,6,6,0,0,0,0.0,0.0,0.0,0.0,0.0
269,1167,50,288,138,True,False,6,6,0,0,0,0.0,0.0,0.0,0.0,0.0
269,1168,50,288,164,True,False,6,6,0,0,0,0.0,0.0,0.0,0.0,0.0
269,1169,50,288,172,True,False,6,6,0,0,0,0.0,0.0,0.0,0.0,0.0
269,1170,50,288,259,True,False,6,6,0,0,0,0.0,0.0,0.0,0.0,0.0
270,1263,50,315,50,True,False,19,19,0,0,0,0.0,0.0,0.0,0.0,0.0
270,1264,50,315,100,True,False,19,19,0,0,0,0.0,0.0,0.0,0.0,0.0
270,1265,50,315,184,True,True,19,19,3,28,1,0.0,2.0,1.4736842105263157,0.15789473684210525,1.4736842105263157
270,1266,50,315,229,True,False,19,19,0,0,0,0.0,0.0,0.0,0.0,0.0
270,1267,50,315,230,True,False,19,19,0,0,0,0.0,0.0,0.0,0.0,0.0
270,1268,50,315,485,True,False,19,19,0,0,0,0.0,0.0,0.0,0.0,0.0
271,42,56,7,28,True,False,23,23,0,0,0,0.0,0.0,0.0,0.0,0.0
271,43,56,7,77,True,False,23,23,0,0,0,0.0,0.0,0.0,0.0,0.0
271,44,56,7,133,True,False,23,23,0,0,0,0.0,0.0,0.0,0.0,0.0
271,45,56,7,143,True,True,23,23,3,20,1,0.0,1.0,0.8695652173913043,0.13043478260869565,0.8695652173913043
271,46,56,7,167,True,True,23,23,11,32,2,0.0,0.0,1.391304347826087,0.4782608695652174,1.391304347826087
271,47,56,7,196,True,True,23,23,9,101,1,0.0,1.0,4.391304347826087,0.391304347826087,4.391304347826087
271,48,56,7,222,True,False,23,23,0,0,0,0.0,0.0,0.0,0.0,0.0
271,49,56,7,290,True,True,23,23,6,15,1,0.0,0.0,0.6521739130434783,0.2608695652173913,0.6521739130434783
271,50,56,7,318,True,False,23,23,0,0,0,0.0,0.0,0.0,0.0,0.0
271,51,56,7,347,True,False,23,23,0,0,0,0.0,0.0,0.0,0.0,0.0
271,52,56,7,474,True,False,23,23,0,0,0,0.0,0.0,0.0,0.0,0.0
271,53,56,7,509,True,True,23,23,5,5,1,5.0,5.0,0.21739130434782608,0.21739130434782608,0.21739130434782608
272,548,56,143,7,True,False,8,8,0,0,0,0.0,0.0,0.0,0.0,0.0
272,549,56,143,88,True,False,8,8,0,0,0,0.0,0.0,0.0,0.0,0.0
272,550,56,143,133,True,True,8,8,1,5,1,4.0,6.0,0.625,0.125,0.625
272,551,56,143,161,True,False,8,8,0,0,0,0.0,0.0,0.0,0.0,0.0
272,552,56,143,163,True,False,8,8,0,0,0,0.0,0.0,0.0,0.0,0.0
272,553,56,143,233,True,False,8,8,0,0,0,0.0,0.0,0.0,0.0,0.0
272,554,56,143,279,True,False,8,8,0,0,0,0.0,0.0,0.0,0.0,0.0
272,555,56,143,432,True,True,8,8,3,21,1,7.0,9.0,2.625,0.375,2.625
272,556,56,143,440,True,True,8,8,1,3,1,0.0,1.0,0.375,0.125,0.375
272,557,56,143,474,True,False,8,8,0,0,0,0.0,0.0,0.0,0.0,0.0
273,688,56,167,7,True,True,319,319,18,82,2,0.0,2.0,0.25705329153605017,0.05642633228840126,0.25705329153605017
273,689,56,167,88,True,True,319,319,6,31,1,7.0,10.0,0.09717868338557993,0.018808777429467086,0.09717868338557993
273,690,56,167,133,True,False,319,319,0,0,0,0.0,0.0,0.0,0.0,0.0
273,691,56,167,143,True,True,319,319,53,240,4,0.0,1.0,0.7523510971786834,0.16614420062695925,0.7523510971786834
273,692,56,167,157,True,True,319,319,18,108,2,0.0,4.0,0.3385579937304075,0.05642633228840126,0.3385579937304075
273,693,56,167,161,True,True,319,319,45,469,5,0.0,3.0,1.4702194357366771,0.14106583072100312,1.4702194357366771
273,694,56,167,196,True,False,319,319,0,0,0,0.0,0.0,0.0,0.0,0.0
273,695,56,167,261,True,True,319,319,35,213,2,0.0,4.0,0.6677115987460815,0.109717868338558,0.6677115987460815
273,696,56,167,279,True,True,319,319,47,489,4,0.0,2.0,1.5329153605015673,0.14733542319749215,1.5329153605015673
273,697,56,167,290,True,True,319,319,6,42,1,0.0,1.0,0.13166144200626959,0.018808777429467086,0.13166144200626959
273,698,56,167,316,True,True,319,319,2,2,1,0.0,0.0,0.006269592476489028,0.006269592476489028,0.006269592476489028
273,699,56,167,432,True,False,319,319,0,0,0,0.0,0.0,0.0,0.0,0.0
273,700,56,167,440,True,True,319,319,149,1283,7,0.0,2.0,4.021943573667712,0.4670846394984326,4.021943573667712
273,701,56,167,474,True,False,319,319,0,0,0,0.0,0.0,0.0,0.0,0.0
273,702,56,167,509,True,True,319,319,52,266,6,0.0,1.0,0.8338557993730408,0.16300940438871472,0.8338557993730408
274,860,56,207,161,True,True,75,75,12,36,1,2.0,5.5,0.48,0.16,0.48
274,861,56,207,167,True,True,75,75,54,528,5,0.0,3.0,7.04,0.72,7.04
274,862,56,207,196,True,True,75,75,6,16,1,0.0,1.0,0.21333333333333335,0.08,0.21333333333333335
274,863,56,207,263,True,True,75,75,6,36,1,0.0,0.5,0.48,0.08,0.48
274,864,56,207,375,True,False,75,75,0,0,0,0.0,0.0,0.0,0.0,0.0
274,865,56,207,405,True,False,75,75,0,0,0,0.0,0.0,0.0,0.0,0.0
274,866,56,207,440,True,True,75,75,24,80,2,0.0,2.5,1.0666666666666667,0.32,1.0666666666666667
274,867,56,207,485,True,False,75,75,0,0,0,0.0,0.0,0.0,0.0,0.0
275,1082,56,263,7,True,True,80,80,18,68,2,0.0,2.0,0.85,0.225,0.85
275,1083,56,263,133,True,False,80,80,0,0,0,0.0,0.0,0.0,0.0,0.0
275,1084,56,263,167,True,True,80,80,10,58,2,0.0,0.0,0.725,0.125,0.725
275,1085,56,263,196,True,True,80,80,26,96,3,0.0,2.0,1.2,0.325,1.2
275,1086,56,263,258,True,True,80,80,5,14,1,0.0,1.0,0.175,0.0625,0.175
275,1087,56,263,309,True,False,80,80,0,0,0,0.0,0.0,0.0,0.0,0.0
275,1088,56,263,405,True,False,80,80,0,0,0,0.0,0.0,0.0,0.0,0.0
275,1089,56,263,440,True,True,80,80,27,165,2,0.0,3.0,2.0625,0.3375,2.0625
275,1090,56,263,509,True,True,80,80,20,85,2,0.0,3.0,1.0625,0.25,1.0625
276,1651,56,415,7,True,True,25,25,7,11,1,0.0,0.0,0.44,0.28,0.44
276,1652,56,415,80,True,False,25,25,0,0,0,0.0,0.0,0.0,0.0,0.0
276,1653,56,415,117,True,False,25,25,0,0,0,0.0,0.0,0.0,0.0,0.0
276,1654,56,415,133,True,False,25,25,0,0,0,0.0,0.0,0.0,0.0,0.0
276,1655,56,415,149,True,False,25,25,0,0,0,0.0,0.0,0.0,0.0,0.0
276,1656,56,415,151,True,False,25,25,0,0,0,0.0,0.0,0.0,0.0,0.0
276,1657,56,415,175,True,False,25,25,0,0,0,0.0,0.0,0.0,0.0,0.0
276,1658,56,415,196,True,True,25,25,3,8,1,0.0,1.0,0.32,0.12,0.32
276,1659,56,415,258,True,False,25,25,0,0,0,0.0,0.0,0.0,0.0,0.0
276,1660,56,415,263,True,False,25,25,0,0,0,0.0,0.0,0.0,0.0,0.0
276,1661,56,415,268,True,False,25,25,0,0,0,0.0,0.0,0.0,0.0,0.0
276,1662,56,415,311,True,False,25,25,0,0,0,0.0,0.0,0.0,0.0,0.0
276,1663,56,415,315,True,False,25,25,0,0,0,0.0,0.0,0.0,0.0,0.0
276,1664,56,415,387,True,False,25,25,0,0,0,0.0,0.0,0.0,0.0,0.0
276,1665,56,415,390,True,False,25,25,0,0,0,0.0,0.0,0.0,0.0,0.0
276,1666,56,415,509,True,True,25,25,3,18,1,0.0,0.5,0.72,0.12,0.72
277,1703,56,440,7,True,False,77,77,0,0,0,0.0,0.0,0.0,0.0,0.0
277,1704,56,440,28,True,True,77,77,18,178,2,4.0,9.0,2.311688311688312,0.23376623376623376,2.311688311688312
277,1705,56,440,143,True,True,77,77,6,30,2,0.0,0.0,0.38961038961038963,0.07792207792207792,0.38961038961038963
277,1706,56,440,161,True,False,77,77,0,0,0,0.0,0.0,0.0,0.0,0.0
277,1707,56,440,167,True,True,77,77,21,255,2,0.0,3.0,3.311688311688312,0.2727272727272727,3.311688311688312
277,1708,56,440,261,True,False,77,77,0,0,0,0.0,0.0,0.0,0.0,0.0
277,1709,56,440,263,True,False,77,77,0,0,0,0.0,0.0,0.0,0.0,0.0
277,1710,56,440,318,True,False,77,77,0,0,0,0.0,0.0,0.0,0.0,0.0
277,1711,56,440,321,True,False,77,77,0,0,0,0.0,0.0,0.0,0.0,0.0
277,1712,56,440,509,True,True,77,77,21,177,3,0.0,6.0,2.2987012987012987,0.2727272727272727,2.2987012987012987
278,1887,56,509,7,True,True,94,94,25,270,2,0.0,2.0,2.872340425531915,0.26595744680851063,2.872340425531915
278,1888,56,509,113,True,False,94,94,0,0,0,0.0,0.0,0.0,0.0,0.0
278,1889,56,509,161,True,True,94,94,1,10,1,1.0,3.0,0.10638297872340426,0.010638297872340425,0.10638297872340426
278,1890,56,509,196,True,False,94,94,0,0,0,0.0,0.0,0.0,0.0,0.0
278,1891,56,509,251,True,True,94,94,10,150,1,3.0,8.0,1.5957446808510638,0.10638297872340426,1.5957446808510638
278,1892,56,509,279,True,True,94,94,16,225,2,0.0,3.0,2.393617021276596,0.1702127659574468,2.393617021276596
278,1893,56,509,321,True,False,94,94,0,0,0,0.0,0.0,0.0,0.0,0.0
278,1894,56,509,361,True,False,94,94,0,0,0,0.0,0.0,0.0,0.0,0.0
278,1895,56,509,440,True,True,94,94,25,355,2,0.0,3.0,3.776595744680851,0.26595744680851063,3.776595744680851
278,1896,56,509,481,True,False,94,94,0,0,0,0.0,0.0,0.0,0.0,0.0
279,858,57,206,262,True,False,81,81,0,0,0,0.0,0.0,0.0,0.0,0.0
279,859,57,206,487,True,False,81,81,0,0,0,0.0,0.0,0.0,0.0,0.0
280,1628,57,406,206,True,True,69,69,8,36,1,0.0,0.0,0.5217391304347826,0.11594202898550725,0.5217391304347826
281,93,58,13,6,True,False,13,13,0,0,0,0.0,0.0,0.0,0.0,0.0
281,94,58,13,34,True,False,13,13,0,0,0,0.0,0.0,0.0,0.0,0.0
281,95,58,13,58,True,False,13,13,0,0,0,0.0,0.0,0.0,0.0,0.0
281,96,58,13,169,True,True,13,13,7,14,5,0.0,0.0,1.0769230769230769,0.5384615384615384,1.0769230769230769
281,97,58,13,243,True,False,13,13,0,0,0,0.0,0.0,0.0,0.0,0.0
281,98,58,13,256,True,True,13,13,12,17,10,0.0,0.0,1.3076923076923077,0.9230769230769231,1.3076923076923077
281,99,58,13,262,True,False,13,13,0,0,0,0.0,0.0,0.0,0.0,0.0
281,100,58,13,281,True,False,13,13,0,0,0,0.0,0.0,0.0,0.0,0.0
281,101,58,13,335,True,False,13,13,0,0,0,0.0,0.0,0.0,0.0,0.0
281,102,58,13,353,True,False,13,13,0,0,0,0.0,0.0,0.0,0.0,0.0
281,103,58,13,361,True,False,13,13,0,0,0,0.0,0.0,0.0,0.0,0.0
281,104,58,13,433,True,True,13,13,9,18,7,0.0,0.0,1.3846153846153846,0.6923076923076923,1.3846153846153846
281,105,58,13,455,True,False,13,13,0,0,0,0.0,0.0,0.0,0.0,0.0
281,106,58,13,472,True,False,13,13,0,0,0,0.0,0.0,0.0,0.0,0.0
281,107,58,13,508,True,True,13,13,3,3,3,0.0,0.0,0.23076923076923078,0.23076923076923078,0.23076923076923078
282,117,58,21,12,True,False,12,12,0,0,0,0.0,0.0,0.0,0.0,0.0
282,118,58,21,31,True,False,12,12,0,0,0,0.0,0.0,0.0,0.0,0.0
282,119,58,21,74,True,False,12,12,0,0,0,0.0,0.0,0.0,0.0,0.0
282,120,58,21,121,True,True,12,12,8,8,2,0.0,0.0,0.6666666666666666,0.6666666666666666,0.6666666666666666
282,121,58,21,141,True,False,12,12,0,0,0,0.0,0.0,0.0,0.0,0.0
282,122,58,21,156,True,True,12,12,8,12,2,0.0,0.0,1.0,0.6666666666666666,1.0
282,123,58,21,186,True,False,12,12,0,0,0,0.0,0.0,0.0,0.0,0.0
282,124,58,21,248,True,False,12,12,0,0,0,0.0,0.0,0.0,0.0,0.0
282,125,58,21,319,True,False,12,12,0,0,0,0.0,0.0,0.0,0.0,0.0
282,126,58,21,381,True,True,12,12,12,24,3,0.0,0.0,2.0,1.0,2.0
282,127,58,21,449,True,True,12,12,8,12,2,0.0,0.0,1.0,0.6666666666666666,1.0
282,128,58,21,463,True,False,12,12,0,0,0,0.0,0.0,0.0,0.0,0.0
283,366,58,84,24,True,False,4,4,0,0,0,0.0,0.0,0.0,0.0,0.0
283,367,58,84,58,True,False,4,4,0,0,0,0.0,0.0,0.0,0.0,0.0
283,368,58,84,115,True,False,4,4,0,0,0,0.0,0.0,0.0,0.0,0.0
283,369,58,84,316,True,False,4,4,0,0,0,0.0,0.0,0.0,0.0,0.0
283,370,58,84,385,True,False,4,4,0,0,0,0.0,0.0,0.0,0.0,0.0
283,371,58,84,389,True,False,4,4,0,0,0,0.0,0.0,0.0,0.0,0.0
283,372,58,84,402,True,False,4,4,0,0,0,0.0,0.0,0.0,0.0,0.0
283,373,58,84,474,True,False,4,4,0,0,0,0.0,0.0,0.0,0.0,0.0
284,489,58,129,13,True,True,75,75,54,113,11,0.0,0.0,1.5066666666666666,0.72,1.5066666666666666
284,490,58,129,34,True,False,75,75,0,0,0,0.0,0.0,0.0,0.0,0.0
284,491,58,129,58,True,False,75,75,0,0,0,0.0,0.0,0.0,0.0,0.0
284,492,58,129,169,True,True,75,75,46,63,8,0.0,1.0,0.84,0.6133333333333333,0.84
284,493,58,129,217,True,False,75,75,0,0,0,0.0,0.0,0.0,0.0,0.0
284,494,58,129,243,True,False,75,75,0,0,0,0.0,0.0,0.0,0.0,0.0
284,495,58,129,256,True,True,75,75,70,128,12,0.0,1.0,1.7066666666666668,0.9333333333333333,1.7066666666666668
284,496,58,129,262,True,False,75,75,0,0,0,0.0,0.0,0.0,0.0,0.0
284,497,58,129,433,True,True,75,75,25,25,6,0.0,1.0,0.3333333333333333,0.3333333333333333,0.3333333333333333
284,498,58,129,455,True,False,75,75,0,0,0,0.0,0.0,0.0,0.0,0.0
284,499,58,129,472,True,False,75,75,0,0,0,0.0,0.0,0.0,0.0,0.0
285,620,58,156,12,True,True,14,14,1,2,1,0.0,0.0,0.14285714285714285,0.07142857142857142,0.14285714285714285
285,621,58,156,22,True,False,14,14,0,0,0,0.0,0.0,0.0,0.0,0.0
285,622,58,156,58,True,False,14,14,0,0,0,0.0,0.0,0.0,0.0,0.0
285,623,58,156,113,True,False,14,14,0,0,0,0.0,0.0,0.0,0.0,0.0
285,624,58,156,121,True,True,14,14,13,40,8,0.0,0.0,2.857142857142857,0.9285714285714286,2.857142857142857
285,625,58,156,139,True,False,14,14,0,0,0,0.0,0.0,0.0,0.0,0.0
285,626,58,156,144,True,False,14,14,0,0,0,0.0,0.0,0.0,0.0,0.0
285,627,58,156,243,True,False,14,14,0,0,0,0.0,0.0,0.0,0.0,0.0
285,628,58,156,248,True,False,14,14,0,0,0,0.0,0.0,0.0,0.0,0.0
285,629,58,156,251,True,True,14,14,3,6,3,0.0,0.0,0.42857142857142855,0.21428571428571427,0.42857142857142855
285,630,58,156,262,True,False,14,14,0,0,0,0.0,0.0,0.0,0.0,0.0
285,631,58,156,273,True,False,14,14,0,0,0,0.0,0.0,0.0,0.0,0.0
285,632,58,156,321,True,False,14,14,0,0,0,0.0,0.0,0.0,0.0,0.0
285,633,58,156,449,True,True,14,14,12,17,7,0.0,0.0,1.2142857142857142,0.8571428571428571,1.2142857142857142
285,634,58,156,463,True,False,14,14,0,0,0,0.0,0.0,0.0,0.0,0.0
285,635,58,156,481,True,False,14,14,0,0,0,0.0,0.0,0.0,0.0,0.0
286,780,58,179,13,True,True,58,58,48,57,10,0.0,0.0,0.9827586206896551,0.8275862068965517,0.9827586206896551
286,781,58,179,34,True,False,58,58,0,0,0,0.0,0.0,0.0,0.0,0.0
286,782,58,179,43,True,False,58,58,0,0,0,0.0,0.0,0.0,0.0,0.0
286,783,58,179,129,True,True,58,58,20,48,5,0.0,0.0,0.8275862068965517,0.3448275862068966,0.8275862068965517
286,784,58,179,245,True,True,58,58,38,110,10,0.0,0.0,1.896551724137931,0.6551724137931034,1.896551724137931
286,785,58,179,253,True,False,58,58,0,0,0,0.0,0.0,0.0,0.0,0.0
286,786,58,179,256,True,False,58,58,0,0,0,0.0,0.0,0.0,0.0,0.0
286,787,58,179,313,True,False,58,58,0,0,0,0.0,0.0,0.0,0.0,0.0
286,788,58,179,353,True,False,58,58,0,0,0,0.0,0.0,0.0,0.0,0.0
286,789,58,179,472,True,False,58,58,0,0,0,0.0,0.0,0.0,0.0,0.0
286,790,58,179,488,True,False,58,58,0,0,0,0.0,0.0,0.0,0.0,0.0
287,808,58,186,12,True,False,45,45,0,0,0,0.0,0.0,0.0,0.0,0.0
287,809,58,186,21,True,False,45,45,0,0,0,0.0,0.0,0.0,0.0,0.0
287,810,58,186,31,True,False,45,45,0,0,0,0.0,0.0,0.0,0.0,0.0
287,811,58,186,74,True,False,45,45,0,0,0,0.0,0.0,0.0,0.0,0.0
287,812,58,186,121,True,True,45,45,33,62,6,0.0,0.0,1.3777777777777778,0.7333333333333333,1.3777777777777778
287,813,58,186,141,True,False,45,45,0,0,0,0.0,0.0,0.0,0.0,0.0
287,814,58,186,156,True,True,45,45,24,44,5,0.0,0.0,0.9777777777777777,0.5333333333333333,0.9777777777777777
287,815,58,186,248,True,False,45,45,0,0,0,0.0,0.0,0.0,0.0,0.0
287,816,58,186,319,True,False,45,45,0,0,0,0.0,0.0,0.0,0.0,0.0
287,817,58,186,381,True,True,45,45,45,100,8,0.0,0.0,2.2222222222222223,1.0,2.2222222222222223
287,818,58,186,449,True,True,45,45,38,51,7,0.0,0.0,1.1333333333333333,0.8444444444444444,1.1333333333333333
287,819,58,186,463,True,False,45,45,0,0,0,0.0,0.0,0.0,0.0,0.0
288,946,58,243,6,True,False,13,13,0,0,0,0.0,0.0,0.0,0.0,0.0
288,947,58,243,21,True,False,13,13,0,0,0,0.0,0.0,0.0,0.0,0.0
288,948,58,243,84,True,False,13,13,0,0,0,0.0,0.0,0.0,0.0,0.0
288,949,58,243,85,True,False,13,13,0,0,0,0.0,0.0,0.0,0.0,0.0
288,950,58,243,115,True,False,13,13,0,0,0,0.0,0.0,0.0,0.0,0.0
288,951,58,243,125,True,False,13,13,0,0,0,0.0,0.0,0.0,0.0,0.0
288,952,58,243,129,True,True,13,13,5,15,1,0.0,0.0,1.1538461538461537,0.38461538461538464,1.1538461538461537
288,953,58,243,156,True,False,13,13,0,0,0,0.0,0.0,0.0,0.0,0.0
288,954,58,243,179,True,False,13,13,0,0,0,0.0,0.0,0.0,0.0,0.0
288,955,58,243,199,True,False,13,13,0,0,0,0.0,0.0,0.0,0.0,0.0
288,956,58,243,217,True,False,13,13,0,0,0,0.0,0.0,0.0,0.0,0.0
288,957,58,243,319,True,False,13,13,0,0,0,0.0,0.0,0.0,0.0,0.0
288,958,58,243,385,True,True,13,13,3,3,1,0.0,1.0,0.23076923076923078,0.23076923076923078,0.23076923076923078
288,959,58,243,402,True,False,13,13,0,0,0,0.0,0.0,0.0,0.0,0.0
288,960,58,243,508,True,False,13,13,0,0,0,0.0,0.0,0.0,0.0,0.0
289,961,58,245,13,True,True,120,120,109,279,19,0.0,1.0,2.325,0.9083333333333333,2.325
289,962,58,245,34,True,False,120,120,0,0,0,0.0,0.0,0.0,0.0,0.0
289,963,58,245,58,True,False,120,120,0,0,0,0.0,0.0,0.0,0.0,0.0
289,964,58,245,129,True,True,120,120,8,13,2,0.0,0.0,0.10833333333333334,0.06666666666666667,0.10833333333333334
289,965,58,245,169,True,True,120,120,5,5,1,0.0,1.0,0.041666666666666664,0.041666666666666664,0.041666666666666664
289,966,58,245,253,True,False,120,120,0,0,0,0.0,0.0,0.0,0.0,0.0
289,967,58,245,256,True,True,120,120,89,170,15,0.0,1.0,1.4166666666666667,0.7416666666666667,1.4166666666666667
289,968,58,245,281,True,False,120,120,0,0,0,0.0,0.0,0.0,0.0,0.0
289,969,58,245,313,True,False,120,120,0,0,0,0.0,0.0,0.0,0.0,0.0
289,970,58,245,353,True,True,120,120,11,45,2,0.0,1.0,0.375,0.09166666666666666,0.375
289,971,58,245,433,True,True,120,120,102,159,16,0.0,1.0,1.325,0.85,1.325
289,972,58,245,472,True,True,120,120,11,25,2,0.0,1.0,0.20833333333333334,0.09166666666666666,0.20833333333333334
290,1480,58,381,12,True,True,72,72,5,16,1,0.0,0.0,0.2222222222222222,0.06944444444444445,0.2222222222222222
290,1481,58,381,31,True,False,72,72,0,0,0,0.0,0.0,0.0,0.0,0.0
290,1482,58,381,58,True,False,72,72,0,0,0,0.0,0.0,0.0,0.0,0.0
290,1483,58,381,74,True,False,72,72,0,0,0,0.0,0.0,0.0,0.0,0.0
290,1484,58,381,121,True,True,72,72,67,176,14,0.0,0.0,2.4444444444444446,0.9305555555555556,2.4444444444444446
290,1485,58,381,141,True,False,72,72,0,0,0,0.0,0.0,0.0,0.0,0.0
290,1486,58,381,156,True,True,72,72,42,79,10,0.0,0.0,1.0972222222222223,0.5833333333333334,1.0972222222222223
290,1487,58,381,248,True,False,72,72,0,0,0,0.0,0.0,0.0,0.0,0.0
290,1488,58,381,251,True,True,72,72,5,5,1,0.0,1.0,0.06944444444444445,0.06944444444444445,0.06944444444444445
290,1489,58,381,319,True,False,72,72,0,0,0,0.0,0.0,0.0,0.0,0.0
290,1490,58,381,433,True,False,72,72,0,0,0,0.0,0.0,0.0,0.0,0.0
290,1491,58,381,449,True,True,72,72,65,150,13,0.0,0.0,2.0833333333333335,0.9027777777777778,2.0833333333333335
290,1492,58,381,463,True,False,72,72,0,0,0,0.0,0.0,0.0,0.0,0.0
291,1543,58,389,23,True,True,14,14,2,7,1,0.0,1.0,0.5,0.14285714285714285,0.5
291,1544,58,389,58,True,False,14,14,0,0,0,0.0,0.0,0.0,0.0,0.0
291,1545,58,389,84,True,False,14,14,0,0,0,0.0,0.0,0.0,0.0,0.0
291,1546,58,389,85,True,True,14,14,14,14,2,2.0,6.0,1.0,1.0,1.0
291,1547,58,389,115,True,False,14,14,0,0,0,0.0,0.0,0.0,0.0,0.0
291,1548,58,389,157,True,True,14,14,2,10,1,0.0,2.0,0.7142857142857143,0.14285714285714285,0.7142857142857143
291,1549,58,389,208,True,False,14,14,0,0,0,0.0,0.0,0.0,0.0,0.0
291,1550,58,389,296,True,False,14,14,0,0,0,0.0,0.0,0.0,0.0,0.0
291,1551,58,389,385,True,True,14,14,2,7,1,0.0,1.0,0.5,0.14285714285714285,0.5
291,1552,58,389,474,True,False,14,14,0,0,0,0.0,0.0,0.0,0.0,0.0
292,1713,58,449,6,True,False,3,3,0,0,0,0.0,0.0,0.0,0.0,0.0
292,1714,58,449,12,True,False,3,3,0,0,0,0.0,0.0,0.0,0.0,0.0
292,1715,58,449,58,True,False,3,3,0,0,0,0.0,0.0,0.0,0.0,0.0
292,1716,58,449,113,True,False,3,3,0,0,0,0.0,0.0,0.0,0.0,0.0
292,1717,58,449,121,True,True,3,3,3,6,3,0.0,0.0,2.0,1.0,2.0
292,1718,58,449,217,True,False,3,3,0,0,0,0.0,0.0,0.0,0.0,0.0
292,1719,58,449,243,True,False,3,3,0,0,0,0.0,0.0,0.0,0.0,0.0
292,1720,58,449,251,True,False,3,3,0,0,0,0.0,0.0,0.0,0.0,0.0
292,1721,58,449,262,True,False,3,3,0,0,0,0.0,0.0,0.0,0.0,0.0
292,1722,58,449,321,True,False,3,3,0,0,0,0.0,0.0,0.0,0.0,0.0
292,1723,58,449,361,True,False,3,3,0,0,0,0.0,0.0,0.0,0.0,0.0
292,1724,58,449,463,True,False,3,3,0,0,0,0.0,0.0,0.0,0.0,0.0
292,1725,58,449,481,True,False,3,3,0,0,0,0.0,0.0,0.0,0.0,0.0
293,82,61,12,6,True,False,3,3,0,0,0,0.0,0.0,0.0,0.0,0.0
293,83,61,12,58,True,False,3,3,0,0,0,0.0,0.0,0.0,0.0,0.0
293,84,61,12,113,True,False,3,3,0,0,0,0.0,0.0,0.0,0.0,0.0
293,85,61,12,121,True,False,3,3,0,0,0,0.0,0.0,0.0,0.0,0.0
293,86,61,12,144,True,True,3,3,1,9,1,0.0,1.0,3.0,0.3333333333333333,3.0
293,87,61,12,243,True,False,3,3,0,0,0,0.0,0.0,0.0,0.0,0.0
293,88,61,12,251,True,False,3,3,0,0,0,0.0,0.0,0.0,0.0,0.0
293,89,61,12,321,True,False,3,3,0,0,0,0.0,0.0,0.0,0.0,0.0
293,90,61,12,335,True,True,3,3,2,7,2,0.0,0.0,2.3333333333333335,0.6666666666666666,2.3333333333333335
293,91,61,12,463,True,True,3,3,2,2,2,0.0,0.0,0.6666666666666666,0.6666666666666666,0.6666666666666666
293,92,61,12,481,True,False,3,3,0,0,0,0.0,0.0,0.0,0.0,0.0
294,117,61,21,12,True,True,124,124,2,2,2,0.0,0.0,0.016129032258064516,0.016129032258064516,0.016129032258064516
294,118,61,21,31,True,True,124,124,60,119,48,0.0,0.0,0.9596774193548387,0.4838709677419355,0.9596774193548387
294,119,61,21,74,True,True,124,124,73,91,52,0.0,0.0,0.7338709677419355,0.5887096774193549,0.7338709677419355
294,120,61,21,121,True,True,124,124,32,35,25,0.0,0.0,0.28225806451612906,0.25806451612903225,0.28225806451612906
294,121,61,21,141,True,True,124,124,46,106,33,0.0,0.0,0.8548387096774194,0.3709677419354839,0.8548387096774194
294,122,61,21,156,True,True,124,124,11,13,8,0.0,0.0,0.10483870967741936,0.08870967741935484,0.10483870967741936
294,123,61,21,186,True,True,124,124,4,4,4,0.0,0.0,0.03225806451612903,0.03225806451612903,0.03225806451612903
294,124,61,21,248,True,True,124,124,114,144,70,0.0,0.0,1.1612903225806452,0.9193548387096774,1.1612903225806452
294,125,61,21,319,True,False,124,124,0,0,0,0.0,0.0,0.0,0.0,0.0
294,126,61,21,381,True,True,124,124,17,33,9,0.0,0.0,0.2661290322580645,0.13709677419354838,0.2661290322580645
294,127,61,21,449,True,False,124,124,0,0,0,0.0,0.0,0.0,0.0,0.0
294,128,61,21,463,True,True,124,124,49,56,37,0.0,0.0,0.45161290322580644,0.3951612903225806,0.45161290322580644
295,193,61,31,12,True,True,284,284,14,22,6,0.0,0.0,0.07746478873239436,0.04929577464788732,0.07746478873239436
295,194,61,31,74,True,True,284,284,196,354,74,0.0,0.0,1.2464788732394365,0.6901408450704225,1.2464788732394365
295,195,61,31,121,True,False,284,284,0,0,0,0.0,0.0,0.0,0.0,0.0
295,196,61,31,169,True,True,284,284,50,91,17,0.0,1.0,0.3204225352112676,0.176056338028169,0.3204225352112676
295,197,61,31,248,True,True,284,284,270,558,86,0.0,0.0,1.9647887323943662,0.9507042253521126,1.9647887323943662
295,198,61,31,262,True,True,284,284,4,7,2,0.0,0.0,0.02464788732394366,0.014084507042253521,0.02464788732394366
295,199,61,31,281,True,True,284,284,39,47,15,0.0,0.0,0.16549295774647887,0.13732394366197184,0.16549295774647887
295,200,61,31,335,True,True,284,284,52,88,16,0.0,1.0,0.30985915492957744,0.18309859154929578,0.30985915492957744
295,201,61,31,383,True,True,284,284,4,4,2,0.0,0.5,0.014084507042253521,0.014084507042253521,0.014084507042253521
295,202,61,31,433,True,True,284,284,8,9,6,0.0,0.0,0.03169014084507042,0.028169014084507043,0.03169014084507042
295,203,61,31,455,True,True,284,284,65,103,21,0.0,1.0,0.3626760563380282,0.22887323943661972,0.3626760563380282
295,204,61,31,463,True,True,284,284,269,681,88,0.0,0.0,2.397887323943662,0.9471830985915493,2.397887323943662
296,318,61,74,2,True,True,194,194,5,9,4,0.0,0.0,0.04639175257731959,0.02577319587628866,0.04639175257731959
296,319,61,74,6,True,False,194,194,0,0,0,0.0,0.0,0.0,0.0,0.0
296,320,61,74,12,True,True,194,194,5,5,5,0.0,0.0,0.02577319587628866,0.02577319587628866,0.02577319587628866
296,321,61,74,58,True,False,194,194,0,0,0,0.0,0.0,0.0,0.0,0.0
296,322,61,74,121,True,True,194,194,38,63,29,0.0,0.0,0.3247422680412371,0.1958762886597938,0.3247422680412371
296,323,61,74,139,True,True,194,194,3,3,3,0.0,0.0,0.015463917525773196,0.015463917525773196,0.015463917525773196
296,324,61,74,169,True,True,194,194,15,34,11,0.0,0.0,0.17525773195876287,0.07731958762886598,0.17525773195876287
296,325,61,74,175,True,True,194,194,23,43,17,0.0,0.0,0.22164948453608246,0.11855670103092783,0.22164948453608246
296,326,61,74,243,True,False,194,194,0,0,0,0.0,0.0,0.0,0.0,0.0
296,327,61,74,248,True,True,194,194,174,216,87,0.0,0.0,1.1134020618556701,0.8969072164948454,1.1134020618556701
296,328,61,74,281,True,True,194,194,30,83,17,0.0,0.0,0.42783505154639173,0.15463917525773196,0.42783505154639173
296,329,61,74,335,True,True,194,194,19,37,14,0.0,0.0,0.19072164948453607,0.0979381443298969,0.19072164948453607
296,330,61,74,361,True,False,194,194,0,0,0,0.0,0.0,0.0,0.0,0.0
296,331,61,74,383,True,True,194,194,3,6,2,0.0,0.5,0.030927835051546393,0.015463917525773196,0.030927835051546393
296,332,61,74,433,True,True,194,194,16,33,12,0.0,0.0,0.17010309278350516,0.08247422680412371,0.17010309278350516
296,333,61,74,449,True,False,194,194,0,0,0,0.0,0.0,0.0,0.0,0.0
296,334,61,74,455,True,True,194,194,35,92,18,0.0,0.0,0.4742268041237113,0.18041237113402062,0.4742268041237113
296,335,61,74,463,True,True,194,194,153,317,80,0.0,0.0,1.634020618556701,0.788659793814433,1.634020618556701
296,336,61,74,508,True,True,194,194,13,16,8,0.0,0.0,0.08247422680412371,0.06701030927835051,0.08247422680412371
297,465,61,121,2,True,False,6,6,0,0,0,0.0,0.0,0.0,0.0,0.0
297,466,61,121,22,True,False,6,6,0,0,0,0.0,0.0,0.0,0.0,0.0
297,467,61,121,113,True,False,6,6,0,0,0,0.0,0.0,0.0,0.0,0.0
297,468,61,121,139,True,True,6,6,4,22,4,0.0,1.0,3.6666666666666665,0.6666666666666666,3.6666666666666665
297,469,61,121,144,True,True,6,6,1,9,1,0.0,1.0,1.5,0.16666666666666666,1.5
297,470,61,121,175,True,False,6,6,0,0,0,0.0,0.0,0.0,0.0,0.0
297,471,61,121,251,True,False,6,6,0,0,0,0.0,0.0,0.0,0.0,0.0
297,472,61,121,273,True,True,6,6,4,14,4,0.0,0.5,2.3333333333333335,0.6666666666666666,2.3333333333333335
297,473,61,121,481,True,False,6,6,0,0,0,0.0,0.0,0.0,0.0,0.0
298,537,61,141,2,True,True,265,265,26,46,6,0.0,1.0,0.17358490566037735,0.09811320754716982,0.17358490566037735
298,538,61,141,12,True,True,265,265,35,91,8,0.0,0.0,0.3433962264150943,0.1320754716981132,0.3433962264150943
298,539,61,141,22,True,True,265,265,3,3,1,0.0,1.0,0.011320754716981131,0.011320754716981131,0.011320754716981131
298,540,61,141,74,True,True,265,265,52,77,21,0.0,0.0,0.29056603773584905,0.19622641509433963,0.29056603773584905
298,541,61,141,121,True,True,265,265,237,612,71,0.0,0.0,2.309433962264151,0.8943396226415095,2.309433962264151
298,542,61,141,139,True,True,265,265,13,18,5,0.0,1.0,0.06792452830188679,0.04905660377358491,0.06792452830188679
298,543,61,141,144,True,True,265,265,49,85,11,0.0,1.0,0.32075471698113206,0.18490566037735848,0.32075471698113206
298,544,61,141,156,True,True,265,265,94,178,31,0.0,0.0,0.6716981132075471,0.35471698113207545,0.6716981132075471
298,545,61,141,175,True,True,265,265,72,121,24,0.0,1.0,0.45660377358490567,0.27169811320754716,0.45660377358490567
298,546,61,141,248,True,True,265,265,259,572,72,0.0,0.0,2.158490566037736,0.9773584905660377,2.158490566037736
298,547,61,141,273,True,True,265,265,88,159,30,0.0,1.0,0.6,0.3320754716981132,0.6
299,620,61,156,12,True,True,53,53,10,14,5,0.0,0.0,0.2641509433962264,0.18867924528301888,0.2641509433962264
299,621,61,156,22,True,True,53,53,2,3,2,0.0,0.0,0.05660377358490566,0.03773584905660377,0.05660377358490566
299,622,61,156,58,True,False,53,53,0,0,0,0.0,0.0,0.0,0.0,0.0
299,623,61,156,113,True,False,53,53,0,0,0,0.0,0.0,0.0,0.0,0.0
299,624,61,156,121,True,True,53,53,45,85,30,0.0,0.0,1.6037735849056605,0.8490566037735849,1.6037735849056605
299,625,61,156,139,True,True,53,53,7,13,6,0.0,0.0,0.24528301886792453,0.1320754716981132,0.24528301886792453
299,626,61,156,144,True,True,53,53,17,44,9,0.0,0.0,0.8301886792452831,0.32075471698113206,0.8301886792452831
299,627,61,156,243,True,False,53,53,0,0,0,0.0,0.0,0.0,0.0,0.0
299,628,61,156,248,True,True,53,53,48,56,30,0.0,0.0,1.0566037735849056,0.9056603773584906,1.0566037735849056
299,629,61,156,251,True,False,53,53,0,0,0,0.0,0.0,0.0,0.0,0.0
299,630,61,156,262,True,False,53,53,0,0,0,0.0,0.0,0.0,0.0,0.0
299,631,61,156,273,True,True,53,53,25,64,18,0.0,0.0,1.2075471698113207,0.4716981132075472,1.2075471698113207
299,632,61,156,321,True,False,53,53,0,0,0,0.0,0.0,0.0,0.0,0.0
299,633,61,156,449,True,False,53,53,0,0,0,0.0,0.0,0.0,0.0,0.0
299,634,61,156,463,True,False,53,53,0,0,0,0.0,0.0,0.0,0.0,0.0
299,635,61,156,481,True,False,53,53,0,0,0,0.0,0.0,0.0,0.0,0.0
300,808,61,186,12,True,False,146,146,0,0,0,0.0,0.0,0.0,0.0,0.0
300,809,61,186,21,True,True,146,146,3,3,3,0.0,0.0,0.02054794520547945,0.02054794520547945,0.02054794520547945
300,810,61,186,31,True,True,146,146,62,126,41,0.0,0.0,0.863013698630137,0.4246575342465753,0.863013698630137
300,811,61,186,74,True,True,146,146,82,117,49,0.0,0.0,0.8013698630136986,0.5616438356164384,0.8013698630136986
300,812,61,186,121,True,True,146,146,42,56,31,0.0,0.0,0.3835616438356164,0.2876712328767123,0.3835616438356164
300,813,61,186,141,True,True,146,146,61,133,45,0.0,0.0,0.910958904109589,0.4178082191780822,0.910958904109589
300,814,61,186,156,True,True,146,146,25,32,22,0.0,0.0,0.2191780821917808,0.17123287671232876,0.2191780821917808
300,815,61,186,248,True,True,146,146,137,186,80,0.0,0.0,1.273972602739726,0.9383561643835616,1.273972602739726
300,816,61,186,319,True,False,146,146,0,0,0,0.0,0.0,0.0,0.0,0.0
300,817,61,186,381,True,True,146,146,35,71,20,0.0,0.0,0.4863013698630137,0.23972602739726026,0.4863013698630137
300,818,61,186,449,True,False,146,146,0,0,0,0.0,0.0,0.0,0.0,0.0
300,819,61,186,463,True,True,146,146,54,62,36,0.0,0.0,0.4246575342465753,0.3698630136986301,0.4246575342465753
301,980,61,248,2,True,True,219,219,12,58,5,0.0,0.0,0.2648401826484018,0.0547945205479452,0.2648401826484018
301,981,61,248,12,True,True,219,219,14,18,9,0.0,0.0,0.0821917808219178,0.0639269406392694,0.0821917808219178
301,982,61,248,22,True,False,219,219,0,0,0,0.0,0.0,0.0,0.0,0.0
301,983,61,248,121,True,True,219,219,99,208,62,0.0,0.0,0.9497716894977168,0.4520547945205479,0.9497716894977168
301,984,61,248,139,True,True,219,219,22,42,18,0.0,0.0,0.1917808219178082,0.1004566210045662,0.1917808219178082
301,985,61,248,144,True,True,219,219,16,60,10,0.0,0.0,0.273972602739726,0.0730593607305936,0.273972602739726
301,986,61,248,169,True,True,219,219,20,73,13,0.0,0.0,0.3333333333333333,0.091324200913242,0.3333333333333333
301,987,61,248,175,True,True,219,219,30,107,20,0.0,0.0,0.4885844748858447,0.136986301369863,0.4885844748858447
301,988,61,248,262,True,True,219,219,3,12,3,0.0,0.0,0.0547945205479452,0.0136986301369863,0.0547945205479452
301,989,61,248,273,True,True,219,219,30,108,23,0.0,0.0,0.4931506849315068,0.136986301369863,0.4931506849315068
301,990,61,248,281,True,True,219,219,15,48,12,0.0,0.0,0.2191780821917808,0.0684931506849315,0.2191780821917808
301,991,61,248,335,True,True,219,219,19,74,14,0.0,0.0,0.3378995433789954,0.0867579908675799,0.3378995433789954
301,992,61,248,383,True,True,219,219,3,3,1,0.0,1.0,0.0136986301369863,0.0136986301369863,0.0136986301369863
301,993,61,248,433,True,True,219,219,11,29,9,0.0,0.0,0.1324200913242009,0.0502283105022831,0.1324200913242009
301,994,61,248,455,True,True,219,219,22,76,16,0.0,0.0,0.3470319634703196,0.1004566210045662,0.3470319634703196
301,995,61,248,463,True,True,219,219,106,195,73,0.0,0.0,0.8904109589041096,0.4840182648401826,0.8904109589041096
301,996,61,248,508,True,True,219,219,11,25,9,0.0,0.0,0.1141552511415525,0.0502283105022831,0.1141552511415525
302,1480,61,381,12,True,False,76,76,0,0,0,0.0,0.0,0.0,0.0,0.0
302,1481,61,381,31,True,True,76,76,5,7,4,0.0,0.0,0.09210526315789473,0.06578947368421052,0.09210526315789473
302,1482,61,381,58,True,False,76,76,0,0,0,0.0,0.0,0.0,0.0,0.0
302,1483,61,381,74,True,True,76,76,51,83,15,0.0,0.0,1.0921052631578947,0.6710526315789473,1.0921052631578947
302,1484,61,381,121,True,True,76,76,38,90,17,0.0,0.0,1.1842105263157894,0.5,1.1842105263157894
302,1485,61,381,141,True,True,76,76,12,15,8,0.0,0.0,0.19736842105263158,0.15789473684210525,0.19736842105263158
302,1486,61,381,156,True,True,76,76,8,10,6,0.0,0.0,0.13157894736842105,0.10526315789473684,0.13157894736842105
302,1487,61,381,248,True,True,76,76,72,133,22,0.0,0.0,1.75,0.9473684210526315,1.75
302,1488,61,381,251,True,False,76,76,0,0,0,0.0,0.0,0.0,0.0,0.0
302,1489,61,381,319,True,False,76,76,0,0,0,0.0,0.0,0.0,0.0,0.0
302,1490,61,381,433,True,True,76,76,19,22,7,0.0,0.0,0.2894736842105263,0.25,0.2894736842105263
302,1491,61,381,449,True,False,76,76,0,0,0,0.0,0.0,0.0,0.0,0.0
302,1492,61,381,463,True,True,76,76,38,93,13,0.0,0.0,1.2236842105263157,0.5,1.2236842105263157
303,1755,61,463,6,True,False,11,11,0,0,0,0.0,0.0,0.0,0.0,0.0
303,1756,61,463,58,True,False,11,11,0,0,0,0.0,0.0,0.0,0.0,0.0
303,1757,61,463,117,True,False,11,11,0,0,0,0.0,0.0,0.0,0.0,0.0
303,1758,61,463,169,True,True,11,11,3,23,3,0.0,1.0,2.090909090909091,0.2727272727272727,2.090909090909091
303,1759,61,463,199,True,False,11,11,0,0,0,0.0,0.0,0.0,0.0,0.0
303,1760,61,463,217,True,False,11,11,0,0,0,0.0,0.0,0.0,0.0,0.0
303,1761,61,463,243,True,False,11,11,0,0,0,0.0,0.0,0.0,0.0,0.0
303,1762,61,463,262,True,False,11,11,0,0,0,0.0,0.0,0.0,0.0,0.0
303,1763,61,463,281,True,True,11,11,2,18,2,0.0,1.0,1.6363636363636365,0.18181818181818182,1.6363636363636365
303,1764,61,463,335,True,True,11,11,1,1,1,1.0,1.0,0.09090909090909091,0.09090909090909091,0.09090909090909091
303,1765,61,463,361,True,False,11,11,0,0,0,0.0,0.0,0.0,0.0,0.0
303,1766,61,463,383,True,False,11,11,0,0,0,0.0,0.0,0.0,0.0,0.0
303,1767,61,463,433,True,False,11,11,0,0,0,0.0,0.0,0.0,0.0,0.0
303,1768,61,463,455,True,True,11,11,2,13,2,0.0,1.0,1.1818181818181819,0.18181818181818182,1.1818181818181819
303,1769,61,463,508,True,True,11,11,1,3,1,0.0,1.0,0.2727272727272727,0.09090909090909091,0.2727272727272727
304,54,63,8,22,True,True,168,168,15,45,1,1.0,5.0,0.26785714285714285,0.08928571428571429,0.26785714285714285
304,55,63,8,79,True,True,168,168,49,300,6,0.0,4.0,1.7857142857142858,0.2916666666666667,1.7857142857142858
304,56,63,8,80,True,False,168,168,0,0,0,0.0,0.0,0.0,0.0,0.0
304,57,63,8,100,True,False,168,168,0,0,0,0.0,0.0,0.0,0.0,0.0
304,58,63,8,126,True,False,168,168,0,0,0,0.0,0.0,0.0,0.0,0.0
304,59,63,8,144,True,False,168,168,0,0,0,0.0,0.0,0.0,0.0,0.0
304,60,63,8,149,True,True,168,168,19,59,2,0.0,4.0,0.35119047619047616,0.1130952380952381,0.35119047619047616
304,61,63,8,171,True,False,168,168,0,0,0,0.0,0.0,0.0,0.0,0.0
304,62,63,8,184,True,True,168,168,10,10,1,0.0,2.0,0.05952380952380952,0.05952380952380952,0.05952380952380952
304,63,63,8,229,True,True,168,168,18,74,2,0.0,3.5,0.44047619047619047,0.10714285714285714,0.44047619047619047
304,64,63,8,230,True,True,168,168,3,3,1,0.0,0.0,0.017857142857142856,0.017857142857142856,0.017857142857142856
304,65,63,8,258,True,True,168,168,14,141,1,0.0,1.0,0.8392857142857143,0.08333333333333333,0.8392857142857143
304,66,63,8,311,True,True,168,168,15,175,1,0.0,3.0,1.0416666666666667,0.08928571428571429,1.0416666666666667
304,67,63,8,315,True,False,168,168,0,0,0,0.0,0.0,0.0,0.0,0.0
304,68,63,8,390,True,True,168,168,3,12,1,0.0,0.0,0.07142857142857142,0.017857142857142856,0.07142857142857142
305,246,63,42,8,True,True,97,97,13,49,2,0.0,1.0,0.5051546391752577,0.13402061855670103,0.5051546391752577
305,247,63,42,10,True,False,97,97,0,0,0,0.0,0.0,0.0,0.0,0.0
305,248,63,42,149,True,True,97,97,29,166,3,0.0,1.0,1.711340206185567,0.29896907216494845,1.711340206185567
305,249,63,42,151,True,True,97,97,53,403,7,0.0,1.0,4.154639175257732,0.5463917525773195,4.154639175257732
305,250,63,42,258,True,True,97,97,7,23,2,0.0,0.0,0.23711340206185566,0.07216494845360824,0.23711340206185566
305,251,63,42,390,True,True,97,97,24,128,2,0.0,1.0,1.3195876288659794,0.24742268041237114,1.3195876288659794
305,252,63,42,405,True,True,97,97,3,26,1,0.0,1.0,0.26804123711340205,0.030927835051546393,0.26804123711340205
305,253,63,42,415,True,True,97,97,4,16,2,0.0,0.0,0.16494845360824742,0.041237113402061855,0.16494845360824742
306,352,63,80,10,True,False,46,46,0,0,0,0.0,0.0,0.0,0.0,0.0
306,353,63,80,79,True,False,46,46,0,0,0,0.0,0.0,0.0,0.0,0.0
306,354,63,80,118,True,False,46,46,0,0,0,0.0,0.0,0.0,0.0,0.0
306,355,63,80,138,True,False,46,46,0,0,0,0.0,0.0,0.0,0.0,0.0
306,356,63,80,149,True,True,46,46,8,44,1,0.0,0.0,0.9565217391304348,0.17391304347826086,0.9565217391304348
306,357,63,80,151,True,True,46,46,7,51,1,0.0,1.0,1.108695652173913,0.15217391304347827,1.108695652173913
306,358,63,80,171,True,True,46,46,8,8,1,0.0,1.0,0.17391304347826086,0.17391304347826086,0.17391304347826086
306,359,63,80,230,True,True,46,46,14,42,2,0.0,0.5,0.9130434782608695,0.30434782608695654,0.9130434782608695
306,360,63,80,258,True,False,46,46,0,0,0,0.0,0.0,0.0,0.0,0.0
306,361,63,80,268,True,False,46,46,0,0,0,0.0,0.0,0.0,0.0,0.0
306,362,63,80,297,True,False,46,46,0,0,0,0.0,0.0,0.0,0.0,0.0
306,363,63,80,311,True,True,46,46,12,26,1,0.0,1.0,0.5652173913043478,0.2608695652173913,0.5652173913043478
306,364,63,80,390,True,True,46,46,22,126,3,0.0,1.0,2.739130434782609,0.4782608695652174,2.739130434782609
306,365,63,80,415,True,True,46,46,3,10,1,0.0,0.0,0.21739130434782608,0.06521739130434782,0.21739130434782608
307,462,63,118,63,True,True,3,3,3,15,2,0.0,0.0,5.0,1.0,5.0
307,463,63,118,340,True,False,3,3,0,0,0,0.0,0.0,0.0,0.0,0.0
308,506,63,138,42,True,False,17,17,0,0,0,0.0,0.0,0.0,0.0,0.0
308,507,63,138,63,True,True,17,17,10,27,3,0.0,0.0,1.588235294117647,0.5882352941176471,1.588235294117647
308,508,63,138,151,True,True,17,17,10,33,2,0.0,1.0,1.9411764705882353,0.5882352941176471,1.9411764705882353
308,509,63,138,171,True,False,17,17,0,0,0,0.0,0.0,0.0,0.0,0.0
308,510,63,138,258,True,True,17,17,10,35,2,0.0,1.0,2.0588235294117645,0.5882352941176471,2.0588235294117645
308,511,63,138,288,True,False,17,17,0,0,0,0.0,0.0,0.0,0.0,0.0
308,512,63,138,340,True,False,17,17,0,0,0,0.0,0.0,0.0,0.0,0.0
308,513,63,138,415,True,True,17,17,5,35,1,1.0,5.0,2.0588235294117645,0.29411764705882354,2.0588235294117645
309,573,63,146,8,True,True,21,21,21,176,2,0.0,1.0,8.380952380952381,1.0,8.380952380952381
309,574,63,146,42,True,False,21,21,0,0,0,0.0,0.0,0.0,0.0,0.0
309,575,63,146,100,True,False,21,21,0,0,0,0.0,0.0,0.0,0.0,0.0
309,576,63,146,151,True,False,21,21,0,0,0,0.0,0.0,0.0,0.0,0.0
309,577,63,146,230,True,False,21,21,0,0,0,0.0,0.0,0.0,0.0,0.0
309,578,63,146,315,True,False,21,21,0,0,0,0.0,0.0,0.0,0.0,0.0
309,579,63,146,404,True,False,21,21,0,0,0,0.0,0.0,0.0,0.0,0.0
309,580,63,146,405,True,False,21,21,0,0,0,0.0,0.0,0.0,0.0,0.0
309,581,63,146,485,True,False,21,21,0,0,0,0.0,0.0,0.0,0.0,0.0
310,591,63,149,8,True,True,195,195,6,55,1,0.0,2.0,0.28205128205128205,0.03076923076923077,0.28205128205128205
310,592,63,149,42,True,False,195,195,0,0,0,0.0,0.0,0.0,0.0,0.0
310,593,63,149,79,True,True,195,195,15,50,1,0.0,2.0,0.2564102564102564,0.07692307692307693,0.2564102564102564
310,594,63,149,80,True,True,195,195,1,3,1,0.0,0.0,0.015384615384615385,0.005128205128205128,0.015384615384615385
310,595,63,149,100,True,False,195,195,0,0,0,0.0,0.0,0.0,0.0,0.0
310,596,63,149,151,True,True,195,195,7,59,1,0.0,1.0,0.30256410256410254,0.035897435897435895,0.30256410256410254
310,597,63,149,171,True,True,195,195,13,41,2,0.0,1.0,0.21025641025641026,0.06666666666666667,0.21025641025641026
310,598,63,149,184,True,True,195,195,15,15,1,0.0,3.0,0.07692307692307693,0.07692307692307693,0.07692307692307693
310,599,63,149,230,True,True,195,195,76,582,6,0.0,2.0,2.9846153846153847,0.38974358974358975,2.9846153846153847
310,600,63,149,268,True,True,195,195,7,16,2,0.0,10.0,0.08205128205128205,0.035897435897435895,0.08205128205128205
310,601,63,149,311,True,True,195,195,30,264,1,0.0,2.0,1.353846153846154,0.15384615384615385,1.353846153846154
310,602,63,149,315,True,False,195,195,0,0,0,0.0,0.0,0.0,0.0,0.0
310,603,63,149,390,True,True,195,195,51,483,4,0.0,2.0,2.476923076923077,0.26153846153846155,2.476923076923077
310,604,63,149,415,True,True,195,195,31,117,3,0.0,2.0,0.6,0.15897435897435896,0.6
311,605,63,151,8,True,True,225,225,27,111,3,0.0,0.0,0.49333333333333335,0.12,0.49333333333333335
311,606,63,151,10,True,False,225,225,0,0,0,0.0,0.0,0.0,0.0,0.0
311,607,63,151,22,True,False,225,225,0,0,0,0.0,0.0,0.0,0.0,0.0
311,608,63,151,79,True,True,225,225,17,40,1,0.0,2.0,0.17777777777777778,0.07555555555555556,0.17777777777777778
311,609,63,151,80,True,True,225,225,12,40,3,0.0,0.0,0.17777777777777778,0.05333333333333334,0.17777777777777778
311,610,63,151,117,True,False,225,225,0,0,0,0.0,0.0,0.0,0.0,0.0
311,611,63,151,149,True,True,225,225,127,990,7,0.0,4.0,4.4,0.5644444444444444,4.4
311,612,63,151,171,True,True,225,225,3,30,1,1.0,4.0,0.13333333333333333,0.013333333333333334,0.13333333333333333
311,613,63,151,184,True,False,225,225,0,0,0,0.0,0.0,0.0,0.0,0.0
311,614,63,151,230,True,True,225,225,62,293,3,0.0,3.0,1.3022222222222222,0.27555555555555555,1.3022222222222222
311,615,63,151,258,True,True,225,225,11,75,3,0.0,0.0,0.3333333333333333,0.04888888888888889,0.3333333333333333
311,616,63,151,268,True,False,225,225,0,0,0,0.0,0.0,0.0,0.0,0.0
311,617,63,151,311,True,True,225,225,18,89,3,0.0,2.0,0.39555555555555555,0.08,0.39555555555555555
311,618,63,151,390,True,True,225,225,76,376,6,0.0,3.5,1.6711111111111112,0.3377777777777778,1.6711111111111112
311,619,63,151,494,True,False,225,225,0,0,0,0.0,0.0,0.0,0.0,0.0
312,912,63,230,4,True,True,68,68,10,35,1,7.0,10.0,0.5147058823529411,0.14705882352941177,0.5147058823529411
312,913,63,230,8,True,True,68,68,6,33,1,0.0,4.0,0.4852941176470588,0.08823529411764706,0.4852941176470588
312,914,63,230,22,True,True,68,68,6,6,1,0.0,5.0,0.08823529411764706,0.08823529411764706,0.08823529411764706
312,915,63,230,50,True,False,68,68,0,0,0,0.0,0.0,0.0,0.0,0.0
312,916,63,230,79,True,False,68,68,0,0,0,0.0,0.0,0.0,0.0,0.0
312,917,63,230,80,True,True,68,68,7,11,1,0.0,0.0,0.16176470588235295,0.10294117647058823,0.16176470588235295
312,918,63,230,100,True,False,68,68,0,0,0,0.0,0.0,0.0,0.0,0.0
312,919,63,230,149,True,True,68,68,3,15,1,0.0,0.0,0.22058823529411764,0.04411764705882353,0.22058823529411764
312,920,63,230,151,True,True,68,68,4,8,1,0.0,0.0,0.11764705882352941,0.058823529411764705,0.11764705882352941
312,921,63,230,171,True,False,68,68,0,0,0,0.0,0.0,0.0,0.0,0.0
312,922,63,230,184,True,True,68,68,3,27,1,1.0,4.0,0.39705882352941174,0.04411764705882353,0.39705882352941174
312,923,63,230,288,True,True,68,68,3,15,1,9.0,10.0,0.22058823529411764,0.04411764705882353,0.22058823529411764
312,924,63,230,311,True,True,68,68,10,59,1,0.0,2.0,0.8676470588235294,0.14705882352941177,0.8676470588235294
312,925,63,230,390,True,True,68,68,26,166,4,0.0,1.5,2.4411764705882355,0.38235294117647056,2.4411764705882355
312,926,63,230,485,True,False,68,68,0,0,0,0.0,0.0,0.0,0.0,0.0
313,932,63,238,10,True,False,43,43,0,0,0,0.0,0.0,0.0,0.0,0.0
313,933,63,238,80,True,True,43,43,24,78,2,0.0,1.0,1.813953488372093,0.5581395348837209,1.813953488372093
313,934,63,238,117,True,False,43,43,0,0,0,0.0,0.0,0.0,0.0,0.0
313,935,63,238,149,True,True,43,43,5,25,1,0.0,0.0,0.5813953488372093,0.11627906976744186,0.5813953488372093
313,936,63,238,199,True,False,43,43,0,0,0,0.0,0.0,0.0,0.0,0.0
313,937,63,238,294,True,True,43,43,14,129,1,0.0,2.0,3.0,0.32558139534883723,3.0
313,938,63,238,317,True,False,43,43,0,0,0,0.0,0.0,0.0,0.0,0.0
313,939,63,238,387,True,False,43,43,0,0,0,0.0,0.0,0.0,0.0,0.0
313,940,63,238,404,True,True,43,43,14,46,1,0.0,1.5,1.069767441860465,0.32558139534883723,1.069767441860465
313,941,63,238,494,True,False,43,43,0,0,0,0.0,0.0,0.0,0.0,0.0
314,1039,63,258,2,True,False,37,37,0,0,0,0.0,0.0,0.0,0.0,0.0
314,1040,63,258,22,True,False,37,37,0,0,0,0.0,0.0,0.0,0.0,0.0
314,1041,63,258,61,True,False,37,37,0,0,0,0.0,0.0,0.0,0.0,0.0
314,1042,63,258,80,True,True,37,37,35,341,5,0.0,4.0,9.216216216216216,0.9459459459459459,9.216216216216216
314,1043,63,258,126,True,True,37,37,8,70,2,0.0,2.0,1.8918918918918919,0.21621621621621623,1.8918918918918919
314,1044,63,258,151,True,True,37,37,9,20,1,0.0,1.0,0.5405405405405406,0.24324324324324326,0.5405405405405406
314,1045,63,258,175,True,True,37,37,2,6,1,3.0,4.0,0.16216216216216217,0.05405405405405406,0.16216216216216217
314,1046,63,258,311,True,True,37,37,10,30,1,0.0,1.0,0.8108108108108109,0.2702702702702703,0.8108108108108109
314,1047,63,258,390,True,True,37,37,1,4,1,0.0,0.0,0.10810810810810811,0.02702702702702703,0.10810810810810811
314,1048,63,258,415,True,False,37,37,0,0,0,0.0,0.0,0.0,0.0,0.0
315,1240,63,311,4,True,False,5,5,0,0,0,0.0,0.0,0.0,0.0,0.0
315,1241,63,311,80,True,False,5,5,0,0,0,0.0,0.0,0.0,0.0,0.0
315,1242,63,311,118,True,False,5,5,0,0,0,0.0,0.0,0.0,0.0,0.0
315,1243,63,311,138,True,False,5,5,0,0,0,0.0,0.0,0.0,0.0,0.0
315,1244,63,311,149,True,False,5,5,0,0,0,0.0,0.0,0.0,0.0,0.0
315,1245,63,311,151,True,False,5,5,0,0,0,0.0,0.0,0.0,0.0,0.0
315,1246,63,311,163,True,False,5,5,0,0,0,0.0,0.0,0.0,0.0,0.0
315,1247,63,311,171,True,False,5,5,0,0,0,0.0,0.0,0.0,0.0,0.0
315,1248,63,311,288,True,False,5,5,0,0,0,0.0,0.0,0.0,0.0,0.0
315,1249,63,311,371,True,False,5,5,0,0,0,0.0,0.0,0.0,0.0,0.0
315,1250,63,311,390,True,True,5,5,2,10,1,0.0,0.0,2.0,0.4,2.0
315,1251,63,311,415,True,False,5,5,0,0,0,0.0,0.0,0.0,0.0,0.0
316,1553,63,390,2,True,False,32,32,0,0,0,0.0,0.0,0.0,0.0,0.0
316,1554,63,390,8,True,True,32,32,10,17,2,0.0,0.0,0.53125,0.3125,0.53125
316,1555,63,390,22,True,True,32,32,29,257,5,0.0,7.0,8.03125,0.90625,8.03125
316,1556,63,390,79,True,False,32,32,0,0,0,0.0,0.0,0.0,0.0,0.0
316,1557,63,390,80,True,True,32,32,2,2,1,0.0,0.0,0.0625,0.0625,0.0625
316,1558,63,390,138,True,True,32,32,3,12,1,8.0,10.0,0.375,0.09375,0.375
316,1559,63,390,149,True,False,32,32,0,0,0,0.0,0.0,0.0,0.0,0.0
316,1560,63,390,151,True,False,32,32,0,0,0,0.0,0.0,0.0,0.0,0.0
316,1561,63,390,171,True,False,32,32,0,0,0,0.0,0.0,0.0,0.0,0.0
316,1562,63,390,175,True,False,32,32,0,0,0,0.0,0.0,0.0,0.0,0.0
316,1563,63,390,230,True,True,32,32,9,14,1,0.0,0.0,0.4375,0.28125,0.4375
316,1564,63,390,258,True,True,32,32,2,2,1,0.0,0.0,0.0625,0.0625,0.0625
316,1565,63,390,268,True,False,32,32,0,0,0,0.0,0.0,0.0,0.0,0.0
316,1566,63,390,294,True,True,32,32,16,54,2,2.0,9.0,1.6875,0.5,1.6875
316,1567,63,390,311,True,True,32,32,18,97,2,0.0,5.0,3.03125,0.5625,3.03125
317,1651,63,415,7,True,False,67,67,0,0,0,0.0,0.0,0.0,0.0,0.0
317,1652,63,415,80,True,True,67,67,25,143,4,0.0,2.0,2.1343283582089554,0.373134328358209,2.1343283582089554
317,1653,63,415,117,True,False,67,67,0,0,0,0.0,0.0,0.0,0.0,0.0
317,1654,63,415,133,True,False,67,67,0,0,0,0.0,0.0,0.0,0.0,0.0
317,1655,63,415,149,True,True,67,67,33,127,3,0.0,1.0,1.8955223880597014,0.4925373134328358,1.8955223880597014
317,1656,63,415,151,True,True,67,67,11,66,1,1.0,5.0,0.9850746268656716,0.16417910447761194,0.9850746268656716
317,1657,63,415,175,True,False,67,67,0,0,0,0.0,0.0,0.0,0.0,0.0
317,1658,63,415,196,True,False,67,67,0,0,0,0.0,0.0,0.0,0.0,0.0
317,1659,63,415,258,True,True,67,67,9,35,3,0.0,3.0,0.5223880597014925,0.13432835820895522,0.5223880597014925
317,1660,63,415,263,True,False,67,67,0,0,0,0.0,0.0,0.0,0.0,0.0
317,1661,63,415,268,True,False,67,67,0,0,0,0.0,0.0,0.0,0.0,0.0
317,1662,63,415,311,True,True,67,67,12,118,3,0.0,3.0,1.7611940298507462,0.1791044776119403,1.7611940298507462
317,1663,63,415,315,True,False,67,67,0,0,0,0.0,0.0,0.0,0.0,0.0
317,1664,63,415,387,True,False,67,67,0,0,0,0.0,0.0,0.0,0.0,0.0
317,1665,63,415,390,True,True,67,67,33,98,3,0.0,1.0,1.462686567164179,0.4925373134328358,1.462686567164179
317,1666,63,415,509,True,False,67,67,0,0,0,0.0,0.0,0.0,0.0,0.0
318,13,74,2,21,True,False,7,7,0,0,0,0.0,0.0,0.0,0.0,0.0
318,14,74,2,31,True,False,7,7,0,0,0,0.0,0.0,0.0,0.0,0.0
318,15,74,2,43,True,False,7,7,0,0,0,0.0,0.0,0.0,0.0,0.0
318,16,74,2,61,True,False,7,7,0,0,0,0.0,0.0,0.0,0.0,0.0
318,17,74,2,74,True,False,7,7,0,0,0,0.0,0.0,0.0,0.0,0.0
318,18,74,2,126,True,True,7,7,2,2,1,5.0,5.5,0.2857142857142857,0.2857142857142857,0.2857142857142857
318,19,74,2,144,True,False,7,7,0,0,0,0.0,0.0,0.0,0.0,0.0
318,20,74,2,175,True,True,7,7,1,5,1,0.0,0.0,0.7142857142857143,0.14285714285714285,0.7142857142857143
318,21,74,2,179,True,False,7,7,0,0,0,0.0,0.0,0.0,0.0,0.0
318,22,74,2,186,True,False,7,7,0,0,0,0.0,0.0,0.0,0.0,0.0
318,23,74,2,313,True,False,7,7,0,0,0,0.0,0.0,0.0,0.0,0.0
318,24,74,2,488,True,False,7,7,0,0,0,0.0,0.0,0.0,0.0,0.0
319,30,74,6,13,True,False,24,24,0,0,0,0.0,0.0,0.0,0.0,0.0
319,31,74,6,21,True,False,24,24,0,0,0,0.0,0.0,0.0,0.0,0.0
319,32,74,6,125,True,False,24,24,0,0,0,0.0,0.0,0.0,0.0,0.0
319,33,74,6,156,True,False,24,24,0,0,0,0.0,0.0,0.0,0.0,0.0
319,34,74,6,179,True,False,24,24,0,0,0,0.0,0.0,0.0,0.0,0.0
319,35,74,6,186,True,False,24,24,0,0,0,0.0,0.0,0.0,0.0,0.0
319,36,74,6,243,True,True,24,24,3,4,2,0.0,0.0,0.16666666666666666,0.125,0.16666666666666666
319,37,74,6,245,True,False,24,24,0,0,0,0.0,0.0,0.0,0.0,0.0
319,38,74,6,309,True,True,24,24,3,3,2,3.0,4.0,0.125,0.125,0.125
319,39,74,6,313,True,False,24,24,0,0,0,0.0,0.0,0.0,0.0,0.0
319,40,74,6,319,True,False,24,24,0,0,0,0.0,0.0,0.0,0.0,0.0
319,41,74,6,381,True,False,24,24,0,0,0,0.0,0.0,0.0,0.0,0.0
320,82,74,12,6,True,True,21,21,4,8,2,0.0,0.0,0.38095238095238093,0.19047619047619047,0.38095238095238093
320,83,74,12,58,True,True,21,21,1,1,1,0.0,0.0,0.047619047619047616,0.047619047619047616,0.047619047619047616
320,84,74,12,113,True,False,21,21,0,0,0,0.0,0.0,0.0,0.0,0.0
320,85,74,12,121,True,False,21,21,0,0,0,0.0,0.0,0.0,0.0,0.0
320,86,74,12,144,True,False,21,21,0,0,0,0.0,0.0,0.0,0.0,0.0
320,87,74,12,243,True,False,21,21,0,0,0,0.0,0.0,0.0,0.0,0.0
320,88,74,12,251,True,False,21,21,0,0,0,0.0,0.0,0.0,0.0,0.0
320,89,74,12,321,True,False,21,21,0,0,0,0.0,0.0,0.0,0.0,0.0
320,90,74,12,335,True,True,21,21,5,17,5,0.0,0.0,0.8095238095238095,0.23809523809523808,0.8095238095238095
320,91,74,12,463,True,True,21,21,10,10,9,0.0,0.0,0.47619047619047616,0.47619047619047616,0.47619047619047616
320,92,74,12,481,True,True,21,21,4,17,2,0.0,0.0,0.8095238095238095,0.19047619047619047,0.8095238095238095
321,281,74,58,13,True,False,4,4,0,0,0,0.0,0.0,0.0,0.0,0.0
321,282,74,58,21,True,False,4,4,0,0,0,0.0,0.0,0.0,0.0,0.0
321,283,74,58,84,True,False,4,4,0,0,0,0.0,0.0,0.0,0.0,0.0
321,284,74,58,129,True,False,4,4,0,0,0,0.0,0.0,0.0,0.0,0.0
321,285,74,58,156,True,False,4,4,0,0,0,0.0,0.0,0.0,0.0,0.0
321,286,74,58,179,True,False,4,4,0,0,0,0.0,0.0,0.0,0.0,0.0
321,287,74,58,186,True,False,4,4,0,0,0,0.0,0.0,0.0,0.0,0.0
321,288,74,58,243,True,False,4,4,0,0,0,0.0,0.0,0.0,0.0,0.0
321,289,74,58,245,True,False,4,4,0,0,0,0.0,0.0,0.0,0.0,0.0
321,290,74,58,381,True,False,4,4,0,0,0,0.0,0.0,0.0,0.0,0.0
321,291,74,58,389,True,False,4,4,0,0,0,0.0,0.0,0.0,0.0,0.0
321,292,74,58,449,True,False,4,4,0,0,0,0.0,0.0,0.0,0.0,0.0
322,465,74,121,2,True,True,96,96,6,33,4,0.0,0.0,0.34375,0.0625,0.34375
322,466,74,121,22,True,False,96,96,0,0,0,0.0,0.0,0.0,0.0,0.0
322,467,74,121,113,True,False,96,96,0,0,0,0.0,0.0,0.0,0.0,0.0
322,468,74,121,139,True,True,96,96,11,42,6,0.0,0.0,0.4375,0.11458333333333333,0.4375
322,469,74,121,144,True,False,96,96,0,0,0,0.0,0.0,0.0,0.0,0.0
322,470,74,121,175,True,True,96,96,56,294,23,0.0,0.0,3.0625,0.5833333333333334,3.0625
322,471,74,121,251,True,False,96,96,0,0,0,0.0,0.0,0.0,0.0,0.0
322,472,74,121,273,True,True,96,96,3,13,2,0.0,0.0,0.13541666666666666,0.03125,0.13541666666666666
322,473,74,121,481,True,False,96,96,0,0,0,0.0,0.0,0.0,0.0,0.0
323,514,74,139,22,True,False,3,3,0,0,0,0.0,0.0,0.0,0.0,0.0
323,515,74,139,79,True,False,3,3,0,0,0,0.0,0.0,0.0,0.0,0.0
323,516,74,139,80,True,False,3,3,0,0,0,0.0,0.0,0.0,0.0,0.0
323,517,74,139,126,True,False,3,3,0,0,0,0.0,0.0,0.0,0.0,0.0
323,518,74,139,144,True,False,3,3,0,0,0,0.0,0.0,0.0,0.0,0.0
323,519,74,139,149,True,True,3,3,1,12,1,2.0,4.5,4.0,0.3333333333333333,4.0
323,520,74,139,151,True,False,3,3,0,0,0,0.0,0.0,0.0,0.0,0.0
323,521,74,139,175,True,False,3,3,0,0,0,0.0,0.0,0.0,0.0,0.0
323,522,74,139,184,True,False,3,3,0,0,0,0.0,0.0,0.0,0.0,0.0
323,523,74,139,199,True,False,3,3,0,0,0,0.0,0.0,0.0,0.0,0.0
323,524,74,139,229,True,False,3,3,0,0,0,0.0,0.0,0.0,0.0,0.0
323,525,74,139,230,True,False,3,3,0,0,0,0.0,0.0,0.0,0.0,0.0
323,526,74,139,258,True,False,3,3,0,0,0,0.0,0.0,0.0,0.0,0.0
323,527,74,139,273,True,False,3,3,0,0,0,0.0,0.0,0.0,0.0,0.0
323,528,74,139,311,True,True,3,3,1,15,1,4.0,7.0,5.0,0.3333333333333333,5.0
323,529,74,139,315,True,False,3,3,0,0,0,0.0,0.0,0.0,0.0,0.0
323,530,74,139,390,True,True,3,3,1,1,1,6.0,6.0,0.3333333333333333,0.3333333333333333,0.3333333333333333
323,531,74,139,415,True,True,3,3,1,12,1,0.0,2.5,4.0,0.3333333333333333,4.0
324,703,74,169,13,True,False,31,31,0,0,0,0.0,0.0,0.0,0.0,0.0
324,704,74,169,21,True,False,31,31,0,0,0,0.0,0.0,0.0,0.0,0.0
324,705,74,169,39,True,True,31,31,4,32,2,0.0,3.5,1.032258064516129,0.12903225806451613,1.032258064516129
324,706,74,169,61,True,False,31,31,0,0,0,0.0,0.0,0.0,0.0,0.0
324,707,74,169,129,True,False,31,31,0,0,0,0.0,0.0,0.0,0.0,0.0
324,708,74,169,139,True,False,31,31,0,0,0,0.0,0.0,0.0,0.0,0.0
324,709,74,169,141,True,False,31,31,0,0,0,0.0,0.0,0.0,0.0,0.0
324,710,74,169,156,True,False,31,31,0,0,0,0.0,0.0,0.0,0.0,0.0
324,711,74,169,179,True,False,31,31,0,0,0,0.0,0.0,0.0,0.0,0.0
324,712,74,169,186,True,False,31,31,0,0,0,0.0,0.0,0.0,0.0,0.0
324,713,74,169,199,True,True,31,31,5,52,2,0.0,1.0,1.6774193548387097,0.16129032258064516,1.6774193548387097
324,714,74,169,248,True,False,31,31,0,0,0,0.0,0.0,0.0,0.0,0.0
324,715,74,169,383,True,True,31,31,2,28,1,1.0,4.0,0.9032258064516129,0.06451612903225806,0.9032258064516129
324,716,74,169,433,True,True,31,31,2,16,2,0.0,5.0,0.5161290322580645,0.06451612903225806,0.5161290322580645
324,717,74,169,455,True,True,31,31,1,5,1,0.0,0.0,0.16129032258064516,0.03225806451612903,0.16129032258064516
324,718,74,169,508,True,True,31,31,18,149,7,0.0,1.0,4.806451612903226,0.5806451612903226,4.806451612903226
325,758,74,175,2,True,True,64,64,1,5,1,0.0,2.0,0.078125,0.015625,0.078125
325,759,74,175,21,True,False,64,64,0,0,0,0.0,0.0,0.0,0.0,0.0
325,760,74,175,31,True,False,64,64,0,0,0,0.0,0.0,0.0,0.0,0.0
325,761,74,175,43,True,False,64,64,0,0,0,0.0,0.0,0.0,0.0,0.0
325,762,74,175,61,True,False,64,64,0,0,0,0.0,0.0,0.0,0.0,0.0
325,763,74,175,74,True,False,64,64,0,0,0,0.0,0.0,0.0,0.0,0.0
325,764,74,175,80,True,True,64,64,8,65,4,0.0,6.0,1.015625,0.125,1.015625
325,765,74,175,126,True,True,64,64,2,20,1,1.0,4.0,0.3125,0.03125,0.3125
325,766,74,175,139,True,True,64,64,20,131,9,0.0,1.0,2.046875,0.3125,2.046875
325,767,74,175,179,True,False,64,64,0,0,0,0.0,0.0,0.0,0.0,0.0
325,768,74,175,186,True,False,64,64,0,0,0,0.0,0.0,0.0,0.0,0.0
325,769,74,175,248,True,False,64,64,0,0,0,0.0,0.0,0.0,0.0,0.0
325,770,74,175,258,True,True,64,64,2,10,1,4.0,6.5,0.15625,0.03125,0.15625
325,771,74,175,273,True,True,64,64,4,23,2,0.0,0.0,0.359375,0.0625,0.359375
325,772,74,175,311,True,True,64,64,6,28,3,3.0,6.0,0.4375,0.09375,0.4375
325,773,74,175,390,True,True,64,64,2,2,1,5.0,5.5,0.03125,0.03125,0.03125
325,774,74,175,415,True,True,64,64,10,71,4,1.0,5.0,1.109375,0.15625,1.109375
325,775,74,175,488,True,False,64,64,0,0,0,0.0,0.0,0.0,0.0,0.0
326,946,74,243,6,True,False,8,8,0,0,0,0.0,0.0,0.0,0.0,0.0
326,947,74,243,21,True,False,8,8,0,0,0,0.0,0.0,0.0,0.0,0.0
326,948,74,243,84,True,False,8,8,0,0,0,0.0,0.0,0.0,0.0,0.0
326,949,74,243,85,True,False,8,8,0,0,0,0.0,0.0,0.0,0.0,0.0
326,950,74,243,115,True,False,8,8,0,0,0,0.0,0.0,0.0,0.0,0.0
326,951,74,243,125,True,True,8,8,2,28,1,4.0,7.0,3.5,0.25,3.5
326,952,74,243,129,True,False,8,8,0,0,0,0.0,0.0,0.0,0.0,0.0
326,953,74,243,156,True,False,8,8,0,0,0,0.0,0.0,0.0,0.0,0.0
326,954,74,243,179,True,False,8,8,0,0,0,0.0,0.0,0.0,0.0,0.0
326,955,74,243,199,True,False,8,8,0,0,0,0.0,0.0,0.0,0.0,0.0
326,956,74,243,217,True,True,8,8,2,10,1,4.0,6.5,1.25,0.25,1.25
326,957,74,243,319,True,False,8,8,0,0,0,0.0,0.0,0.0,0.0,0.0
326,958,74,243,385,True,False,8,8,0,0,0,0.0,0.0,0.0,0.0,0.0
326,959,74,243,402,True,False,8,8,0,0,0,0.0,0.0,0.0,0.0,0.0
326,960,74,243,508,True,False,8,8,0,0,0,0.0,0.0,0.0,0.0,0.0
327,980,74,248,2,True,True,219,219,6,20,4,0.0,0.0,0.091324200913242,0.0273972602739726,0.091324200913242
327,981,74,248,12,True,True,219,219,7,8,6,0.0,0.0,0.0365296803652968,0.0319634703196347,0.0365296803652968
327,982,74,248,22,True,False,219,219,0,0,0,0.0,0.0,0.0,0.0,0.0
327,983,74,248,121,True,True,219,219,60,100,40,0.0,0.0,0.45662100456621,0.273972602739726,0.45662100456621
327,984,74,248,139,True,True,219,219,4,7,4,0.0,0.0,0.0319634703196347,0.0182648401826484,0.0319634703196347
327,985,74,248,144,True,False,219,219,0,0,0,0.0,0.0,0.0,0.0,0.0
327,986,74,248,169,True,True,219,219,14,39,12,0.0,0.0,0.1780821917808219,0.0639269406392694,0.1780821917808219
327,987,74,248,175,True,True,219,219,34,109,22,0.0,0.0,0.4977168949771689,0.1552511415525114,0.4977168949771689
327,988,74,248,262,True,True,219,219,1,3,1,0.0,0.0,0.0136986301369863,0.0045662100456621,0.0136986301369863
327,989,74,248,273,True,True,219,219,2,3,2,0.0,0.0,0.0136986301369863,0.0091324200913242,0.0136986301369863
327,990,74,248,281,True,True,219,219,33,106,22,0.0,0.0,0.4840182648401826,0.1506849315068493,0.4840182648401826
327,991,74,248,335,True,True,219,219,22,57,16,0.0,0.0,0.2602739726027397,0.1004566210045662,0.2602739726027397
327,992,74,248,383,True,True,219,219,5,8,3,0.0,0.0,0.0365296803652968,0.0228310502283105,0.0365296803652968
327,993,74,248,433,True,True,219,219,23,52,16,0.0,0.0,0.2374429223744292,0.1050228310502283,0.2374429223744292
327,994,74,248,455,True,True,219,219,26,82,18,0.0,0.0,0.3744292237442922,0.1187214611872146,0.3744292237442922
327,995,74,248,463,True,True,219,219,155,257,91,0.0,0.0,1.17351598173516,0.7077625570776256,1.17351598173516
327,996,74,248,508,True,True,219,219,20,41,14,0.0,0.0,0.1872146118721461,0.091324200913242,0.1872146118721461
328,1153,74,281,13,True,False,76,76,0,0,0,0.0,0.0,0.0,0.0,0.0
328,1154,74,281,21,True,False,76,76,0,0,0,0.0,0.0,0.0,0.0,0.0
328,1155,74,281,61,True,False,76,76,0,0,0,0.0,0.0,0.0,0.0,0.0
328,1156,74,281,74,True,False,76,76,0,0,0,0.0,0.0,0.0,0.0,0.0
328,1157,74,281,117,True,True,76,76,52,593,15,0.0,5.0,7.802631578947368,0.6842105263157895,7.802631578947368
328,1158,74,281,141,True,False,76,76,0,0,0,0.0,0.0,0.0,0.0,0.0
328,1159,74,281,179,True,False,76,76,0,0,0,0.0,0.0,0.0,0.0,0.0
328,1160,74,281,186,True,False,76,76,0,0,0,0.0,0.0,0.0,0.0,0.0
328,1161,74,281,199,True,True,76,76,2,2,1,2.0,2.5,0.02631578947368421,0.02631578947368421,0.02631578947368421
328,1162,74,281,313,True,False,76,76,0,0,0,0.0,0.0,0.0,0.0,0.0
328,1163,74,281,387,True,True,76,76,2,10,1,2.0,4.5,0.13157894736842105,0.02631578947368421,0.13157894736842105
329,1350,74,335,21,True,False,31,31,0,0,0,0.0,0.0,0.0,0.0,0.0
329,1351,74,335,61,True,False,31,31,0,0,0,0.0,0.0,0.0,0.0,0.0
329,1352,74,335,141,True,False,31,31,0,0,0,0.0,0.0,0.0,0.0,0.0
329,1353,74,335,156,True,False,31,31,0,0,0,0.0,0.0,0.0,0.0,0.0
329,1354,74,335,179,True,False,31,31,0,0,0,0.0,0.0,0.0,0.0,0.0
329,1355,74,335,186,True,False,31,31,0,0,0,0.0,0.0,0.0,0.0,0.0
329,1356,74,335,248,True,False,31,31,0,0,0,0.0,0.0,0.0,0.0,0.0
329,1357,74,335,488,True,False,31,31,0,0,0,0.0,0.0,0.0,0.0,0.0
329,1358,74,335,508,True,True,31,31,6,42,3,0.0,0.0,1.3548387096774193,0.1935483870967742,1.3548387096774193
330,1421,74,361,6,True,False,4,4,0,0,0,0.0,0.0,0.0,0.0,0.0
330,1422,74,361,13,True,False,4,4,0,0,0,0.0,0.0,0.0,0.0,0.0
330,1423,74,361,21,True,False,4,4,0,0,0,0.0,0.0,0.0,0.0,0.0
330,1424,74,361,58,True,False,4,4,0,0,0,0.0,0.0,0.0,0.0,0.0
330,1425,74,361,74,True,False,4,4,0,0,0,0.0,0.0,0.0,0.0,0.0
330,1426,74,361,129,True,False,4,4,0,0,0,0.0,0.0,0.0,0.0,0.0
330,1427,74,361,156,True,False,4,4,0,0,0,0.0,0.0,0.0,0.0,0.0
330,1428,74,361,179,True,False,4,4,0,0,0,0.0,0.0,0.0,0.0,0.0
330,1429,74,361,186,True,False,4,4,0,0,0,0.0,0.0,0.0,0.0,0.0
330,1430,74,361,217,True,False,4,4,0,0,0,0.0,0.0,0.0,0.0,0.0
330,1431,74,361,243,True,False,4,4,0,0,0,0.0,0.0,0.0,0.0,0.0
330,1432,74,361,245,True,False,4,4,0,0,0,0.0,0.0,0.0,0.0,0.0
330,1433,74,361,251,True,False,4,4,0,0,0,0.0,0.0,0.0,0.0,0.0
330,1434,74,361,253,True,False,4,4,0,0,0,0.0,0.0,0.0,0.0,0.0
330,1435,74,361,313,True,False,4,4,0,0,0,0.0,0.0,0.0,0.0,0.0
330,1436,74,361,319,True,False,4,4,0,0,0,0.0,0.0,0.0,0.0,0.0
330,1437,74,361,381,True,False,4,4,0,0,0,0.0,0.0,0.0,0.0,0.0
330,1438,74,361,449,True,False,4,4,0,0,0,0.0,0.0,0.0,0.0,0.0
331,1505,74,383,21,True,False,6,6,0,0,0,0.0,0.0,0.0,0.0,0.0
331,1506,74,383,39,True,True,6,6,2,30,1,3.0,6.0,5.0,0.3333333333333333,5.0
331,1507,74,383,61,True,False,6,6,0,0,0,0.0,0.0,0.0,0.0,0.0
331,1508,74,383,129,True,False,6,6,0,0,0,0.0,0.0,0.0,0.0,0.0
331,1509,74,383,141,True,False,6,6,0,0,0,0.0,0.0,0.0,0.0,0.0
331,1510,74,383,169,True,True,6,6,3,6,1,0.0,0.0,1.0,0.5,1.0
331,1511,74,383,179,True,False,6,6,0,0,0,0.0,0.0,0.0,0.0,0.0
331,1512,74,383,186,True,False,6,6,0,0,0,0.0,0.0,0.0,0.0,0.0
331,1513,74,383,273,True,False,6,6,0,0,0,0.0,0.0,0.0,0.0,0.0
331,1514,74,383,281,True,False,6,6,0,0,0,0.0,0.0,0.0,0.0,0.0
331,1515,74,383,313,True,False,6,6,0,0,0,0.0,0.0,0.0,0.0,0.0
331,1516,74,383,317,True,False,6,6,0,0,0,0.0,0.0,0.0,0.0,0.0
331,1517,74,383,335,True,False,6,6,0,0,0,0.0,0.0,0.0,0.0,0.0
331,1518,74,383,433,True,False,6,6,0,0,0,0.0,0.0,0.0,0.0,0.0
331,1519,74,383,455,True,False,6,6,0,0,0,0.0,0.0,0.0,0.0,0.0
331,1520,74,383,508,True,True,6,6,4,14,2,0.0,0.0,2.3333333333333335,0.6666666666666666,2.3333333333333335
332,1687,74,433,13,True,False,41,41,0,0,0,0.0,0.0,0.0,0.0,0.0
332,1688,74,433,21,True,False,41,41,0,0,0,0.0,0.0,0.0,0.0,0.0
332,1689,74,433,39,True,True,41,41,1,2,1,6.0,6.0,0.04878048780487805,0.024390243902439025,0.04878048780487805
332,1690,74,433,61,True,False,41,41,0,0,0,0.0,0.0,0.0,0.0,0.0
332,1691,74,433,74,True,False,41,41,0,0,0,0.0,0.0,0.0,0.0,0.0
332,1692,74,433,129,True,False,41,41,0,0,0,0.0,0.0,0.0,0.0,0.0
332,1693,74,433,141,True,False,41,41,0,0,0,0.0,0.0,0.0,0.0,0.0
332,1694,74,433,156,True,False,41,41,0,0,0,0.0,0.0,0.0,0.0,0.0
332,1695,74,433,169,True,True,41,41,1,5,1,0.0,0.0,0.12195121951219512,0.024390243902439025,0.12195121951219512
332,1696,74,433,179,True,False,41,41,0,0,0,0.0,0.0,0.0,0.0,0.0
332,1697,74,433,186,True,False,41,41,0,0,0,0.0,0.0,0.0,0.0,0.0
332,1698,74,433,199,True,False,41,41,0,0,0,0.0,0.0,0.0,0.0,0.0
332,1699,74,433,245,True,False,41,41,0,0,0,0.0,0.0,0.0,0.0,0.0
332,1700,74,433,248,True,False,41,41,0,0,0,0.0,0.0,0.0,0.0,0.0
332,1701,74,433,381,True,False,41,41,0,0,0,0.0,0.0,0.0,0.0,0.0
332,1702,74,433,508,True,True,41,41,20,149,7,0.0,1.0,3.6341463414634148,0.4878048780487805,3.6341463414634148
333,1713,74,449,6,True,True,37,37,15,38,11,0.0,0.0,1.027027027027027,0.40540540540540543,1.027027027027027
333,1714,74,449,12,True,True,37,37,10,15,9,0.0,0.0,0.40540540540540543,0.2702702702702703,0.40540540540540543
333,1715,74,449,58,True,True,37,37,2,4,2,0.0,0.0,0.10810810810810811,0.05405405405405406,0.10810810810810811
333,1716,74,449,113,True,False,37,37,0,0,0,0.0,0.0,0.0,0.0,0.0
333,1717,74,449,121,True,False,37,37,0,0,0,0.0,0.0,0.0,0.0,0.0
333,1718,74,449,217,True,True,37,37,1,1,1,0.0,0.0,0.02702702702702703,0.02702702702702703,0.02702702702702703
333,1719,74,449,243,True,True,37,37,6,11,5,0.0,0.0,0.2972972972972973,0.16216216216216217,0.2972972972972973
333,1720,74,449,251,True,False,37,37,0,0,0,0.0,0.0,0.0,0.0,0.0
333,1721,74,449,262,True,False,37,37,0,0,0,0.0,0.0,0.0,0.0,0.0
333,1722,74,449,321,True,False,37,37,0,0,0,0.0,0.0,0.0,0.0,0.0
333,1723,74,449,361,True,True,37,37,3,14,2,0.0,0.0,0.3783783783783784,0.08108108108108109,0.3783783783783784
333,1724,74,449,463,True,True,37,37,32,52,23,0.0,0.0,1.4054054054054055,0.8648648648648649,1.4054054054054055
333,1725,74,449,481,True,True,37,37,2,4,2,0.0,0.0,0.10810810810810811,0.05405405405405406,0.10810810810810811
334,1726,74,455,13,True,False,67,67,0,0,0,0.0,0.0,0.0,0.0,0.0
334,1727,74,455,21,True,False,67,67,0,0,0,0.0,0.0,0.0,0.0,0.0
334,1728,74,455,39,True,True,67,67,5,75,3,0.0,6.0,1.1194029850746268,0.07462686567164178,1.1194029850746268
334,1729,74,455,61,True,False,67,67,0,0,0,0.0,0.0,0.0,0.0,0.0
334,1730,74,455,74,True,False,67,67,0,0,0,0.0,0.0,0.0,0.0,0.0
334,1731,74,455,117,True,True,67,67,20,159,8,0.0,5.0,2.373134328358209,0.29850746268656714,2.373134328358209
334,1732,74,455,129,True,False,67,67,0,0,0,0.0,0.0,0.0,0.0,0.0
334,1733,74,455,141,True,False,67,67,0,0,0,0.0,0.0,0.0,0.0,0.0
334,1734,74,455,169,True,False,67,67,0,0,0,0.0,0.0,0.0,0.0,0.0
334,1735,74,455,179,True,False,67,67,0,0,0,0.0,0.0,0.0,0.0,0.0
334,1736,74,455,186,True,False,67,67,0,0,0,0.0,0.0,0.0,0.0,0.0
334,1737,74,455,199,True,True,67,67,16,187,6,0.0,2.0,2.791044776119403,0.23880597014925373,2.791044776119403
334,1738,74,455,248,True,False,67,67,0,0,0,0.0,0.0,0.0,0.0,0.0
334,1739,74,455,281,True,True,67,67,3,14,2,0.0,0.0,0.208955223880597,0.04477611940298507,0.208955223880597
334,1740,74,455,313,True,False,67,67,0,0,0,0.0,0.0,0.0,0.0,0.0
334,1741,74,455,317,True,False,67,67,0,0,0,0.0,0.0,0.0,0.0,0.0
334,1742,74,455,383,True,True,67,67,7,91,2,0.0,2.0,1.3582089552238805,0.1044776119402985,1.3582089552238805
334,1743,74,455,508,True,True,67,67,17,108,5,0.0,0.5,1.6119402985074627,0.2537313432835821,1.6119402985074627
335,1755,74,463,6,True,True,326,326,21,75,10,0.0,0.0,0.23006134969325154,0.06441717791411043,0.23006134969325154
335,1756,74,463,58,True,True,326,326,2,4,2,0.0,0.0,0.012269938650306749,0.006134969325153374,0.012269938650306749
335,1757,74,463,117,True,True,326,326,4,7,2,0.0,0.0,0.02147239263803681,0.012269938650306749,0.02147239263803681
335,1758,74,463,169,True,True,326,326,28,108,14,0.0,0.0,0.3312883435582822,0.08588957055214724,0.3312883435582822
335,1759,74,463,199,True,True,326,326,10,19,5,0.0,0.0,0.05828220858895705,0.03067484662576687,0.05828220858895705
335,1760,74,463,217,True,True,326,326,2,3,1,0.0,0.0,0.009202453987730062,0.006134969325153374,0.009202453987730062
335,1761,74,463,243,True,True,326,326,12,43,5,0.0,0.0,0.13190184049079753,0.03680981595092025,0.13190184049079753
335,1762,74,463,262,True,True,326,326,2,14,1,0.0,0.0,0.04294478527607362,0.006134969325153374,0.04294478527607362
335,1763,74,463,281,True,True,326,326,59,335,22,0.0,0.0,1.0276073619631902,0.18098159509202455,1.0276073619631902
335,1764,74,463,335,True,True,326,326,29,94,15,0.0,0.0,0.2883435582822086,0.08895705521472393,0.2883435582822086
335,1765,74,463,361,True,True,326,326,3,14,2,0.0,0.0,0.04294478527607362,0.009202453987730062,0.04294478527607362
335,1766,74,463,383,True,True,326,326,7,20,4,0.0,0.0,0.06134969325153374,0.02147239263803681,0.06134969325153374
335,1767,74,463,433,True,True,326,326,43,144,16,0.0,0.0,0.44171779141104295,0.13190184049079753,0.44171779141104295
335,1768,74,463,455,True,True,326,326,53,253,21,0.0,0.0,0.7760736196319018,0.16257668711656442,0.7760736196319018
335,1769,74,463,508,True,True,326,326,48,181,20,0.0,0.0,0.5552147239263804,0.147239263803681,0.5552147239263804
336,1872,74,508,39,True,True,12,12,2,6,2,2.0,4.0,0.5,0.16666666666666666,0.5
336,1873,74,508,84,True,False,12,12,0,0,0,0.0,0.0,0.0,0.0,0.0
336,1874,74,508,115,True,False,12,12,0,0,0,0.0,0.0,0.0,0.0,0.0
336,1875,74,508,117,True,True,12,12,1,9,1,2.0,4.0,0.75,0.08333333333333333,0.75
336,1876,74,508,169,True,False,12,12,0,0,0,0.0,0.0,0.0,0.0,0.0
336,1877,74,508,199,True,True,12,12,2,10,2,3.0,5.5,0.8333333333333334,0.16666666666666666,0.8333333333333334
336,1878,74,508,238,True,True,12,12,1,4,1,4.0,5.5,0.3333333333333333,0.08333333333333333,0.3333333333333333
336,1879,74,508,252,True,False,12,12,0,0,0,0.0,0.0,0.0,0.0,0.0
336,1880,74,508,316,True,False,12,12,0,0,0,0.0,0.0,0.0,0.0,0.0
336,1881,74,508,317,True,True,12,12,6,52,5,1.0,5.0,4.333333333333333,0.5,4.333333333333333
336,1882,74,508,335,True,True,12,12,1,3,1,6.0,7.0,0.25,0.08333333333333333,0.25
336,1883,74,508,433,True,True,12,12,1,5,1,0.0,2.0,0.4166666666666667,0.08333333333333333,0.4166666666666667
336,1884,74,508,455,True,False,12,12,0,0,0,0.0,0.0,0.0,0.0,0.0
336,1885,74,508,485,True,True,12,12,3,3,1,6.0,7.0,0.25,0.25,0.25
336,1886,74,508,494,True,True,12,12,3,6,1,5.0,6.0,0.5,0.25,0.5
337,665,77,163,259,True,True,6,6,1,1,1,0.0,0.0,0.16666666666666666,0.16666666666666666,0.16666666666666666
337,666,77,163,288,True,False,6,6,0,0,0,0.0,0.0,0.0,0.0,0.0
337,667,77,163,371,True,False,6,6,0,0,0,0.0,0.0,0.0,0.0,0.0
337,668,77,163,410,True,False,6,6,0,0,0,0.0,0.0,0.0,0.0,0.0
338,846,77,205,8,True,False,17,17,0,0,0,0.0,0.0,0.0,0.0,0.0
338,847,77,205,42,True,False,17,17,0,0,0,0.0,0.0,0.0,0.0,0.0
338,848,77,205,109,True,False,17,17,0,0,0,0.0,0.0,0.0,0.0,0.0
338,849,77,205,146,True,False,17,17,0,0,0,0.0,0.0,0.0,0.0,0.0
338,850,77,205,151,True,False,17,17,0,0,0,0.0,0.0,0.0,0.0,0.0
338,851,77,205,259,True,False,17,17,0,0,0,0.0,0.0,0.0,0.0,0.0
338,852,77,205,290,True,True,17,17,3,9,1,10.0,10.0,0.5294117647058824,0.17647058823529413,0.5294117647058824
338,853,77,205,297,True,False,17,17,0,0,0,0.0,0.0,0.0,0.0,0.0
338,854,77,205,328,True,False,17,17,0,0,0,0.0,0.0,0.0,0.0,0.0
338,855,77,205,352,True,False,17,17,0,0,0,0.0,0.0,0.0,0.0,0.0
338,856,77,205,405,True,False,17,17,0,0,0,0.0,0.0,0.0,0.0,0.0
338,857,77,205,494,True,False,17,17,0,0,0,0.0,0.0,0.0,0.0,0.0
339,54,79,8,22,True,True,15,15,12,179,1,0.0,4.0,11.933333333333334,0.8,11.933333333333334
339,55,79,8,79,True,False,15,15,0,0,0,0.0,0.0,0.0,0.0,0.0
339,56,79,8,80,True,False,15,15,0,0,0,0.0,0.0,0.0,0.0,0.0
339,57,79,8,100,True,False,15,15,0,0,0,0.0,0.0,0.0,0.0,0.0
339,58,79,8,126,True,False,15,15,0,0,0,0.0,0.0,0.0,0.0,0.0
339,59,79,8,144,True,True,15,15,3,41,1,0.0,2.0,2.7333333333333334,0.2,2.7333333333333334
339,60,79,8,149,True,False,15,15,0,0,0,0.0,0.0,0.0,0.0,0.0
339,61,79,8,171,True,False,15,15,0,0,0,0.0,0.0,0.0,0.0,0.0
339,62,79,8,184,True,False,15,15,0,0,0,0.0,0.0,0.0,0.0,0.0
339,63,79,8,229,True,False,15,15,0,0,0,0.0,0.0,0.0,0.0,0.0
339,64,79,8,230,True,False,15,15,0,0,0,0.0,0.0,0.0,0.0,0.0
339,65,79,8,258,True,False,15,15,0,0,0,0.0,0.0,0.0,0.0,0.0
339,66,79,8,311,True,False,15,15,0,0,0,0.0,0.0,0.0,0.0,0.0
339,67,79,8,315,True,False,15,15,0,0,0,0.0,0.0,0.0,0.0,0.0
339,68,79,8,390,True,False,15,15,0,0,0,0.0,0.0,0.0,0.0,0.0
340,129,79,22,21,True,False,10,10,0,0,0,0.0,0.0,0.0,0.0,0.0
340,130,79,22,31,True,True,10,10,8,24,3,6.0,8.0,2.4,0.8,2.4
340,131,79,22,43,True,True,10,10,2,9,1,8.0,10.0,0.9,0.2,0.9
340,132,79,22,61,True,True,10,10,8,36,3,4.0,7.0,3.6,0.8,3.6
340,133,79,22,74,True,False,10,10,0,0,0,0.0,0.0,0.0,0.0,0.0
340,134,79,22,79,True,False,10,10,0,0,0,0.0,0.0,0.0,0.0,0.0
340,135,79,22,139,True,False,10,10,0,0,0,0.0,0.0,0.0,0.0,0.0
340,136,79,22,144,True,False,10,10,0,0,0,0.0,0.0,0.0,0.0,0.0
340,137,79,22,175,True,False,10,10,0,0,0,0.0,0.0,0.0,0.0,0.0
340,138,79,22,179,True,True,10,10,2,7,1,7.0,9.0,0.7,0.2,0.7
340,139,79,22,186,True,True,10,10,4,12,1,5.0,7.5,1.2,0.4,1.2
340,140,79,22,273,True,True,10,10,6,39,2,0.0,4.0,3.9,0.6,3.9
341,392,79,100,8,True,False,162,162,0,0,0,0.0,0.0,0.0,0.0,0.0
341,393,79,100,50,True,False,162,162,0,0,0,0.0,0.0,0.0,0.0,0.0
341,394,79,100,109,True,False,162,162,0,0,0,0.0,0.0,0.0,0.0,0.0
341,395,79,100,146,True,False,162,162,0,0,0,0.0,0.0,0.0,0.0,0.0
341,396,79,100,164,True,True,162,162,162,1453,11,0.0,3.0,8.969135802469136,1.0,8.969135802469136
341,397,79,100,171,True,True,162,162,29,95,4,0.0,1.0,0.5864197530864198,0.17901234567901234,0.5864197530864198
341,398,79,100,173,True,False,162,162,0,0,0,0.0,0.0,0.0,0.0,0.0
341,399,79,100,180,True,True,162,162,87,308,7,0.0,3.0,1.9012345679012346,0.5370370370370371,1.9012345679012346
341,400,79,100,271,True,True,162,162,18,83,2,0.0,3.0,0.5123456790123457,0.1111111111111111,0.5123456790123457
341,401,79,100,315,True,False,162,162,0,0,0,0.0,0.0,0.0,0.0,0.0
341,402,79,100,405,True,False,162,162,0,0,0,0.0,0.0,0.0,0.0,0.0
341,403,79,100,410,True,True,162,162,2,2,1,0.0,0.0,0.012345679012345678,0.012345679012345678,0.012345679012345678
342,591,79,149,8,True,False,115,115,0,0,0,0.0,0.0,0.0,0.0,0.0
342,592,79,149,42,True,False,115,115,0,0,0,0.0,0.0,0.0,0.0,0.0
342,593,79,149,79,True,True,115,115,19,24,5,0.0,0.0,0.20869565217391303,0.16521739130434782,0.20869565217391303
342,594,79,149,80,True,False,115,115,0,0,0,0.0,0.0,0.0,0.0,0.0
342,595,79,149,100,True,False,115,115,0,0,0,0.0,0.0,0.0,0.0,0.0
342,596,79,149,151,True,False,115,115,0,0,0,0.0,0.0,0.0,0.0,0.0
342,597,79,149,171,True,True,115,115,52,425,6,0.0,1.0,3.6956521739130435,0.45217391304347826,3.6956521739130435
342,598,79,149,184,True,False,115,115,0,0,0,0.0,0.0,0.0,0.0,0.0
342,599,79,149,230,True,True,115,115,9,36,3,0.0,0.0,0.3130434782608696,0.0782608695652174,0.3130434782608696
342,600,79,149,268,True,False,115,115,0,0,0,0.0,0.0,0.0,0.0,0.0
342,601,79,149,311,True,False,115,115,0,0,0,0.0,0.0,0.0,0.0,0.0
342,602,79,149,315,True,False,115,115,0,0,0,0.0,0.0,0.0,0.0,0.0
342,603,79,149,390,True,False,115,115,0,0,0,0.0,0.0,0.0,0.0,0.0
342,604,79,149,415,True,False,115,115,0,0,0,0.0,0.0,0.0,0.0,0.0
343,669,79,164,4,True,False,5,5,0,0,0,0.0,0.0,0.0,0.0,0.0
343,670,79,164,8,True,False,5,5,0,0,0,0.0,0.0,0.0,0.0,0.0
343,671,79,164,42,True,False,5,5,0,0,0,0.0,0.0,0.0,0.0,0.0
343,672,79,164,50,True,False,5,5,0,0,0,0.0,0.0,0.0,0.0,0.0
343,673,79,164,63,True,False,5,5,0,0,0,0.0,0.0,0.0,0.0,0.0
343,674,79,164,100,True,False,5,5,0,0,0,0.0,0.0,0.0,0.0,0.0
343,675,79,164,146,True,False,5,5,0,0,0,0.0,0.0,0.0,0.0,0.0
343,676,79,164,151,True,False,5,5,0,0,0,0.0,0.0,0.0,0.0,0.0
343,677,79,164,171,True,True,5,5,1,1,1,0.0,0.0,0.2,0.2,0.2
343,678,79,164,172,True,False,5,5,0,0,0,0.0,0.0,0.0,0.0,0.0
343,679,79,164,180,True,True,5,5,4,33,3,0.0,2.0,6.6,0.8,6.6
343,680,79,164,271,True,True,5,5,3,4,2,0.0,0.0,0.8,0.6,0.8
343,681,79,164,288,True,True,5,5,1,4,1,0.0,2.5,0.8,0.2,0.8
343,682,79,164,410,True,False,5,5,0,0,0,0.0,0.0,0.0,0.0,0.0
344,722,79,171,4,True,True,307,307,2,4,1,9.0,10.0,0.013029315960912053,0.006514657980456026,0.013029315960912053
344,723,79,171,8,True,True,307,307,4,25,1,0.0,2.0,0.08143322475570032,0.013029315960912053,0.08143322475570032
344,724,79,171,26,True,False,307,307,0,0,0,0.0,0.0,0.0,0.0,0.0
344,725,79,171,42,True,False,307,307,0,0,0,0.0,0.0,0.0,0.0,0.0
344,726,79,171,109,True,False,307,307,0,0,0,0.0,0.0,0.0,0.0,0.0
344,727,79,171,118,True,True,307,307,10,149,1,0.0,4.0,0.48534201954397393,0.03257328990228013,0.48534201954397393
344,728,79,171,138,True,True,307,307,7,106,2,3.0,7.0,0.34527687296416937,0.02280130293159609,0.34527687296416937
344,729,79,171,151,True,False,307,307,0,0,0,0.0,0.0,0.0,0.0,0.0
344,730,79,171,163,True,True,307,307,15,75,1,0.0,5.0,0.24429967426710097,0.048859934853420196,0.24429967426710097
344,731,79,171,164,True,True,307,307,242,1610,17,0.0,2.0,5.244299674267101,0.7882736156351792,5.244299674267101
344,732,79,171,172,True,True,307,307,15,56,1,0.0,2.0,0.18241042345276873,0.048859934853420196,0.18241042345276873
344,733,79,171,173,True,False,307,307,0,0,0,0.0,0.0,0.0,0.0,0.0
344,734,79,171,180,True,True,307,307,255,1150,17,0.0,3.0,3.745928338762215,0.8306188925081434,3.745928338762215
344,735,79,171,259,True,True,307,307,15,30,1,3.0,6.0,0.09771986970684039,0.048859934853420196,0.09771986970684039
344,736,79,171,271,True,True,307,307,74,337,5,0.0,2.0,1.0977198697068404,0.24104234527687296,1.0977198697068404
344,737,79,171,288,True,True,307,307,14,113,2,0.0,1.0,0.36807817589576547,0.04560260586319218,0.36807817589576547
344,738,79,171,297,True,False,307,307,0,0,0,0.0,0.0,0.0,0.0,0.0
344,739,79,171,410,True,True,307,307,61,115,5,0.0,2.0,0.3745928338762215,0.1986970684039088,0.3745928338762215
345,795,79,184,4,True,True,62,62,24,135,2,0.0,2.0,2.1774193548387095,0.3870967741935484,2.1774193548387095
345,796,79,184,8,True,False,62,62,0,0,0,0.0,0.0,0.0,0.0,0.0
345,797,79,184,22,True,True,62,62,30,311,5,0.0,2.0,5.016129032258065,0.4838709677419355,5.016129032258065
345,798,79,184,50,True,True,62,62,15,194,1,0.0,4.0,3.129032258064516,0.24193548387096775,3.129032258064516
345,799,79,184,79,True,True,62,62,1,5,1,0.0,0.0,0.08064516129032258,0.016129032258064516,0.08064516129032258
345,800,79,184,139,True,False,62,62,0,0,0,0.0,0.0,0.0,0.0,0.0
345,801,79,184,229,True,True,62,62,7,91,2,4.0,8.0,1.467741935483871,0.11290322580645161,1.467741935483871
345,802,79,184,230,True,True,62,62,2,3,1,0.0,0.0,0.04838709677419355,0.03225806451612903,0.04838709677419355
345,803,79,184,273,True,True,62,62,12,72,2,0.0,4.0,1.1612903225806452,0.1935483870967742,1.1612903225806452
345,804,79,184,288,True,False,62,62,0,0,0,0.0,0.0,0.0,0.0,0.0
345,805,79,184,290,True,False,62,62,0,0,0,0.0,0.0,0.0,0.0,0.0
345,806,79,184,315,True,False,62,62,0,0,0,0.0,0.0,0.0,0.0,0.0
345,807,79,184,383,True,False,62,62,0,0,0,0.0,0.0,0.0,0.0,0.0
346,912,79,230,4,True,True,188,188,23,163,2,2.0,9.0,0.8670212765957447,0.12234042553191489,0.8670212765957447
346,913,79,230,8,True,True,188,188,11,78,1,0.0,2.0,0.4148936170212766,0.05851063829787234,0.4148936170212766
346,914,79,230,22,True,True,188,188,26,269,5,0.0,1.0,1.4308510638297873,0.13829787234042554,1.4308510638297873
346,915,79,230,50,True,False,188,188,0,0,0,0.0,0.0,0.0,0.0,0.0
346,916,79,230,79,True,False,188,188,0,0,0,0.0,0.0,0.0,0.0,0.0
346,917,79,230,80,True,False,188,188,0,0,0,0.0,0.0,0.0,0.0,0.0
346,918,79,230,100,True,True,188,188,9,65,2,0.0,0.0,0.34574468085106386,0.047872340425531915,0.34574468085106386
346,919,79,230,149,True,False,188,188,0,0,0,0.0,0.0,0.0,0.0,0.0
346,920,79,230,151,True,False,188,188,0,0,0,0.0,0.0,0.0,0.0,0.0
346,921,79,230,171,True,True,188,188,20,175,2,0.0,4.0,0.9308510638297872,0.10638297872340426,0.9308510638297872
346,922,79,230,184,True,True,188,188,7,41,4,0.0,0.0,0.21808510638297873,0.03723404255319149,0.21808510638297873
346,923,79,230,288,True,True,188,188,70,678,6,0.0,2.0,3.606382978723404,0.3723404255319149,3.606382978723404
346,924,79,230,311,True,True,188,188,17,82,2,0.0,2.0,0.43617021276595747,0.09042553191489362,0.43617021276595747
346,925,79,230,390,True,True,188,188,2,3,1,0.0,0.0,0.015957446808510637,0.010638297872340425,0.015957446808510637
346,926,79,230,485,True,True,188,188,5,15,1,0.0,1.0,0.0797872340425532,0.026595744680851064,0.0797872340425532
347,1108,79,271,1,True,False,3,3,0,0,0,0.0,0.0,0.0,0.0,0.0
347,1109,79,271,28,True,False,3,3,0,0,0,0.0,0.0,0.0,0.0,0.0
347,1110,79,271,42,True,False,3,3,0,0,0,0.0,0.0,0.0,0.0,0.0
347,1111,79,271,56,True,False,3,3,0,0,0,0.0,0.0,0.0,0.0,0.0
347,1112,79,271,63,True,False,3,3,0,0,0,0.0,0.0,0.0,0.0,0.0
347,1113,79,271,146,True,False,3,3,0,0,0,0.0,0.0,0.0,0.0,0.0
347,1114,79,271,164,True,True,3,3,1,1,1,0.0,0.0,0.3333333333333333,0.3333333333333333,0.3333333333333333
347,1115,79,271,171,True,False,3,3,0,0,0,0.0,0.0,0.0,0.0,0.0
347,1116,79,271,173,True,False,3,3,0,0,0,0.0,0.0,0.0,0.0,0.0
347,1117,79,271,180,True,True,3,3,2,7,2,0.0,0.0,2.3333333333333335,0.6666666666666666,2.3333333333333335
347,1118,79,271,196,True,False,3,3,0,0,0,0.0,0.0,0.0,0.0,0.0
347,1119,79,271,207,True,False,3,3,0,0,0,0.0,0.0,0.0,0.0,0.0
347,1120,79,271,222,True,False,3,3,0,0,0,0.0,0.0,0.0,0.0,0.0
347,1121,79,271,297,True,False,3,3,0,0,0,0.0,0.0,0.0,0.0,0.0
347,1122,79,271,355,True,False,3,3,0,0,0,0.0,0.0,0.0,0.0,0.0
347,1123,79,271,369,True,False,3,3,0,0,0,0.0,0.0,0.0,0.0,0.0
347,1124,79,271,410,True,True,3,3,1,2,1,0.0,0.0,0.6666666666666666,0.3333333333333333,0.6666666666666666
347,1125,79,271,429,True,False,3,3,0,0,0,0.0,0.0,0.0,0.0,0.0
348,1164,79,288,4,True,True,25,25,3,10,1,7.0,9.0,0.4,0.12,0.4
348,1165,79,288,50,True,False,25,25,0,0,0,0.0,0.0,0.0,0.0,0.0
348,1166,79,288,63,True,False,25,25,0,0,0,0.0,0.0,0.0,0.0,0.0
348,1167,79,288,138,True,False,25,25,0,0,0,0.0,0.0,0.0,0.0,0.0
348,1168,79,288,164,True,True,25,25,14,70,3,4.0,9.0,2.8,0.56,2.8
348,1169,79,288,172,True,True,25,25,3,7,1,8.0,9.0,0.28,0.12,0.28
348,1170,79,288,259,True,False,25,25,0,0,0,0.0,0.0,0.0,0.0,0.0
349,1240,79,311,4,True,False,12,12,0,0,0,0.0,0.0,0.0,0.0,0.0
349,1241,79,311,80,True,False,12,12,0,0,0,0.0,0.0,0.0,0.0,0.0
349,1242,79,311,118,True,False,12,12,0,0,0,0.0,0.0,0.0,0.0,0.0
349,1243,79,311,138,True,False,12,12,0,0,0,0.0,0.0,0.0,0.0,0.0
349,1244,79,311,149,True,False,12,12,0,0,0,0.0,0.0,0.0,0.0,0.0
349,1245,79,311,151,True,False,12,12,0,0,0,0.0,0.0,0.0,0.0,0.0
349,1246,79,311,163,True,False,12,12,0,0,0,0.0,0.0,0.0,0.0,0.0
349,1247,79,311,171,True,True,12,12,9,81,2,0.0,1.0,6.75,0.75,6.75
349,1248,79,311,288,True,True,12,12,4,24,2,0.0,3.0,2.0,0.3333333333333333,2.0
349,1249,79,311,371,True,False,12,12,0,0,0,0.0,0.0,0.0,0.0,0.0
349,1250,79,311,390,True,False,12,12,0,0,0,0.0,0.0,0.0,0.0,0.0
349,1251,79,311,415,True,False,12,12,0,0,0,0.0,0.0,0.0,0.0,0.0
350,1553,79,390,2,True,False,3,3,0,0,0,0.0,0.0,0.0,0.0,0.0
350,1554,79,390,8,True,False,3,3,0,0,0,0.0,0.0,0.0,0.0,0.0
350,1555,79,390,22,True,True,3,3,1,5,1,0.0,0.0,1.6666666666666667,0.3333333333333333,1.6666666666666667
350,1556,79,390,79,True,False,3,3,0,0,0,0.0,0.0,0.0,0.0,0.0
350,1557,79,390,80,True,False,3,3,0,0,0,0.0,0.0,0.0,0.0,0.0
350,1558,79,390,138,True,False,3,3,0,0,0,0.0,0.0,0.0,0.0,0.0
350,1559,79,390,149,True,False,3,3,0,0,0,0.0,0.0,0.0,0.0,0.0
350,1560,79,390,151,True,False,3,3,0,0,0,0.0,0.0,0.0,0.0,0.0
350,1561,79,390,171,True,True,3,3,2,4,1,0.0,0.0,1.3333333333333333,0.6666666666666666,1.3333333333333333
350,1562,79,390,175,True,False,3,3,0,0,0,0.0,0.0,0.0,0.0,0.0
350,1563,79,390,230,True,False,3,3,0,0,0,0.0,0.0,0.0,0.0,0.0
350,1564,79,390,258,True,False,3,3,0,0,0,0.0,0.0,0.0,0.0,0.0
350,1565,79,390,268,True,False,3,3,0,0,0,0.0,0.0,0.0,0.0,0.0
350,1566,79,390,294,True,False,3,3,0,0,0,0.0,0.0,0.0,0.0,0.0
350,1567,79,390,311,True,True,3,3,2,2,1,0.0,0.0,0.6666666666666666,0.6666666666666666,0.6666666666666666
351,1808,79,485,8,True,False,7,7,0,0,0,0.0,0.0,0.0,0.0,0.0
351,1809,79,485,79,True,True,7,7,5,5,1,0.0,0.0,0.7142857142857143,0.7142857142857143,0.7142857142857143
351,1810,79,485,100,True,True,7,7,5,10,1,0.0,0.0,1.4285714285714286,0.7142857142857143,1.4285714285714286
351,1811,79,485,149,True,False,7,7,0,0,0,0.0,0.0,0.0,0.0,0.0
351,1812,79,485,151,True,False,7,7,0,0,0,0.0,0.0,0.0,0.0,0.0
351,1813,79,485,161,True,False,7,7,0,0,0,0.0,0.0,0.0,0.0,0.0
351,1814,79,485,167,True,False,7,7,0,0,0,0.0,0.0,0.0,0.0,0.0
351,1815,79,485,170,True,False,7,7,0,0,0,0.0,0.0,0.0,0.0,0.0
351,1816,79,485,230,True,True,7,7,5,10,1,0.0,0.0,1.4285714285714286,0.7142857142857143,1.4285714285714286
351,1817,79,485,315,True,False,7,7,0,0,0,0.0,0.0,0.0,0.0,0.0
351,1818,79,485,405,True,False,7,7,0,0,0,0.0,0.0,0.0,0.0,0.0
352,69,80,10,109,True,False,47,47,0,0,0,0.0,0.0,0.0,0.0,0.0
352,70,80,10,112,True,True,47,47,25,171,2,0.0,2.0,3.6382978723404253,0.5319148936170213,3.6382978723404253
352,71,80,10,117,True,False,47,47,0,0,0,0.0,0.0,0.0,0.0,0.0
352,72,80,10,173,True,False,47,47,0,0,0,0.0,0.0,0.0,0.0,0.0
352,73,80,10,238,True,False,47,47,0,0,0,0.0,0.0,0.0,0.0,0.0
352,74,80,10,268,True,True,47,47,6,28,1,0.0,0.0,0.5957446808510638,0.1276595744680851,0.5957446808510638
352,75,80,10,281,True,False,47,47,0,0,0,0.0,0.0,0.0,0.0,0.0
352,76,80,10,294,True,True,47,47,2,14,1,0.0,0.0,0.2978723404255319,0.0425531914893617,0.2978723404255319
352,77,80,10,324,True,True,47,47,15,55,1,0.0,1.0,1.1702127659574468,0.3191489361702128,1.1702127659574468
352,78,80,10,378,True,False,47,47,0,0,0,0.0,0.0,0.0,0.0,0.0
352,79,80,10,387,True,True,47,47,2,14,1,0.0,0.0,0.2978723404255319,0.0425531914893617,0.2978723404255319
352,80,80,10,462,True,True,47,47,12,102,1,5.0,9.0,2.1702127659574466,0.2553191489361702,2.1702127659574466
352,81,80,10,497,True,True,47,47,10,29,1,0.0,3.0,0.6170212765957447,0.2127659574468085,0.6170212765957447
353,339,80,79,8,True,False,10,10,0,0,0,0.0,0.0,0.0,0.0,0.0
353,340,80,79,22,True,False,10,10,0,0,0,0.0,0.0,0.0,0.0,0.0
353,341,80,79,100,True,False,10,10,0,0,0,0.0,0.0,0.0,0.0,0.0
353,342,80,79,149,True,False,10,10,0,0,0,0.0,0.0,0.0,0.0,0.0
353,343,80,79,164,True,False,10,10,0,0,0,0.0,0.0,0.0,0.0,0.0
353,344,80,79,171,True,True,10,10,6,6,1,0.0,0.5,0.6,0.6,0.6
353,345,80,79,184,True,False,10,10,0,0,0,0.0,0.0,0.0,0.0,0.0
353,346,80,79,230,True,False,10,10,0,0,0,0.0,0.0,0.0,0.0,0.0
353,347,80,79,271,True,False,10,10,0,0,0,0.0,0.0,0.0,0.0,0.0
353,348,80,79,288,True,False,10,10,0,0,0,0.0,0.0,0.0,0.0,0.0
353,349,80,79,311,True,True,10,10,6,36,1,0.0,0.0,3.6,0.6,3.6
353,350,80,79,390,True,False,10,10,0,0,0,0.0,0.0,0.0,0.0,0.0
353,351,80,79,485,True,False,10,10,0,0,0,0.0,0.0,0.0,0.0,0.0
354,462,80,118,63,True,False,7,7,0,0,0,0.0,0.0,0.0,0.0,0.0
354,463,80,118,340,True,False,7,7,0,0,0,0.0,0.0,0.0,0.0,0.0
355,506,80,138,42,True,False,4,4,0,0,0,0.0,0.0,0.0,0.0,0.0
355,507,80,138,63,True,False,4,4,0,0,0,0.0,0.0,0.0,0.0,0.0
355,508,80,138,151,True,False,4,4,0,0,0,0.0,0.0,0.0,0.0,0.0
355,509,80,138,171,True,True,4,4,1,1,1,0.0,0.0,0.25,0.25,0.25
355,510,80,138,258,True,False,4,4,0,0,0,0.0,0.0,0.0,0.0,0.0
355,511,80,138,288,True,False,4,4,0,0,0,0.0,0.0,0.0,0.0,0.0
355,512,80,138,340,True,False,4,4,0,0,0,0.0,0.0,0.0,0.0,0.0
355,513,80,138,415,True,False,4,4,0,0,0,0.0,0.0,0.0,0.0,0.0
356,591,80,149,8,True,False,67,67,0,0,0,0.0,0.0,0.0,0.0,0.0
356,592,80,149,42,True,False,67,67,0,0,0,0.0,0.0,0.0,0.0,0.0
356,593,80,149,79,True,False,67,67,0,0,0,0.0,0.0,0.0,0.0,0.0
356,594,80,149,80,True,True,67,67,6,6,2,0.0,0.0,0.08955223880597014,0.08955223880597014,0.08955223880597014
356,595,80,149,100,True,False,67,67,0,0,0,0.0,0.0,0.0,0.0,0.0
356,596,80,149,151,True,True,67,67,7,56,1,0.0,1.0,0.835820895522388,0.1044776119402985,0.835820895522388
356,597,80,149,171,True,True,67,67,43,278,6,0.0,1.0,4.149253731343284,0.6417910447761194,4.149253731343284
356,598,80,149,184,True,False,67,67,0,0,0,0.0,0.0,0.0,0.0,0.0
356,599,80,149,230,True,False,67,67,0,0,0,0.0,0.0,0.0,0.0,0.0
356,600,80,149,268,True,True,67,67,40,284,4,0.0,1.0,4.2388059701492535,0.5970149253731343,4.2388059701492535
356,601,80,149,311,True,False,67,67,0,0,0,0.0,0.0,0.0,0.0,0.0
356,602,80,149,315,True,False,67,67,0,0,0,0.0,0.0,0.0,0.0,0.0
356,603,80,149,390,True,False,67,67,0,0,0,0.0,0.0,0.0,0.0,0.0
356,604,80,149,415,True,False,67,67,0,0,0,0.0,0.0,0.0,0.0,0.0
357,605,80,151,8,True,False,44,44,0,0,0,0.0,0.0,0.0,0.0,0.0
357,606,80,151,10,True,False,44,44,0,0,0,0.0,0.0,0.0,0.0,0.0
357,607,80,151,22,True,False,44,44,0,0,0,0.0,0.0,0.0,0.0,0.0
357,608,80,151,79,True,False,44,44,0,0,0,0.0,0.0,0.0,0.0,0.0
357,609,80,151,80,True,True,44,44,2,3,2,0.0,0.0,0.06818181818181818,0.045454545454545456,0.06818181818181818
357,610,80,151,117,True,False,44,44,0,0,0,0.0,0.0,0.0,0.0,0.0
357,611,80,151,149,True,True,44,44,1,1,1,0.0,0.0,0.022727272727272728,0.022727272727272728,0.022727272727272728
357,612,80,151,171,True,True,44,44,11,109,1,0.0,4.0,2.477272727272727,0.25,2.477272727272727
357,613,80,151,184,True,False,44,44,0,0,0,0.0,0.0,0.0,0.0,0.0
357,614,80,151,230,True,True,44,44,9,60,1,0.0,1.0,1.3636363636363635,0.20454545454545456,1.3636363636363635
357,615,80,151,258,True,True,44,44,3,14,1,0.0,1.0,0.3181818181818182,0.06818181818181818,0.3181818181818182
357,616,80,151,268,True,False,44,44,0,0,0,0.0,0.0,0.0,0.0,0.0
357,617,80,151,311,True,True,44,44,21,201,3,0.0,4.0,4.568181818181818,0.4772727272727273,4.568181818181818
357,618,80,151,390,True,True,44,44,12,31,2,0.0,1.0,0.7045454545454546,0.2727272727272727,0.7045454545454546
357,619,80,151,494,True,False,44,44,0,0,0,0.0,0.0,0.0,0.0,0.0
358,722,80,171,4,True,True,239,239,8,104,1,3.0,8.0,0.4351464435146444,0.03347280334728033,0.4351464435146444
358,723,80,171,8,True,False,239,239,0,0,0,0.0,0.0,0.0,0.0,0.0
358,724,80,171,26,True,False,239,239,0,0,0,0.0,0.0,0.0,0.0,0.0
358,725,80,171,42,True,False,239,239,0,0,0,0.0,0.0,0.0,0.0,0.0
358,726,80,171,109,True,False,239,239,0,0,0,0.0,0.0,0.0,0.0,0.0
358,727,80,171,118,True,True,239,239,14,155,1,0.0,1.0,0.6485355648535565,0.058577405857740586,0.6485355648535565
358,728,80,171,138,True,True,239,239,55,585,5,0.0,5.0,2.4476987447698746,0.2301255230125523,2.4476987447698746
358,729,80,171,151,True,True,239,239,1,5,1,0.0,0.0,0.02092050209205021,0.0041841004184100415,0.02092050209205021
358,730,80,171,163,True,False,239,239,0,0,0,0.0,0.0,0.0,0.0,0.0
358,731,80,171,164,True,False,239,239,0,0,0,0.0,0.0,0.0,0.0,0.0
358,732,80,171,172,True,False,239,239,0,0,0,0.0,0.0,0.0,0.0,0.0
358,733,80,171,173,True,True,239,239,113,612,9,0.0,2.0,2.5606694560669454,0.47280334728033474,2.5606694560669454
358,734,80,171,180,True,False,239,239,0,0,0,0.0,0.0,0.0,0.0,0.0
358,735,80,171,259,True,False,239,239,0,0,0,0.0,0.0,0.0,0.0,0.0
358,736,80,171,271,True,True,239,239,50,187,4,0.0,2.0,0.7824267782426778,0.20920502092050208,0.7824267782426778
358,737,80,171,288,True,False,239,239,0,0,0,0.0,0.0,0.0,0.0,0.0
358,738,80,171,297,True,True,239,239,10,36,1,0.0,2.0,0.1506276150627615,0.04184100418410042,0.1506276150627615
358,739,80,171,410,True,True,239,239,20,67,2,0.0,3.0,0.2803347280334728,0.08368200836820083,0.2803347280334728
359,912,80,230,4,True,True,43,43,18,261,2,1.0,7.0,6.069767441860465,0.4186046511627907,6.069767441860465
359,913,80,230,8,True,False,43,43,0,0,0,0.0,0.0,0.0,0.0,0.0
359,914,80,230,22,True,True,43,43,15,190,1,0.0,2.0,4.4186046511627906,0.3488372093023256,4.4186046511627906
359,915,80,230,50,True,False,43,43,0,0,0,0.0,0.0,0.0,0.0,0.0
359,916,80,230,79,True,False,43,43,0,0,0,0.0,0.0,0.0,0.0,0.0
359,917,80,230,80,True,True,43,43,3,8,2,0.0,0.0,0.18604651162790697,0.06976744186046512,0.18604651162790697
359,918,80,230,100,True,False,43,43,0,0,0,0.0,0.0,0.0,0.0,0.0
359,919,80,230,149,True,False,43,43,0,0,0,0.0,0.0,0.0,0.0,0.0
359,920,80,230,151,True,False,43,43,0,0,0,0.0,0.0,0.0,0.0,0.0
359,921,80,230,171,True,False,43,43,0,0,0,0.0,0.0,0.0,0.0,0.0
359,922,80,230,184,True,False,43,43,0,0,0,0.0,0.0,0.0,0.0,0.0
359,923,80,230,288,True,False,43,43,0,0,0,0.0,0.0,0.0,0.0,0.0
359,924,80,230,311,True,False,43,43,0,0,0,0.0,0.0,0.0,0.0,0.0
359,925,80,230,390,True,True,43,43,12,86,3,0.0,0.0,2.0,0.27906976744186046,2.0
359,926,80,230,485,True,False,43,43,0,0,0,0.0,0.0,0.0,0.0,0.0
360,1039,80,258,2,True,False,32,32,0,0,0,0.0,0.0,0.0,0.0,0.0
360,1040,80,258,22,True,True,32,32,9,36,1,0.0,2.0,1.125,0.28125,1.125
360,1041,80,258,61,True,False,32,32,0,0,0,0.0,0.0,0.0,0.0,0.0
360,1042,80,258,80,True,True,32,32,4,4,1,0.0,0.0,0.125,0.125,0.125
360,1043,80,258,126,True,False,32,32,0,0,0,0.0,0.0,0.0,0.0,0.0
360,1044,80,258,151,True,False,32,32,0,0,0,0.0,0.0,0.0,0.0,0.0
360,1045,80,258,175,True,True,32,32,27,317,6,0.0,3.0,9.90625,0.84375,9.90625
360,1046,80,258,311,True,True,32,32,5,17,2,0.0,0.0,0.53125,0.15625,0.53125
360,1047,80,258,390,True,False,32,32,0,0,0,0.0,0.0,0.0,0.0,0.0
360,1048,80,258,415,True,True,32,32,4,4,1,0.0,0.0,0.125,0.125,0.125
361,1099,80,268,112,True,True,503,503,13,60,2,0.0,1.0,0.11928429423459244,0.02584493041749503,0.11928429423459244
361,1100,80,268,171,True,True,503,503,22,85,3,0.0,0.0,0.16898608349900596,0.0437375745526839,0.16898608349900596
361,1101,80,268,173,True,True,503,503,40,160,2,0.0,1.0,0.31809145129224653,0.07952286282306163,0.31809145129224653
361,1102,80,268,205,True,False,503,503,0,0,0,0.0,0.0,0.0,0.0,0.0
361,1103,80,268,271,True,True,503,503,275,1185,17,0.0,3.0,2.355864811133201,0.5467196819085487,2.355864811133201
361,1104,80,268,297,True,True,503,503,388,2515,23,0.0,2.0,5.0,0.7713717693836978,5.0
361,1105,80,268,371,True,True,503,503,8,8,1,0.0,2.0,0.015904572564612324,0.015904572564612324,0.015904572564612324
361,1106,80,268,390,True,True,503,503,1,1,1,0.0,0.0,0.0019880715705765406,0.0019880715705765406,0.0019880715705765406
361,1107,80,268,410,True,True,503,503,67,320,5,0.0,2.0,0.6361829025844931,0.13320079522862824,0.6361829025844931
362,1202,80,297,1,True,False,5,5,0,0,0,0.0,0.0,0.0,0.0,0.0
362,1203,80,297,42,True,False,5,5,0,0,0,0.0,0.0,0.0,0.0,0.0
362,1204,80,297,56,True,False,5,5,0,0,0,0.0,0.0,0.0,0.0,0.0
362,1205,80,297,63,True,False,5,5,0,0,0,0.0,0.0,0.0,0.0,0.0
362,1206,80,297,112,True,False,5,5,0,0,0,0.0,0.0,0.0,0.0,0.0
362,1207,80,297,118,True,False,5,5,0,0,0,0.0,0.0,0.0,0.0,0.0
362,1208,80,297,151,True,True,5,5,1,1,1,10.0,10.0,0.2,0.2,0.2
362,1209,80,297,163,True,False,5,5,0,0,0,0.0,0.0,0.0,0.0,0.0
362,1210,80,297,222,True,False,5,5,0,0,0,0.0,0.0,0.0,0.0,0.0
362,1211,80,297,259,True,False,5,5,0,0,0,0.0,0.0,0.0,0.0,0.0
362,1212,80,297,271,True,True,5,5,2,4,2,0.0,0.0,0.8,0.4,0.8
362,1213,80,297,371,True,False,5,5,0,0,0,0.0,0.0,0.0,0.0,0.0
362,1214,80,297,382,True,True,5,5,1,14,1,6.0,9.0,2.8,0.2,2.8
362,1215,80,297,410,True,False,5,5,0,0,0,0.0,0.0,0.0,0.0,0.0
362,1216,80,297,414,True,False,5,5,0,0,0,0.0,0.0,0.0,0.0,0.0
362,1217,80,297,497,True,False,5,5,0,0,0,0.0,0.0,0.0,0.0,0.0
363,1240,80,311,4,True,False,152,152,0,0,0,0.0,0.0,0.0,0.0,0.0
363,1241,80,311,80,True,True,152,152,14,22,4,0.0,0.0,0.14473684210526316,0.09210526315789473,0.14473684210526316
363,1242,80,311,118,True,True,152,152,34,221,3,0.0,7.0,1.4539473684210527,0.2236842105263158,1.4539473684210527
363,1243,80,311,138,True,True,152,152,23,252,4,0.0,2.0,1.6578947368421053,0.1513157894736842,1.6578947368421053
363,1244,80,311,149,True,True,152,152,4,8,1,0.0,0.0,0.05263157894736842,0.02631578947368421,0.05263157894736842
363,1245,80,311,151,True,False,152,152,0,0,0,0.0,0.0,0.0,0.0,0.0
363,1246,80,311,163,True,False,152,152,0,0,0,0.0,0.0,0.0,0.0,0.0
363,1247,80,311,171,True,True,152,152,28,263,4,0.0,5.0,1.730263157894737,0.18421052631578946,1.730263157894737
363,1248,80,311,288,True,True,152,152,7,84,1,3.0,7.0,0.5526315789473685,0.046052631578947366,0.5526315789473685
363,1249,80,311,371,True,False,152,152,0,0,0,0.0,0.0,0.0,0.0,0.0
363,1250,80,311,390,True,True,152,152,13,81,3,0.0,0.0,0.5328947368421053,0.08552631578947369,0.5328947368421053
363,1251,80,311,415,True,True,152,152,9,20,1,0.0,1.0,0.13157894736842105,0.05921052631578947,0.13157894736842105
364,1553,80,390,2,True,False,143,143,0,0,0,0.0,0.0,0.0,0.0,0.0
364,1554,80,390,8,True,False,143,143,0,0,0,0.0,0.0,0.0,0.0,0.0
364,1555,80,390,22,True,True,143,143,48,488,6,0.0,2.0,3.4125874125874125,0.3356643356643357,3.4125874125874125
364,1556,80,390,79,True,False,143,143,0,0,0,0.0,0.0,0.0,0.0,0.0
364,1557,80,390,80,True,True,143,143,23,54,5,0.0,0.0,0.3776223776223776,0.16083916083916083,0.3776223776223776
364,1558,80,390,138,True,False,143,143,0,0,0,0.0,0.0,0.0,0.0,0.0
364,1559,80,390,149,True,False,143,143,0,0,0,0.0,0.0,0.0,0.0,0.0
364,1560,80,390,151,True,True,143,143,9,40,2,0.0,0.0,0.27972027972027974,0.06293706293706294,0.27972027972027974
364,1561,80,390,171,True,True,143,143,4,8,1,0.0,0.0,0.055944055944055944,0.027972027972027972,0.055944055944055944
364,1562,80,390,175,True,True,143,143,3,30,1,5.0,8.0,0.2097902097902098,0.02097902097902098,0.2097902097902098
364,1563,80,390,230,True,False,143,143,0,0,0,0.0,0.0,0.0,0.0,0.0
364,1564,80,390,258,True,True,143,143,31,178,6,0.0,1.0,1.2447552447552448,0.21678321678321677,1.2447552447552448
364,1565,80,390,268,True,True,143,143,18,74,3,0.0,0.0,0.5174825174825175,0.1258741258741259,0.5174825174825175
364,1566,80,390,294,True,True,143,143,12,59,2,0.0,4.0,0.4125874125874126,0.08391608391608392,0.4125874125874126
364,1567,80,390,311,True,True,143,143,41,277,7,0.0,1.0,1.937062937062937,0.2867132867132867,1.937062937062937
365,1651,80,415,7,True,False,7,7,0,0,0,0.0,0.0,0.0,0.0,0.0
365,1652,80,415,80,True,False,7,7,0,0,0,0.0,0.0,0.0,0.0,0.0
365,1653,80,415,117,True,False,7,7,0,0,0,0.0,0.0,0.0,0.0,0.0
365,1654,80,415,133,True,False,7,7,0,0,0,0.0,0.0,0.0,0.0,0.0
365,1655,80,415,149,True,False,7,7,0,0,0,0.0,0.0,0.0,0.0,0.0
365,1656,80,415,151,True,False,7,7,0,0,0,0.0,0.0,0.0,0.0,0.0
365,1657,80,415,175,True,False,7,7,0,0,0,0.0,0.0,0.0,0.0,0.0
365,1658,80,415,196,True,False,7,7,0,0,0,0.0,0.0,0.0,0.0,0.0
365,1659,80,415,258,True,False,7,7,0,0,0,0.0,0.0,0.0,0.0,0.0
365,1660,80,415,263,True,False,7,7,0,0,0,0.0,0.0,0.0,0.0,0.0
365,1661,80,415,268,True,False,7,7,0,0,0,0.0,0.0,0.0,0.0,0.0
365,1662,80,415,311,True,True,7,7,1,1,1,0.0,0.0,0.14285714285714285,0.14285714285714285,0.14285714285714285
365,1663,80,415,315,True,False,7,7,0,0,0,0.0,0.0,0.0,0.0,0.0
365,1664,80,415,387,True,False,7,7,0,0,0,0.0,0.0,0.0,0.0,0.0
365,1665,80,415,390,True,True,7,7,4,28,1,0.0,0.0,4.0,0.5714285714285714,4.0
365,1666,80,415,509,True,False,7,7,0,0,0,0.0,0.0,0.0,0.0,0.0
366,156,84,24,37,True,True,79,79,10,17,1,0.0,3.0,0.21518987341772153,0.12658227848101267,0.21518987341772153
366,157,84,24,84,True,True,79,79,9,57,2,0.0,1.0,0.7215189873417721,0.11392405063291139,0.7215189873417721
366,158,84,24,224,True,False,79,79,0,0,0,0.0,0.0,0.0,0.0,0.0
366,159,84,24,227,True,False,79,79,0,0,0,0.0,0.0,0.0,0.0,0.0
366,160,84,24,304,True,True,79,79,12,48,2,2.0,5.5,0.6075949367088608,0.1518987341772152,0.6075949367088608
367,281,84,58,13,True,True,5,5,1,1,1,10.0,10.0,0.2,0.2,0.2
367,282,84,58,21,True,False,5,5,0,0,0,0.0,0.0,0.0,0.0,0.0
367,283,84,58,84,True,False,5,5,0,0,0,0.0,0.0,0.0,0.0,0.0
367,284,84,58,129,True,True,5,5,1,5,1,6.0,7.0,1.0,0.2,1.0
367,285,84,58,156,True,False,5,5,0,0,0,0.0,0.0,0.0,0.0,0.0
367,286,84,58,179,True,True,5,5,3,12,1,5.0,7.0,2.4,0.6,2.4
367,287,84,58,186,True,False,5,5,0,0,0,0.0,0.0,0.0,0.0,0.0
367,288,84,58,243,True,False,5,5,0,0,0,0.0,0.0,0.0,0.0,0.0
367,289,84,58,245,True,True,5,5,5,24,3,6.0,8.0,4.8,1.0,4.8
367,290,84,58,381,True,False,5,5,0,0,0,0.0,0.0,0.0,0.0,0.0
367,291,84,58,389,True,False,5,5,0,0,0,0.0,0.0,0.0,0.0,0.0
367,292,84,58,449,True,False,5,5,0,0,0,0.0,0.0,0.0,0.0,0.0
368,437,84,115,58,True,True,141,141,58,708,6,0.0,2.0,5.0212765957446805,0.41134751773049644,5.0212765957446805
368,438,84,115,84,True,True,141,141,28,201,5,0.0,1.0,1.425531914893617,0.19858156028368795,1.425531914893617
368,439,84,115,85,True,False,141,141,0,0,0,0.0,0.0,0.0,0.0,0.0
368,440,84,115,217,True,True,141,141,5,65,1,0.0,2.0,0.46099290780141844,0.03546099290780142,0.46099290780141844
368,441,84,115,316,True,False,141,141,0,0,0,0.0,0.0,0.0,0.0,0.0
368,442,84,115,375,True,False,141,141,0,0,0,0.0,0.0,0.0,0.0,0.0
368,443,84,115,389,True,False,141,141,0,0,0,0.0,0.0,0.0,0.0,0.0
368,444,84,115,402,True,False,141,141,0,0,0,0.0,0.0,0.0,0.0,0.0
368,445,84,115,474,True,False,141,141,0,0,0,0.0,0.0,0.0,0.0,0.0
369,1269,84,316,84,True,True,14,14,5,65,1,0.0,2.0,4.642857142857143,0.35714285714285715,4.642857142857143
369,1270,84,316,115,True,False,14,14,0,0,0,0.0,0.0,0.0,0.0,0.0
369,1271,84,316,125,True,False,14,14,0,0,0,0.0,0.0,0.0,0.0,0.0
369,1272,84,316,147,True,False,14,14,0,0,0,0.0,0.0,0.0,0.0,0.0
369,1273,84,316,217,True,True,14,14,9,101,1,0.0,1.0,7.214285714285714,0.6428571428571429,7.214285714285714
369,1274,84,316,309,True,False,14,14,0,0,0,0.0,0.0,0.0,0.0,0.0
369,1275,84,316,341,True,False,14,14,0,0,0,0.0,0.0,0.0,0.0,0.0
369,1276,84,316,361,True,False,14,14,0,0,0,0.0,0.0,0.0,0.0,0.0
369,1277,84,316,385,True,False,14,14,0,0,0,0.0,0.0,0.0,0.0,0.0
369,1278,84,316,389,True,False,14,14,0,0,0,0.0,0.0,0.0,0.0,0.0
369,1279,84,316,402,True,False,14,14,0,0,0,0.0,0.0,0.0,0.0,0.0
369,1280,84,316,404,True,False,14,14,0,0,0,0.0,0.0,0.0,0.0,0.0
369,1281,84,316,474,True,False,14,14,0,0,0,0.0,0.0,0.0,0.0,0.0
370,1521,84,385,23,True,False,27,27,0,0,0,0.0,0.0,0.0,0.0,0.0
370,1522,84,385,24,True,True,27,27,3,9,1,3.0,4.0,0.3333333333333333,0.1111111111111111,0.3333333333333333
370,1523,84,385,84,True,True,27,27,3,27,1,0.0,3.0,1.0,0.1111111111111111,1.0
370,1524,84,385,85,True,False,27,27,0,0,0,0.0,0.0,0.0,0.0,0.0
370,1525,84,385,157,True,False,27,27,0,0,0,0.0,0.0,0.0,0.0,0.0
370,1526,84,385,217,True,True,27,27,3,20,1,0.0,1.0,0.7407407407407407,0.1111111111111111,0.7407407407407407
370,1527,84,385,224,True,False,27,27,0,0,0,0.0,0.0,0.0,0.0,0.0
370,1528,84,385,243,True,False,27,27,0,0,0,0.0,0.0,0.0,0.0,0.0
370,1529,84,385,296,True,False,27,27,0,0,0,0.0,0.0,0.0,0.0,0.0
370,1530,84,385,316,True,False,27,27,0,0,0,0.0,0.0,0.0,0.0,0.0
370,1531,84,385,389,True,False,27,27,0,0,0,0.0,0.0,0.0,0.0,0.0
370,1532,84,385,402,True,True,27,27,14,106,3,0.0,2.0,3.925925925925926,0.5185185185185185,3.925925925925926
370,1533,84,385,474,True,True,27,27,8,11,2,0.0,0.0,0.4074074074074074,0.2962962962962963,0.4074074074074074
371,1543,84,389,23,True,False,58,58,0,0,0,0.0,0.0,0.0,0.0,0.0
371,1544,84,389,58,True,True,58,58,14,209,1,0.0,4.0,3.603448275862069,0.2413793103448276,3.603448275862069
371,1545,84,389,84,True,True,58,58,20,200,2,0.0,2.0,3.4482758620689653,0.3448275862068966,3.4482758620689653
371,1546,84,389,85,True,False,58,58,0,0,0,0.0,0.0,0.0,0.0,0.0
371,1547,84,389,115,True,True,58,58,5,15,1,0.0,0.0,0.25862068965517243,0.08620689655172414,0.25862068965517243
371,1548,84,389,157,True,False,58,58,0,0,0,0.0,0.0,0.0,0.0,0.0
371,1549,84,389,208,True,False,58,58,0,0,0,0.0,0.0,0.0,0.0,0.0
371,1550,84,389,296,True,True,58,58,9,55,1,6.0,9.0,0.9482758620689655,0.15517241379310345,0.9482758620689655
371,1551,84,389,385,True,False,58,58,0,0,0,0.0,0.0,0.0,0.0,0.0
371,1552,84,389,474,True,False,58,58,0,0,0,0.0,0.0,0.0,0.0,0.0
372,1583,84,402,7,True,False,99,99,0,0,0,0.0,0.0,0.0,0.0,0.0
372,1584,84,402,24,True,True,99,99,37,268,5,0.0,6.0,2.707070707070707,0.37373737373737376,2.707070707070707
372,1585,84,402,77,True,True,99,99,15,221,2,0.0,4.0,2.2323232323232323,0.15151515151515152,2.2323232323232323
372,1586,84,402,84,True,True,99,99,39,189,8,0.0,3.0,1.9090909090909092,0.3939393939393939,1.9090909090909092
372,1587,84,402,98,True,True,99,99,5,19,1,0.0,2.0,0.1919191919191919,0.050505050505050504,0.1919191919191919
372,1588,84,402,115,True,True,99,99,20,72,4,0.0,0.0,0.7272727272727273,0.20202020202020202,0.7272727272727273
372,1589,84,402,147,True,False,99,99,0,0,0,0.0,0.0,0.0,0.0,0.0
372,1590,84,402,217,True,True,99,99,15,15,2,0.0,6.0,0.15151515151515152,0.15151515151515152,0.15151515151515152
372,1591,84,402,247,True,False,99,99,0,0,0,0.0,0.0,0.0,0.0,0.0
372,1592,84,402,309,True,False,99,99,0,0,0,0.0,0.0,0.0,0.0,0.0
372,1593,84,402,316,True,True,99,99,16,183,3,0.0,5.0,1.8484848484848484,0.16161616161616163,1.8484848484848484
372,1594,84,402,352,True,False,99,99,0,0,0,0.0,0.0,0.0,0.0,0.0
372,1595,84,402,375,True,True,99,99,4,40,1,2.0,5.5,0.40404040404040403,0.04040404040404041,0.40404040404040403
372,1596,84,402,385,True,False,99,99,0,0,0,0.0,0.0,0.0,0.0,0.0
372,1597,84,402,474,True,False,99,99,0,0,0,0.0,0.0,0.0,0.0,0.0
373,1782,84,474,7,True,False,32,32,0,0,0,0.0,0.0,0.0,0.0,0.0
373,1783,84,474,37,True,False,32,32,0,0,0,0.0,0.0,0.0,0.0,0.0
373,1784,84,474,39,True,False,32,32,0,0,0,0.0,0.0,0.0,0.0,0.0
373,1785,84,474,58,True,False,32,32,0,0,0,0.0,0.0,0.0,0.0,0.0
373,1786,84,474,84,True,False,32,32,0,0,0,0.0,0.0,0.0,0.0,0.0
373,1787,84,474,88,True,False,32,32,0,0,0,0.0,0.0,0.0,0.0,0.0
373,1788,84,474,115,True,False,32,32,0,0,0,0.0,0.0,0.0,0.0,0.0
373,1789,84,474,125,True,False,32,32,0,0,0,0.0,0.0,0.0,0.0,0.0
373,1790,84,474,143,True,False,32,32,0,0,0,0.0,0.0,0.0,0.0,0.0
373,1791,84,474,217,True,True,32,32,11,77,2,0.0,0.0,2.40625,0.34375,2.40625
373,1792,84,474,243,True,False,32,32,0,0,0,0.0,0.0,0.0,0.0,0.0
373,1793,84,474,261,True,False,32,32,0,0,0,0.0,0.0,0.0,0.0,0.0
373,1794,84,474,279,True,False,32,32,0,0,0,0.0,0.0,0.0,0.0,0.0
373,1795,84,474,309,True,False,32,32,0,0,0,0.0,0.0,0.0,0.0,0.0
373,1796,84,474,317,True,False,32,32,0,0,0,0.0,0.0,0.0,0.0,0.0
373,1797,84,474,321,True,False,32,32,0,0,0,0.0,0.0,0.0,0.0,0.0
373,1798,84,474,385,True,True,32,32,23,153,4,0.0,0.0,4.78125,0.71875,4.78125
373,1799,84,474,389,True,False,32,32,0,0,0,0.0,0.0,0.0,0.0,0.0
373,1800,84,474,402,True,True,32,32,4,12,1,0.0,0.0,0.375,0.125,0.375
374,366,85,84,24,True,False,7,7,0,0,0,0.0,0.0,0.0,0.0,0.0
374,367,85,84,58,True,False,7,7,0,0,0,0.0,0.0,0.0,0.0,0.0
374,368,85,84,115,True,False,7,7,0,0,0,0.0,0.0,0.0,0.0,0.0
374,369,85,84,316,True,True,7,7,1,5,1,0.0,0.0,0.7142857142857143,0.14285714285714285,0.7142857142857143
374,370,85,84,385,True,False,7,7,0,0,0,0.0,0.0,0.0,0.0,0.0
374,371,85,84,389,True,True,7,7,6,42,1,0.0,0.0,6.0,0.8571428571428571,6.0
374,372,85,84,402,True,False,7,7,0,0,0,0.0,0.0,0.0,0.0,0.0
374,373,85,84,474,True,False,7,7,0,0,0,0.0,0.0,0.0,0.0,0.0
375,387,85,98,84,True,False,26,26,0,0,0,0.0,0.0,0.0,0.0,0.0
375,388,85,98,85,True,False,26,26,0,0,0,0.0,0.0,0.0,0.0,0.0
375,389,85,98,240,True,False,26,26,0,0,0,0.0,0.0,0.0,0.0,0.0
375,390,85,98,252,True,False,26,26,0,0,0,0.0,0.0,0.0,0.0,0.0
375,391,85,98,402,True,False,26,26,0,0,0,0.0,0.0,0.0,0.0,0.0
376,437,85,115,58,True,True,159,159,52,614,6,0.0,3.0,3.861635220125786,0.3270440251572327,3.861635220125786
376,438,85,115,84,True,True,159,159,1,1,1,0.0,0.0,0.006289308176100629,0.006289308176100629,0.006289308176100629
376,439,85,115,85,True,True,159,159,20,70,4,0.0,0.0,0.44025157232704404,0.12578616352201258,0.44025157232704404
376,440,85,115,217,True,False,159,159,0,0,0,0.0,0.0,0.0,0.0,0.0
376,441,85,115,316,True,True,159,159,1,4,1,0.0,0.0,0.025157232704402517,0.006289308176100629,0.025157232704402517
376,442,85,115,375,True,True,159,159,4,56,1,0.0,4.0,0.3522012578616352,0.025157232704402517,0.3522012578616352
376,443,85,115,389,True,True,159,159,2,8,1,0.0,0.0,0.050314465408805034,0.012578616352201259,0.050314465408805034
376,444,85,115,402,True,False,159,159,0,0,0,0.0,0.0,0.0,0.0,0.0
376,445,85,115,474,True,False,159,159,0,0,0,0.0,0.0,0.0,0.0,0.0
377,688,85,167,7,True,False,8,8,0,0,0,0.0,0.0,0.0,0.0,0.0
377,689,85,167,88,True,False,8,8,0,0,0,0.0,0.0,0.0,0.0,0.0
377,690,85,167,133,True,False,8,8,0,0,0,0.0,0.0,0.0,0.0,0.0
377,691,85,167,143,True,False,8,8,0,0,0,0.0,0.0,0.0,0.0,0.0
377,692,85,167,157,True,False,8,8,0,0,0,0.0,0.0,0.0,0.0,0.0
377,693,85,167,161,True,False,8,8,0,0,0,0.0,0.0,0.0,0.0,0.0
377,694,85,167,196,True,False,8,8,0,0,0,0.0,0.0,0.0,0.0,0.0
377,695,85,167,261,True,False,8,8,0,0,0,0.0,0.0,0.0,0.0,0.0
377,696,85,167,279,True,False,8,8,0,0,0,0.0,0.0,0.0,0.0,0.0
377,697,85,167,290,True,False,8,8,0,0,0,0.0,0.0,0.0,0.0,0.0
377,698,85,167,316,True,False,8,8,0,0,0,0.0,0.0,0.0,0.0,0.0
377,699,85,167,432,True,False,8,8,0,0,0,0.0,0.0,0.0,0.0,0.0
377,700,85,167,440,True,False,8,8,0,0,0,0.0,0.0,0.0,0.0,0.0
377,701,85,167,474,True,False,8,8,0,0,0,0.0,0.0,0.0,0.0,0.0
377,702,85,167,509,True,False,8,8,0,0,0,0.0,0.0,0.0,0.0,0.0
378,942,85,240,85,True,True,125,125,1,5,1,0.0,0.0,0.04,0.008,0.04
378,943,85,240,98,True,False,125,125,0,0,0,0.0,0.0,0.0,0.0,0.0
378,944,85,240,208,True,False,125,125,0,0,0,0.0,0.0,0.0,0.0,0.0
378,945,85,240,296,True,True,125,125,18,59,3,7.0,10.0,0.472,0.144,0.472
379,1075,85,262,13,True,False,6,6,0,0,0,0.0,0.0,0.0,0.0,0.0
379,1076,85,262,85,True,False,6,6,0,0,0,0.0,0.0,0.0,0.0,0.0
379,1077,85,262,129,True,False,6,6,0,0,0,0.0,0.0,0.0,0.0,0.0
379,1078,85,262,179,True,False,6,6,0,0,0,0.0,0.0,0.0,0.0,0.0
379,1079,85,262,247,True,False,6,6,0,0,0,0.0,0.0,0.0,0.0,0.0
379,1080,85,262,381,True,True,6,6,3,10,1,8.0,10.0,1.6666666666666667,0.5,1.6666666666666667
379,1081,85,262,487,True,False,6,6,0,0,0,0.0,0.0,0.0,0.0,0.0
380,1228,85,309,6,True,False,14,14,0,0,0,0.0,0.0,0.0,0.0,0.0
380,1229,85,309,24,True,False,14,14,0,0,0,0.0,0.0,0.0,0.0,0.0
380,1230,85,309,125,True,False,14,14,0,0,0,0.0,0.0,0.0,0.0,0.0
380,1231,85,309,147,True,True,14,14,5,51,1,4.0,8.0,3.642857142857143,0.35714285714285715,3.642857142857143
380,1232,85,309,217,True,False,14,14,0,0,0,0.0,0.0,0.0,0.0,0.0
380,1233,85,309,224,True,False,14,14,0,0,0,0.0,0.0,0.0,0.0,0.0
380,1234,85,309,227,True,False,14,14,0,0,0,0.0,0.0,0.0,0.0,0.0
380,1235,85,309,316,True,False,14,14,0,0,0,0.0,0.0,0.0,0.0,0.0
380,1236,85,309,352,True,False,14,14,0,0,0,0.0,0.0,0.0,0.0,0.0
380,1237,85,309,361,True,False,14,14,0,0,0,0.0,0.0,0.0,0.0,0.0
380,1238,85,309,387,True,False,14,14,0,0,0,0.0,0.0,0.0,0.0,0.0
380,1239,85,309,474,True,False,14,14,0,0,0,0.0,0.0,0.0,0.0,0.0
381,1384,85,352,24,True,False,28,28,0,0,0,0.0,0.0,0.0,0.0,0.0
381,1385,85,352,85,True,False,28,28,0,0,0,0.0,0.0,0.0,0.0,0.0
381,1386,85,352,98,True,False,28,28,0,0,0,0.0,0.0,0.0,0.0,0.0
381,1387,85,352,115,True,False,28,28,0,0,0,0.0,0.0,0.0,0.0,0.0
381,1388,85,352,167,True,True,28,28,11,29,1,0.0,1.0,1.0357142857142858,0.39285714285714285,1.0357142857142858
381,1389,85,352,217,True,False,28,28,0,0,0,0.0,0.0,0.0,0.0,0.0
381,1390,85,352,263,True,False,28,28,0,0,0,0.0,0.0,0.0,0.0,0.0
381,1391,85,352,309,True,False,28,28,0,0,0,0.0,0.0,0.0,0.0,0.0
381,1392,85,352,316,True,False,28,28,0,0,0,0.0,0.0,0.0,0.0,0.0
381,1393,85,352,361,True,False,28,28,0,0,0,0.0,0.0,0.0,0.0,0.0
381,1394,85,352,402,True,False,28,28,0,0,0,0.0,0.0,0.0,0.0,0.0
381,1395,85,352,404,True,False,28,28,0,0,0,0.0,0.0,0.0,0.0,0.0
381,1396,85,352,474,True,False,28,28,0,0,0,0.0,0.0,0.0,0.0,0.0
381,1397,85,352,494,True,False,28,28,0,0,0,0.0,0.0,0.0,0.0,0.0
382,1462,85,375,28,True,False,77,77,0,0,0,0.0,0.0,0.0,0.0,0.0
382,1463,85,375,161,True,False,77,77,0,0,0,0.0,0.0,0.0,0.0,0.0
382,1464,85,375,163,True,True,77,77,30,75,2,0.0,3.0,0.974025974025974,0.38961038961038963,0.974025974025974
382,1465,85,375,167,True,False,77,77,0,0,0,0.0,0.0,0.0,0.0,0.0
382,1466,85,375,271,True,False,77,77,0,0,0,0.0,0.0,0.0,0.0,0.0
382,1467,85,375,355,True,False,77,77,0,0,0,0.0,0.0,0.0,0.0,0.0
382,1468,85,375,369,True,True,77,77,21,227,2,0.0,2.0,2.948051948051948,0.2727272727272727,2.948051948051948
382,1469,85,375,410,True,False,77,77,0,0,0,0.0,0.0,0.0,0.0,0.0
382,1470,85,375,429,True,False,77,77,0,0,0,0.0,0.0,0.0,0.0,0.0
383,1543,85,389,23,True,False,7,7,0,0,0,0.0,0.0,0.0,0.0,0.0
383,1544,85,389,58,True,False,7,7,0,0,0,0.0,0.0,0.0,0.0,0.0
383,1545,85,389,84,True,False,7,7,0,0,0,0.0,0.0,0.0,0.0,0.0
383,1546,85,389,85,True,False,7,7,0,0,0,0.0,0.0,0.0,0.0,0.0
383,1547,85,389,115,True,False,7,7,0,0,0,0.0,0.0,0.0,0.0,0.0
383,1548,85,389,157,True,False,7,7,0,0,0,0.0,0.0,0.0,0.0,0.0
383,1549,85,389,208,True,False,7,7,0,0,0,0.0,0.0,0.0,0.0,0.0
383,1550,85,389,296,True,True,7,7,7,21,2,8.0,10.0,3.0,1.0,3.0
383,1551,85,389,385,True,False,7,7,0,0,0,0.0,0.0,0.0,0.0,0.0
383,1552,85,389,474,True,False,7,7,0,0,0,0.0,0.0,0.0,0.0,0.0
384,141,88,23,7,True,False,140,140,0,0,0,0.0,0.0,0.0,0.0,0.0
384,142,88,23,24,True,False,140,140,0,0,0,0.0,0.0,0.0,0.0,0.0
384,143,88,23,85,True,False,140,140,0,0,0,0.0,0.0,0.0,0.0,0.0
384,144,88,23,88,True,True,140,140,44,343,4,0.0,1.0,2.45,0.3142857142857143,2.45
384,145,88,23,143,True,True,140,140,12,35,1,0.0,2.0,0.25,0.08571428571428572,0.25
384,146,88,23,157,True,True,140,140,47,259,4,0.0,1.0,1.85,0.3357142857142857,1.85
384,147,88,23,247,True,False,140,140,0,0,0,0.0,0.0,0.0,0.0,0.0
384,148,88,23,262,True,False,140,140,0,0,0,0.0,0.0,0.0,0.0,0.0
384,149,88,23,279,True,True,140,140,38,365,3,0.0,4.0,2.607142857142857,0.2714285714285714,2.607142857142857
384,150,88,23,309,True,False,140,140,0,0,0,0.0,0.0,0.0,0.0,0.0
384,151,88,23,316,True,False,140,140,0,0,0,0.0,0.0,0.0,0.0,0.0
384,152,88,23,385,True,False,140,140,0,0,0,0.0,0.0,0.0,0.0,0.0
384,153,88,23,389,True,False,140,140,0,0,0,0.0,0.0,0.0,0.0,0.0
384,154,88,23,402,True,False,140,140,0,0,0,0.0,0.0,0.0,0.0,0.0
384,155,88,23,474,True,False,140,140,0,0,0,0.0,0.0,0.0,0.0,0.0
385,636,88,157,28,True,True,225,225,15,225,1,0.0,5.0,1.0,0.06666666666666667,1.0
385,637,88,157,77,True,False,225,225,0,0,0,0.0,0.0,0.0,0.0,0.0
385,638,88,157,79,True,False,225,225,0,0,0,0.0,0.0,0.0,0.0,0.0
385,639,88,157,84,True,False,225,225,0,0,0,0.0,0.0,0.0,0.0,0.0
385,640,88,157,85,True,False,225,225,0,0,0,0.0,0.0,0.0,0.0,0.0
385,641,88,157,88,True,True,225,225,75,486,7,0.0,2.0,2.16,0.3333333333333333,2.16
385,642,88,157,143,True,False,225,225,0,0,0,0.0,0.0,0.0,0.0,0.0
385,643,88,157,161,True,True,225,225,27,121,1,0.0,2.0,0.5377777777777778,0.12,0.5377777777777778
385,644,88,157,167,True,False,225,225,0,0,0,0.0,0.0,0.0,0.0,0.0
385,645,88,157,196,True,False,225,225,0,0,0,0.0,0.0,0.0,0.0,0.0
385,646,88,157,229,True,False,225,225,0,0,0,0.0,0.0,0.0,0.0,0.0
385,647,88,157,230,True,False,225,225,0,0,0,0.0,0.0,0.0,0.0,0.0
385,648,88,157,279,True,False,225,225,0,0,0,0.0,0.0,0.0,0.0,0.0
385,649,88,157,315,True,False,225,225,0,0,0,0.0,0.0,0.0,0.0,0.0
385,650,88,157,375,True,True,225,225,19,135,3,0.0,5.0,0.6,0.08444444444444445,0.6
385,651,88,157,389,True,False,225,225,0,0,0,0.0,0.0,0.0,0.0,0.0
385,652,88,157,402,True,False,225,225,0,0,0,0.0,0.0,0.0,0.0,0.0
385,653,88,157,432,True,False,225,225,0,0,0,0.0,0.0,0.0,0.0,0.0
385,654,88,157,440,True,False,225,225,0,0,0,0.0,0.0,0.0,0.0,0.0
385,655,88,157,474,True,False,225,225,0,0,0,0.0,0.0,0.0,0.0,0.0
386,656,88,161,28,True,False,15,15,0,0,0,0.0,0.0,0.0,0.0,0.0
386,657,88,161,143,True,False,15,15,0,0,0,0.0,0.0,0.0,0.0,0.0
386,658,88,161,157,True,True,15,15,1,5,1,0.0,0.0,0.3333333333333333,0.06666666666666667,0.3333333333333333
386,659,88,161,167,True,False,15,15,0,0,0,0.0,0.0,0.0,0.0,0.0
386,660,88,161,369,True,False,15,15,0,0,0,0.0,0.0,0.0,0.0,0.0
386,661,88,161,375,True,False,15,15,0,0,0,0.0,0.0,0.0,0.0,0.0
386,662,88,161,398,True,False,15,15,0,0,0,0.0,0.0,0.0,0.0,0.0
386,663,88,161,440,True,False,15,15,0,0,0,0.0,0.0,0.0,0.0,0.0
386,664,88,161,485,True,False,15,15,0,0,0,0.0,0.0,0.0,0.0,0.0
387,366,98,84,24,True,False,17,17,0,0,0,0.0,0.0,0.0,0.0,0.0
387,367,98,84,58,True,False,17,17,0,0,0,0.0,0.0,0.0,0.0,0.0
387,368,98,84,115,True,False,17,17,0,0,0,0.0,0.0,0.0,0.0,0.0
387,369,98,84,316,True,False,17,17,0,0,0,0.0,0.0,0.0,0.0,0.0
387,370,98,84,385,True,False,17,17,0,0,0,0.0,0.0,0.0,0.0,0.0
387,371,98,84,389,True,False,17,17,0,0,0,0.0,0.0,0.0,0.0,0.0
387,372,98,84,402,True,True,17,17,5,25,1,0.0,0.0,1.4705882352941178,0.29411764705882354,1.4705882352941178
387,373,98,84,474,True,False,17,17,0,0,0,0.0,0.0,0.0,0.0,0.0
388,374,98,85,84,True,False,15,15,0,0,0,0.0,0.0,0.0,0.0,0.0
388,375,98,85,98,True,True,15,15,15,157,2,0.0,1.0,10.466666666666667,1.0,10.466666666666667
388,376,98,85,115,True,False,15,15,0,0,0,0.0,0.0,0.0,0.0,0.0
388,377,98,85,167,True,False,15,15,0,0,0,0.0,0.0,0.0,0.0,0.0
388,378,98,85,240,True,False,15,15,0,0,0,0.0,0.0,0.0,0.0,0.0
388,379,98,85,262,True,False,15,15,0,0,0,0.0,0.0,0.0,0.0,0.0
388,380,98,85,309,True,False,15,15,0,0,0,0.0,0.0,0.0,0.0,0.0
388,381,98,85,352,True,False,15,15,0,0,0,0.0,0.0,0.0,0.0,0.0
388,382,98,85,375,True,False,15,15,0,0,0,0.0,0.0,0.0,0.0,0.0
388,383,98,85,389,True,False,15,15,0,0,0,0.0,0.0,0.0,0.0,0.0
389,942,98,240,85,True,False,39,39,0,0,0,0.0,0.0,0.0,0.0,0.0
389,943,98,240,98,True,True,39,39,6,34,2,0.0,5.0,0.8717948717948718,0.15384615384615385,0.8717948717948718
389,944,98,240,208,True,False,39,39,0,0,0,0.0,0.0,0.0,0.0,0.0
389,945,98,240,296,True,False,39,39,0,0,0,0.0,0.0,0.0,0.0,0.0
390,1011,98,252,30,True,False,64,64,0,0,0,0.0,0.0,0.0,0.0,0.0
390,1012,98,252,39,True,False,64,64,0,0,0,0.0,0.0,0.0,0.0,0.0
390,1013,98,252,176,True,False,64,64,0,0,0,0.0,0.0,0.0,0.0,0.0
390,1014,98,252,199,True,True,64,64,15,45,1,1.0,5.0,0.703125,0.234375,0.703125
390,1015,98,252,259,True,False,64,64,0,0,0,0.0,0.0,0.0,0.0,0.0
390,1016,98,252,317,True,False,64,64,0,0,0,0.0,0.0,0.0,0.0,0.0
390,1017,98,252,371,True,False,64,64,0,0,0,0.0,0.0,0.0,0.0,0.0
390,1018,98,252,383,True,False,64,64,0,0,0,0.0,0.0,0.0,0.0,0.0
391,1583,98,402,7,True,False,27,27,0,0,0,0.0,0.0,0.0,0.0,0.0
391,1584,98,402,24,True,True,27,27,5,50,1,1.0,5.0,1.8518518518518519,0.18518518518518517,1.8518518518518519
391,1585,98,402,77,True,False,27,27,0,0,0,0.0,0.0,0.0,0.0,0.0
391,1586,98,402,84,True,False,27,27,0,0,0,0.0,0.0,0.0,0.0,0.0
391,1587,98,402,98,True,True,27,27,17,135,3,0.0,2.0,5.0,0.6296296296296297,5.0
391,1588,98,402,115,True,False,27,27,0,0,0,0.0,0.0,0.0,0.0,0.0
391,1589,98,402,147,True,False,27,27,0,0,0,0.0,0.0,0.0,0.0,0.0
391,1590,98,402,217,True,False,27,27,0,0,0,0.0,0.0,0.0,0.0,0.0
391,1591,98,402,247,True,False,27,27,0,0,0,0.0,0.0,0.0,0.0,0.0
391,1592,98,402,309,True,False,27,27,0,0,0,0.0,0.0,0.0,0.0,0.0
391,1593,98,402,316,True,False,27,27,0,0,0,0.0,0.0,0.0,0.0,0.0
391,1594,98,402,352,True,False,27,27,0,0,0,0.0,0.0,0.0,0.0,0.0
391,1595,98,402,375,True,False,27,27,0,0,0,0.0,0.0,0.0,0.0,0.0
391,1596,98,402,385,True,False,27,27,0,0,0,0.0,0.0,0.0,0.0,0.0
391,1597,98,402,474,True,False,27,27,0,0,0,0.0,0.0,0.0,0.0,0.0
392,54,100,8,22,True,False,12,12,0,0,0,0.0,0.0,0.0,0.0,0.0
392,55,100,8,79,True,False,12,12,0,0,0,0.0,0.0,0.0,0.0,0.0
392,56,100,8,80,True,False,12,12,0,0,0,0.0,0.0,0.0,0.0,0.0
392,57,100,8,100,True,False,12,12,0,0,0,0.0,0.0,0.0,0.0,0.0
392,58,100,8,126,True,False,12,12,0,0,0,0.0,0.0,0.0,0.0,0.0
392,59,100,8,144,True,False,12,12,0,0,0,0.0,0.0,0.0,0.0,0.0
392,60,100,8,149,True,False,12,12,0,0,0,0.0,0.0,0.0,0.0,0.0
392,61,100,8,171,True,False,12,12,0,0,0,0.0,0.0,0.0,0.0,0.0
392,62,100,8,184,True,False,12,12,0,0,0,0.0,0.0,0.0,0.0,0.0
392,63,100,8,229,True,True,12,12,1,5,1,0.0,0.0,0.4166666666666667,0.08333333333333333,0.4166666666666667
392,64,100,8,230,True,False,12,12,0,0,0,0.0,0.0,0.0,0.0,0.0
392,65,100,8,258,True,False,12,12,0,0,0,0.0,0.0,0.0,0.0,0.0
392,66,100,8,311,True,False,12,12,0,0,0,0.0,0.0,0.0,0.0,0.0
392,67,100,8,315,True,False,12,12,0,0,0,0.0,0.0,0.0,0.0,0.0
392,68,100,8,390,True,False,12,12,0,0,0,0.0,0.0,0.0,0.0,0.0
393,268,100,50,146,True,False,167,167,0,0,0,0.0,0.0,0.0,0.0,0.0
393,269,100,50,288,True,False,167,167,0,0,0,0.0,0.0,0.0,0.0,0.0
393,270,100,50,315,True,False,167,167,0,0,0,0.0,0.0,0.0,0.0,0.0
394,404,100,109,30,True,False,45,45,0,0,0,0.0,0.0,0.0,0.0,0.0
394,405,100,109,140,True,False,45,45,0,0,0,0.0,0.0,0.0,0.0,0.0
394,406,100,109,146,True,False,45,45,0,0,0,0.0,0.0,0.0,0.0,0.0
394,407,100,109,163,True,False,45,45,0,0,0,0.0,0.0,0.0,0.0,0.0
394,408,100,109,205,True,False,45,45,0,0,0,0.0,0.0,0.0,0.0,0.0
394,409,100,109,259,True,True,45,45,14,58,2,0.0,2.0,1.288888888888889,0.3111111111111111,1.288888888888889
394,410,100,109,328,True,False,45,45,0,0,0,0.0,0.0,0.0,0.0,0.0
394,411,100,109,371,True,False,45,45,0,0,0,0.0,0.0,0.0,0.0,0.0
394,412,100,109,404,True,False,45,45,0,0,0,0.0,0.0,0.0,0.0,0.0
394,413,100,109,405,True,False,45,45,0,0,0,0.0,0.0,0.0,0.0,0.0
394,414,100,109,430,True,False,45,45,0,0,0,0.0,0.0,0.0,0.0,0.0
394,415,100,109,487,True,False,45,45,0,0,0,0.0,0.0,0.0,0.0,0.0
394,416,100,109,494,True,False,45,45,0,0,0,0.0,0.0,0.0,0.0,0.0
395,573,100,146,8,True,False,55,55,0,0,0,0.0,0.0,0.0,0.0,0.0
395,574,100,146,42,True,False,55,55,0,0,0,0.0,0.0,0.0,0.0,0.0
395,575,100,146,100,True,True,55,55,6,24,2,0.0,7.0,0.43636363636363634,0.10909090909090909,0.43636363636363634
395,576,100,146,151,True,False,55,55,0,0,0,0.0,0.0,0.0,0.0,0.0
395,577,100,146,230,True,False,55,55,0,0,0,0.0,0.0,0.0,0.0,0.0
395,578,100,146,315,True,True,55,55,10,10,2,2.0,6.0,0.18181818181818182,0.18181818181818182,0.18181818181818182
395,579,100,146,404,True,False,55,55,0,0,0,0.0,0.0,0.0,0.0,0.0
395,580,100,146,405,True,True,55,55,49,467,8,0.0,2.0,8.49090909090909,0.8909090909090909,8.49090909090909
395,581,100,146,485,True,True,55,55,10,58,2,0.0,1.0,1.0545454545454545,0.18181818181818182,1.0545454545454545
396,669,100,164,4,True,False,377,377,0,0,0,0.0,0.0,0.0,0.0,0.0
396,670,100,164,8,True,False,377,377,0,0,0,0.0,0.0,0.0,0.0,0.0
396,671,100,164,42,True,False,377,377,0,0,0,0.0,0.0,0.0,0.0,0.0
396,672,100,164,50,True,False,377,377,0,0,0,0.0,0.0,0.0,0.0,0.0
396,673,100,164,63,True,False,377,377,0,0,0,0.0,0.0,0.0,0.0,0.0
396,674,100,164,100,True,False,377,377,0,0,0,0.0,0.0,0.0,0.0,0.0
396,675,100,164,146,True,True,377,377,9,55,1,6.0,9.0,0.14588859416445624,0.023872679045092837,0.14588859416445624
396,676,100,164,151,True,False,377,377,0,0,0,0.0,0.0,0.0,0.0,0.0
396,677,100,164,171,True,False,377,377,0,0,0,0.0,0.0,0.0,0.0,0.0
396,678,100,164,172,True,False,377,377,0,0,0,0.0,0.0,0.0,0.0,0.0
396,679,100,164,180,True,True,377,377,238,1999,17,0.0,1.0,5.30238726790451,0.6312997347480106,5.30238726790451
396,680,100,164,271,True,False,377,377,0,0,0,0.0,0.0,0.0,0.0,0.0
396,681,100,164,288,True,True,377,377,5,5,1,0.0,0.0,0.013262599469496022,0.013262599469496022,0.013262599469496022
396,682,100,164,410,True,True,377,377,22,36,4,0.0,0.0,0.09549071618037135,0.058355437665782495,0.09549071618037135
397,722,100,171,4,True,False,15,15,0,0,0,0.0,0.0,0.0,0.0,0.0
397,723,100,171,8,True,False,15,15,0,0,0,0.0,0.0,0.0,0.0,0.0
397,724,100,171,26,True,False,15,15,0,0,0,0.0,0.0,0.0,0.0,0.0
397,725,100,171,42,True,False,15,15,0,0,0,0.0,0.0,0.0,0.0,0.0
397,726,100,171,109,True,False,15,15,0,0,0,0.0,0.0,0.0,0.0,0.0
397,727,100,171,118,True,False,15,15,0,0,0,0.0,0.0,0.0,0.0,0.0
397,728,100,171,138,True,False,15,15,0,0,0,0.0,0.0,0.0,0.0,0.0
397,729,100,171,151,True,False,15,15,0,0,0,0.0,0.0,0.0,0.0,0.0
397,730,100,171,163,True,False,15,15,0,0,0,0.0,0.0,0.0,0.0,0.0
397,731,100,171,164,True,True,15,15,15,56,4,0.0,0.0,3.7333333333333334,1.0,3.7333333333333334
397,732,100,171,172,True,False,15,15,0,0,0,0.0,0.0,0.0,0.0,0.0
397,733,100,171,173,True,False,15,15,0,0,0,0.0,0.0,0.0,0.0,0.0
397,734,100,171,180,True,True,15,15,15,25,4,0.0,0.0,1.6666666666666667,1.0,1.6666666666666667
397,735,100,171,259,True,False,15,15,0,0,0,0.0,0.0,0.0,0.0,0.0
397,736,100,171,271,True,True,15,15,5,5,1,0.0,0.0,0.3333333333333333,0.3333333333333333,0.3333333333333333
397,737,100,171,288,True,False,15,15,0,0,0,0.0,0.0,0.0,0.0,0.0
397,738,100,171,297,True,False,15,15,0,0,0,0.0,0.0,0.0,0.0,0.0
397,739,100,171,410,True,True,15,15,1,1,1,0.0,0.0,0.06666666666666667,0.06666666666666667,0.06666666666666667
398,747,100,173,1,True,False,69,69,0,0,0,0.0,0.0,0.0,0.0,0.0
398,748,100,173,42,True,False,69,69,0,0,0,0.0,0.0,0.0,0.0,0.0
398,749,100,173,118,True,False,69,69,0,0,0,0.0,0.0,0.0,0.0,0.0
398,750,100,173,138,True,False,69,69,0,0,0,0.0,0.0,0.0,0.0,0.0
398,751,100,173,146,True,False,69,69,0,0,0,0.0,0.0,0.0,0.0,0.0
398,752,100,173,171,True,False,69,69,0,0,0,0.0,0.0,0.0,0.0,0.0
398,753,100,173,222,True,False,69,69,0,0,0,0.0,0.0,0.0,0.0,0.0
398,754,100,173,271,True,False,69,69,0,0,0,0.0,0.0,0.0,0.0,0.0
398,755,100,173,297,True,False,69,69,0,0,0,0.0,0.0,0.0,0.0,0.0
398,756,100,173,340,True,False,69,69,0,0,0,0.0,0.0,0.0,0.0,0.0
398,757,100,173,405,True,False,69,69,0,0,0,0.0,0.0,0.0,0.0,0.0
399,791,100,180,146,True,True,99,99,56,373,9,0.0,4.0,3.7676767676767677,0.5656565656565656,3.7676767676767677
399,792,100,180,297,True,False,99,99,0,0,0,0.0,0.0,0.0,0.0,0.0
399,793,100,180,410,True,True,99,99,89,541,17,0.0,2.0,5.4646464646464645,0.898989898989899,5.4646464646464645
399,794,100,180,414,True,True,99,99,14,116,5,1.0,4.5,1.1717171717171717,0.1414141414141414,1.1717171717171717
400,1108,100,271,1,True,False,35,35,0,0,0,0.0,0.0,0.0,0.0,0.0
400,1109,100,271,28,True,False,35,35,0,0,0,0.0,0.0,0.0,0.0,0.0
400,1110,100,271,42,True,False,35,35,0,0,0,0.0,0.0,0.0,0.0,0.0
400,1111,100,271,56,True,False,35,35,0,0,0,0.0,0.0,0.0,0.0,0.0
400,1112,100,271,63,True,False,35,35,0,0,0,0.0,0.0,0.0,0.0,0.0
400,1113,100,271,146,True,False,35,35,0,0,0,0.0,0.0,0.0,0.0,0.0
400,1114,100,271,164,True,True,35,35,14,14,3,0.0,0.0,0.4,0.4,0.4
400,1115,100,271,171,True,False,35,35,0,0,0,0.0,0.0,0.0,0.0,0.0
400,1116,100,271,173,True,False,35,35,0,0,0,0.0,0.0,0.0,0.0,0.0
400,1117,100,271,180,True,True,35,35,28,117,5,0.0,0.0,3.342857142857143,0.8,3.342857142857143
400,1118,100,271,196,True,False,35,35,0,0,0,0.0,0.0,0.0,0.0,0.0
400,1119,100,271,207,True,False,35,35,0,0,0,0.0,0.0,0.0,0.0,0.0
400,1120,100,271,222,True,False,35,35,0,0,0,0.0,0.0,0.0,0.0,0.0
400,1121,100,271,297,True,False,35,35,0,0,0,0.0,0.0,0.0,0.0,0.0
400,1122,100,271,355,True,False,35,35,0,0,0,0.0,0.0,0.0,0.0,0.0
400,1123,100,271,369,True,False,35,35,0,0,0,0.0,0.0,0.0,0.0,0.0
400,1124,100,271,410,True,True,35,35,19,24,3,0.0,0.0,0.6857142857142857,0.5428571428571428,0.6857142857142857
400,1125,100,271,429,True,False,35,35,0,0,0,0.0,0.0,0.0,0.0,0.0
401,1263,100,315,50,True,False,22,22,0,0,0,0.0,0.0,0.0,0.0,0.0
401,1264,100,315,100,True,True,22,22,21,199,6,0.0,2.0,9.045454545454545,0.9545454545454546,9.045454545454545
401,1265,100,315,184,True,False,22,22,0,0,0,0.0,0.0,0.0,0.0,0.0
401,1266,100,315,229,True,False,22,22,0,0,0,0.0,0.0,0.0,0.0,0.0
401,1267,100,315,230,True,False,22,22,0,0,0,0.0,0.0,0.0,0.0,0.0
401,1268,100,315,485,True,False,22,22,0,0,0,0.0,0.0,0.0,0.0,0.0
402,1618,100,405,10,True,False,7,7,0,0,0,0.0,0.0,0.0,0.0,0.0
402,1619,100,405,80,True,False,7,7,0,0,0,0.0,0.0,0.0,0.0,0.0
402,1620,100,405,100,True,False,7,7,0,0,0,0.0,0.0,0.0,0.0,0.0
402,1621,100,405,117,True,False,7,7,0,0,0,0.0,0.0,0.0,0.0,0.0
402,1622,100,405,258,True,False,7,7,0,0,0,0.0,0.0,0.0,0.0,0.0
402,1623,100,405,311,True,False,7,7,0,0,0,0.0,0.0,0.0,0.0,0.0
402,1624,100,405,315,True,True,7,7,1,3,1,3.0,4.0,0.42857142857142855,0.14285714285714285,0.42857142857142855
402,1625,100,405,390,True,False,7,7,0,0,0,0.0,0.0,0.0,0.0,0.0
402,1626,100,405,404,True,False,7,7,0,0,0,0.0,0.0,0.0,0.0,0.0
402,1627,100,405,485,True,False,7,7,0,0,0,0.0,0.0,0.0,0.0,0.0
403,1629,100,410,146,True,True,21,21,20,225,4,3.0,6.0,10.714285714285714,0.9523809523809523,10.714285714285714
403,1630,100,410,151,True,False,21,21,0,0,0,0.0,0.0,0.0,0.0,0.0
403,1631,100,410,164,True,True,21,21,4,4,1,0.0,0.0,0.19047619047619047,0.19047619047619047,0.19047619047619047
403,1632,100,410,180,True,True,21,21,17,63,4,0.0,0.0,3.0,0.8095238095238095,3.0
403,1633,100,410,205,True,False,21,21,0,0,0,0.0,0.0,0.0,0.0,0.0
403,1634,100,410,207,True,False,21,21,0,0,0,0.0,0.0,0.0,0.0,0.0
403,1635,100,410,271,True,False,21,21,0,0,0,0.0,0.0,0.0,0.0,0.0
403,1636,100,410,297,True,False,21,21,0,0,0,0.0,0.0,0.0,0.0,0.0
403,1637,100,410,355,True,False,21,21,0,0,0,0.0,0.0,0.0,0.0,0.0
403,1638,100,410,369,True,False,21,21,0,0,0,0.0,0.0,0.0,0.0,0.0
403,1639,100,410,405,True,False,21,21,0,0,0,0.0,0.0,0.0,0.0,0.0
403,1640,100,410,414,True,True,21,21,1,8,1,6.0,6.5,0.38095238095238093,0.047619047619047616,0.38095238095238093
403,1641,100,410,429,True,False,21,21,0,0,0,0.0,0.0,0.0,0.0,0.0
403,1642,100,410,485,True,True,21,21,7,7,2,6.0,8.0,0.3333333333333333,0.3333333333333333,0.3333333333333333
404,183,109,30,176,True,False,41,41,0,0,0,0.0,0.0,0.0,0.0,0.0
404,184,109,30,199,True,False,41,41,0,0,0,0.0,0.0,0.0,0.0,0.0
404,185,109,30,238,True,False,41,41,0,0,0,0.0,0.0,0.0,0.0,0.0
404,186,109,30,252,True,False,41,41,0,0,0,0.0,0.0,0.0,0.0,0.0
404,187,109,30,290,True,False,41,41,0,0,0,0.0,0.0,0.0,0.0,0.0
404,188,109,30,317,True,False,41,41,0,0,0,0.0,0.0,0.0,0.0,0.0
404,189,109,30,383,True,False,41,41,0,0,0,0.0,0.0,0.0,0.0,0.0
404,190,109,30,404,True,True,41,41,17,100,2,0.0,5.0,2.4390243902439024,0.4146341463414634,2.4390243902439024
404,191,109,30,474,True,False,41,41,0,0,0,0.0,0.0,0.0,0.0,0.0
404,192,109,30,494,True,True,41,41,3,11,1,0.0,1.0,0.2682926829268293,0.07317073170731707,0.2682926829268293
405,532,109,140,30,True,True,49,49,6,52,1,0.0,1.0,1.0612244897959184,0.12244897959183673,1.0612244897959184
405,533,109,140,109,True,True,49,49,14,19,1,0.0,1.0,0.3877551020408163,0.2857142857142857,0.3877551020408163
405,534,109,140,328,True,True,49,49,36,282,3,0.0,1.0,5.755102040816326,0.7346938775510204,5.755102040816326
405,535,109,140,404,True,False,49,49,0,0,0,0.0,0.0,0.0,0.0,0.0
405,536,109,140,487,True,True,49,49,7,64,1,0.0,2.0,1.3061224489795917,0.14285714285714285,1.3061224489795917
406,573,109,146,8,True,True,26,26,6,12,1,0.0,0.5,0.46153846153846156,0.23076923076923078,0.46153846153846156
406,574,109,146,42,True,False,26,26,0,0,0,0.0,0.0,0.0,0.0,0.0
406,575,109,146,100,True,False,26,26,0,0,0,0.0,0.0,0.0,0.0,0.0
406,576,109,146,151,True,False,26,26,0,0,0,0.0,0.0,0.0,0.0,0.0
406,577,109,146,230,True,False,26,26,0,0,0,0.0,0.0,0.0,0.0,0.0
406,578,109,146,315,True,False,26,26,0,0,0,0.0,0.0,0.0,0.0,0.0
406,579,109,146,404,True,False,26,26,0,0,0,0.0,0.0,0.0,0.0,0.0
406,580,109,146,405,True,False,26,26,0,0,0,0.0,0.0,0.0,0.0,0.0
406,581,109,146,485,True,False,26,26,0,0,0,0.0,0.0,0.0,0.0,0.0
407,665,109,163,259,True,True,42,42,16,16,3,0.0,0.0,0.38095238095238093,0.38095238095238093,0.38095238095238093
407,666,109,163,288,True,False,42,42,0,0,0,0.0,0.0,0.0,0.0,0.0
407,667,109,163,371,True,False,42,42,0,0,0,0.0,0.0,0.0,0.0,0.0
407,668,109,163,410,True,False,42,42,0,0,0,0.0,0.0,0.0,0.0,0.0
408,846,109,205,8,True,False,8,8,0,0,0,0.0,0.0,0.0,0.0,0.0
408,847,109,205,42,True,False,8,8,0,0,0,0.0,0.0,0.0,0.0,0.0
408,848,109,205,109,True,True,8,8,8,17,2,0.0,0.0,2.125,1.0,2.125
408,849,109,205,146,True,False,8,8,0,0,0,0.0,0.0,0.0,0.0,0.0
408,850,109,205,151,True,False,8,8,0,0,0,0.0,0.0,0.0,0.0,0.0
408,851,109,205,259,True,False,8,8,0,0,0,0.0,0.0,0.0,0.0,0.0
408,852,109,205,290,True,False,8,8,0,0,0,0.0,0.0,0.0,0.0,0.0
408,853,109,205,297,True,False,8,8,0,0,0,0.0,0.0,0.0,0.0,0.0
408,854,109,205,328,True,True,8,8,3,5,1,0.0,1.0,0.625,0.375,0.625
408,855,109,205,352,True,False,8,8,0,0,0,0.0,0.0,0.0,0.0,0.0
408,856,109,205,405,True,False,8,8,0,0,0,0.0,0.0,0.0,0.0,0.0
408,857,109,205,494,True,True,8,8,3,8,1,0.0,1.0,1.0,0.375,1.0
409,1049,109,259,1,True,False,30,30,0,0,0,0.0,0.0,0.0,0.0,0.0
409,1050,109,259,30,True,False,30,30,0,0,0,0.0,0.0,0.0,0.0,0.0
409,1051,109,259,109,True,True,30,30,14,37,4,0.0,0.0,1.2333333333333334,0.4666666666666667,1.2333333333333334
409,1052,109,259,146,True,False,30,30,0,0,0,0.0,0.0,0.0,0.0,0.0
409,1053,109,259,149,True,False,30,30,0,0,0,0.0,0.0,0.0,0.0,0.0
409,1054,109,259,163,True,False,30,30,0,0,0,0.0,0.0,0.0,0.0,0.0
409,1055,109,259,247,True,False,30,30,0,0,0,0.0,0.0,0.0,0.0,0.0
409,1056,109,259,252,True,False,30,30,0,0,0,0.0,0.0,0.0,0.0,0.0
409,1057,109,259,263,True,False,30,30,0,0,0,0.0,0.0,0.0,0.0,0.0
409,1058,109,259,288,True,False,30,30,0,0,0,0.0,0.0,0.0,0.0,0.0
409,1059,109,259,297,True,False,30,30,0,0,0,0.0,0.0,0.0,0.0,0.0
409,1060,109,259,328,True,True,30,30,9,21,3,0.0,0.0,0.7,0.3,0.7
409,1061,109,259,346,True,False,30,30,0,0,0,0.0,0.0,0.0,0.0,0.0
409,1062,109,259,352,True,False,30,30,0,0,0,0.0,0.0,0.0,0.0,0.0
409,1063,109,259,371,True,False,30,30,0,0,0,0.0,0.0,0.0,0.0,0.0
409,1064,109,259,382,True,False,30,30,0,0,0,0.0,0.0,0.0,0.0,0.0
409,1065,109,259,398,True,False,30,30,0,0,0,0.0,0.0,0.0,0.0,0.0
409,1066,109,259,404,True,False,30,30,0,0,0,0.0,0.0,0.0,0.0,0.0
409,1067,109,259,405,True,True,30,30,5,5,1,0.0,0.0,0.16666666666666666,0.16666666666666666,0.16666666666666666
409,1068,109,259,410,True,False,30,30,0,0,0,0.0,0.0,0.0,0.0,0.0
409,1069,109,259,494,True,False,30,30,0,0,0,0.0,0.0,0.0,0.0,0.0
410,1331,109,328,30,True,True,137,137,29,180,3,0.0,1.0,1.313868613138686,0.2116788321167883,1.313868613138686
410,1332,109,328,39,True,False,137,137,0,0,0,0.0,0.0,0.0,0.0,0.0
410,1333,109,328,109,True,True,137,137,37,374,3,0.0,2.0,2.72992700729927,0.27007299270072993,2.72992700729927
410,1334,109,328,140,True,False,137,137,0,0,0,0.0,0.0,0.0,0.0,0.0
410,1335,109,328,170,True,False,137,137,0,0,0,0.0,0.0,0.0,0.0,0.0
410,1336,109,328,199,True,False,137,137,0,0,0,0.0,0.0,0.0,0.0,0.0
410,1337,109,328,238,True,False,137,137,0,0,0,0.0,0.0,0.0,0.0,0.0
410,1338,109,328,252,True,False,137,137,0,0,0,0.0,0.0,0.0,0.0,0.0
410,1339,109,328,404,True,True,137,137,16,168,2,0.0,5.0,1.2262773722627738,0.11678832116788321,1.2262773722627738
410,1340,109,328,485,True,False,137,137,0,0,0,0.0,0.0,0.0,0.0,0.0
410,1341,109,328,494,True,True,137,137,44,377,4,0.0,2.0,2.7518248175182483,0.32116788321167883,2.7518248175182483
411,1454,109,371,39,True,False,10,10,0,0,0,0.0,0.0,0.0,0.0,0.0
411,1455,109,371,126,True,False,10,10,0,0,0,0.0,0.0,0.0,0.0,0.0
411,1456,109,371,146,True,False,10,10,0,0,0,0.0,0.0,0.0,0.0,0.0
411,1457,109,371,163,True,True,10,10,5,5,1,0.0,0.0,0.5,0.5,0.5
411,1458,109,371,247,True,False,10,10,0,0,0,0.0,0.0,0.0,0.0,0.0
411,1459,109,371,252,True,False,10,10,0,0,0,0.0,0.0,0.0,0.0,0.0
411,1460,109,371,259,True,True,10,10,5,10,1,0.0,0.0,1.0,0.5,1.0
411,1461,109,371,385,True,False,10,10,0,0,0,0.0,0.0,0.0,0.0,0.0
412,1598,109,404,10,True,False,4,4,0,0,0,0.0,0.0,0.0,0.0,0.0
412,1599,109,404,39,True,False,4,4,0,0,0,0.0,0.0,0.0,0.0,0.0
412,1600,109,404,84,True,False,4,4,0,0,0,0.0,0.0,0.0,0.0,0.0
412,1601,109,404,115,True,False,4,4,0,0,0,0.0,0.0,0.0,0.0,0.0
412,1602,109,404,117,True,False,4,4,0,0,0,0.0,0.0,0.0,0.0,0.0
412,1603,109,404,169,True,False,4,4,0,0,0,0.0,0.0,0.0,0.0,0.0
412,1604,109,404,199,True,False,4,4,0,0,0,0.0,0.0,0.0,0.0,0.0
412,1605,109,404,217,True,False,4,4,0,0,0,0.0,0.0,0.0,0.0,0.0
412,1606,109,404,262,True,False,4,4,0,0,0,0.0,0.0,0.0,0.0,0.0
412,1607,109,404,294,True,False,4,4,0,0,0,0.0,0.0,0.0,0.0,0.0
412,1608,109,404,309,True,False,4,4,0,0,0,0.0,0.0,0.0,0.0,0.0
412,1609,109,404,316,True,False,4,4,0,0,0,0.0,0.0,0.0,0.0,0.0
412,1610,109,404,317,True,False,4,4,0,0,0,0.0,0.0,0.0,0.0,0.0
412,1611,109,404,383,True,False,4,4,0,0,0,0.0,0.0,0.0,0.0,0.0
412,1612,109,404,385,True,False,4,4,0,0,0,0.0,0.0,0.0,0.0,0.0
412,1613,109,404,387,True,False,4,4,0,0,0,0.0,0.0,0.0,0.0,0.0
412,1614,109,404,389,True,False,4,4,0,0,0,0.0,0.0,0.0,0.0,0.0
412,1615,109,404,433,True,False,4,4,0,0,0,0.0,0.0,0.0,0.0,0.0
412,1616,109,404,474,True,False,4,4,0,0,0,0.0,0.0,0.0,0.0,0.0
412,1617,109,404,494,True,False,4,4,0,0,0,0.0,0.0,0.0,0.0,0.0
413,1618,109,405,10,True,False,5,5,0,0,0,0.0,0.0,0.0,0.0,0.0
413,1619,109,405,80,True,False,5,5,0,0,0,0.0,0.0,0.0,0.0,0.0
413,1620,109,405,100,True,False,5,5,0,0,0,0.0,0.0,0.0,0.0,0.0
413,1621,109,405,117,True,False,5,5,0,0,0,0.0,0.0,0.0,0.0,0.0
413,1622,109,405,258,True,False,5,5,0,0,0,0.0,0.0,0.0,0.0,0.0
413,1623,109,405,311,True,False,5,5,0,0,0,0.0,0.0,0.0,0.0,0.0
413,1624,109,405,315,True,False,5,5,0,0,0,0.0,0.0,0.0,0.0,0.0
413,1625,109,405,390,True,False,5,5,0,0,0,0.0,0.0,0.0,0.0,0.0
413,1626,109,405,404,True,False,5,5,0,0,0,0.0,0.0,0.0,0.0,0.0
413,1627,109,405,485,True,False,5,5,0,0,0,0.0,0.0,0.0,0.0,0.0
414,1673,109,430,3,True,True,21,21,21,249,2,0.0,2.0,11.857142857142858,1.0,11.857142857142858
414,1674,109,430,26,True,False,21,21,0,0,0,0.0,0.0,0.0,0.0,0.0
414,1675,109,430,46,True,False,21,21,0,0,0,0.0,0.0,0.0,0.0,0.0
414,1676,109,430,266,True,False,21,21,0,0,0,0.0,0.0,0.0,0.0,0.0
414,1677,109,430,487,True,False,21,21,0,0,0,0.0,0.0,0.0,0.0,0.0
415,1819,109,487,3,True,False,24,24,0,0,0,0.0,0.0,0.0,0.0,0.0
415,1820,109,487,16,True,False,24,24,0,0,0,0.0,0.0,0.0,0.0,0.0
415,1821,109,487,26,True,False,24,24,0,0,0,0.0,0.0,0.0,0.0,0.0
415,1822,109,487,46,True,False,24,24,0,0,0,0.0,0.0,0.0,0.0,0.0
415,1823,109,487,109,True,True,24,24,11,37,3,0.0,0.0,1.5416666666666667,0.4583333333333333,1.5416666666666667
415,1824,109,487,140,True,False,24,24,0,0,0,0.0,0.0,0.0,0.0,0.0
415,1825,109,487,163,True,False,24,24,0,0,0,0.0,0.0,0.0,0.0,0.0
415,1826,109,487,262,True,False,24,24,0,0,0,0.0,0.0,0.0,0.0,0.0
415,1827,109,487,266,True,False,24,24,0,0,0,0.0,0.0,0.0,0.0,0.0
415,1828,109,487,297,True,False,24,24,0,0,0,0.0,0.0,0.0,0.0,0.0
415,1829,109,487,328,True,False,24,24,0,0,0,0.0,0.0,0.0,0.0,0.0
415,1830,109,487,371,True,False,24,24,0,0,0,0.0,0.0,0.0,0.0,0.0
415,1831,109,487,430,True,False,24,24,0,0,0,0.0,0.0,0.0,0.0,0.0
415,1832,109,487,462,True,False,24,24,0,0,0,0.0,0.0,0.0,0.0,0.0
416,1844,109,494,16,True,False,13,13,0,0,0,0.0,0.0,0.0,0.0,0.0
416,1845,109,494,39,True,True,13,13,7,62,1,0.0,4.0,4.769230769230769,0.5384615384615384,4.769230769230769
416,1846,109,494,109,True,True,13,13,6,35,2,0.0,0.0,2.6923076923076925,0.46153846153846156,2.6923076923076925
416,1847,109,494,117,True,False,13,13,0,0,0,0.0,0.0,0.0,0.0,0.0
416,1848,109,494,169,True,True,13,13,7,35,1,5.0,7.0,2.6923076923076925,0.5384615384615384,2.6923076923076925
416,1849,109,494,170,True,False,13,13,0,0,0,0.0,0.0,0.0,0.0,0.0
416,1850,109,494,176,True,False,13,13,0,0,0,0.0,0.0,0.0,0.0,0.0
416,1851,109,494,199,True,False,13,13,0,0,0,0.0,0.0,0.0,0.0,0.0
416,1852,109,494,238,True,False,13,13,0,0,0,0.0,0.0,0.0,0.0,0.0
416,1853,109,494,252,True,False,13,13,0,0,0,0.0,0.0,0.0,0.0,0.0
416,1854,109,494,294,True,True,13,13,7,21,1,3.0,6.0,1.6153846153846154,0.5384615384615384,1.6153846153846154
416,1855,109,494,311,True,False,13,13,0,0,0,0.0,0.0,0.0,0.0,0.0
416,1856,109,494,317,True,False,13,13,0,0,0,0.0,0.0,0.0,0.0,0.0
416,1857,109,494,383,True,False,13,13,0,0,0,0.0,0.0,0.0,0.0,0.0
416,1858,109,494,404,True,False,13,13,0,0,0,0.0,0.0,0.0,0.0,0.0
416,1859,109,494,455,True,False,13,13,0,0,0,0.0,0.0,0.0,0.0,0.0
416,1860,109,494,462,True,False,13,13,0,0,0,0.0,0.0,0.0,0.0,0.0
416,1861,109,494,474,True,False,13,13,0,0,0,0.0,0.0,0.0,0.0,0.0
417,532,112,140,30,True,False,5,5,0,0,0,0.0,0.0,0.0,0.0,0.0
417,533,112,140,109,True,False,5,5,0,0,0,0.0,0.0,0.0,0.0,0.0
417,534,112,140,328,True,False,5,5,0,0,0,0.0,0.0,0.0,0.0,0.0
417,535,112,140,404,True,False,5,5,0,0,0,0.0,0.0,0.0,0.0,0.0
417,536,112,140,487,True,False,5,5,0,0,0,0.0,0.0,0.0,0.0,0.0
418,877,112,213,57,True,True,545,545,480,6549,19,0.0,5.0,12.01651376146789,0.8807339449541285,12.01651376146789
419,1049,112,259,1,True,False,3,3,0,0,0,0.0,0.0,0.0,0.0,0.0
419,1050,112,259,30,True,False,3,3,0,0,0,0.0,0.0,0.0,0.0,0.0
419,1051,112,259,109,True,False,3,3,0,0,0,0.0,0.0,0.0,0.0,0.0
419,1052,112,259,146,True,False,3,3,0,0,0,0.0,0.0,0.0,0.0,0.0
419,1053,112,259,149,True,False,3,3,0,0,0,0.0,0.0,0.0,0.0,0.0
419,1054,112,259,163,True,False,3,3,0,0,0,0.0,0.0,0.0,0.0,0.0
419,1055,112,259,247,True,False,3,3,0,0,0,0.0,0.0,0.0,0.0,0.0
419,1056,112,259,252,True,False,3,3,0,0,0,0.0,0.0,0.0,0.0,0.0
419,1057,112,259,263,True,False,3,3,0,0,0,0.0,0.0,0.0,0.0,0.0
419,1058,112,259,288,True,False,3,3,0,0,0,0.0,0.0,0.0,0.0,0.0
419,1059,112,259,297,True,True,3,3,1,5,1,0.0,0.0,1.6666666666666667,0.3333333333333333,1.6666666666666667
419,1060,112,259,328,True,False,3,3,0,0,0,0.0,0.0,0.0,0.0,0.0
419,1061,112,259,346,True,False,3,3,0,0,0,0.0,0.0,0.0,0.0,0.0
419,1062,112,259,352,True,False,3,3,0,0,0,0.0,0.0,0.0,0.0,0.0
419,1063,112,259,371,True,False,3,3,0,0,0,0.0,0.0,0.0,0.0,0.0
419,1064,112,259,382,True,False,3,3,0,0,0,0.0,0.0,0.0,0.0,0.0
419,1065,112,259,398,True,False,3,3,0,0,0,0.0,0.0,0.0,0.0,0.0
419,1066,112,259,404,True,False,3,3,0,0,0,0.0,0.0,0.0,0.0,0.0
419,1067,112,259,405,True,False,3,3,0,0,0,0.0,0.0,0.0,0.0,0.0
419,1068,112,259,410,True,False,3,3,0,0,0,0.0,0.0,0.0,0.0,0.0
419,1069,112,259,494,True,False,3,3,0,0,0,0.0,0.0,0.0,0.0,0.0
420,1202,112,297,1,True,False,10,10,0,0,0,0.0,0.0,0.0,0.0,0.0
420,1203,112,297,42,True,False,10,10,0,0,0,0.0,0.0,0.0,0.0,0.0
420,1204,112,297,56,True,False,10,10,0,0,0,0.0,0.0,0.0,0.0,0.0
420,1205,112,297,63,True,False,10,10,0,0,0,0.0,0.0,0.0,0.0,0.0
420,1206,112,297,112,True,False,10,10,0,0,0,0.0,0.0,0.0,0.0,0.0
420,1207,112,297,118,True,False,10,10,0,0,0,0.0,0.0,0.0,0.0,0.0
420,1208,112,297,151,True,False,10,10,0,0,0,0.0,0.0,0.0,0.0,0.0
420,1209,112,297,163,True,True,10,10,2,2,1,0.0,0.0,0.2,0.2,0.2
420,1210,112,297,222,True,False,10,10,0,0,0,0.0,0.0,0.0,0.0,0.0
420,1211,112,297,259,True,True,10,10,2,2,1,0.0,0.0,0.2,0.2,0.2
420,1212,112,297,271,True,False,10,10,0,0,0,0.0,0.0,0.0,0.0,0.0
420,1213,112,297,371,True,True,10,10,2,2,1,0.0,0.0,0.2,0.2,0.2
420,1214,112,297,382,True,True,10,10,8,47,2,0.0,2.0,4.7,0.8,4.7
420,1215,112,297,410,True,False,10,10,0,0,0,0.0,0.0,0.0,0.0,0.0
420,1216,112,297,414,True,False,10,10,0,0,0,0.0,0.0,0.0,0.0,0.0
420,1217,112,297,497,True,True,10,10,5,36,1,0.0,2.0,3.6,0.5,3.6
421,1323,112,324,16,True,False,310,310,0,0,0,0.0,0.0,0.0,0.0,0.0
421,1324,112,324,26,True,False,310,310,0,0,0,0.0,0.0,0.0,0.0,0.0
421,1325,112,324,112,True,False,310,310,0,0,0,0.0,0.0,0.0,0.0,0.0
421,1326,112,324,213,True,False,310,310,0,0,0,0.0,0.0,0.0,0.0,0.0
421,1327,112,324,378,True,False,310,310,0,0,0,0.0,0.0,0.0,0.0,0.0
421,1328,112,324,382,True,True,310,310,310,4245,13,0.0,3.0,13.693548387096774,1.0,13.693548387096774
421,1329,112,324,497,True,False,310,310,0,0,0,0.0,0.0,0.0,0.0,0.0
422,1471,112,378,26,True,False,53,53,0,0,0,0.0,0.0,0.0,0.0,0.0
422,1472,112,378,46,True,False,53,53,0,0,0,0.0,0.0,0.0,0.0,0.0
422,1473,112,378,112,True,False,53,53,0,0,0,0.0,0.0,0.0,0.0,0.0
422,1474,112,378,213,True,False,53,53,0,0,0,0.0,0.0,0.0,0.0,0.0
422,1475,112,378,238,True,False,53,53,0,0,0,0.0,0.0,0.0,0.0,0.0
422,1476,112,378,294,True,False,53,53,0,0,0,0.0,0.0,0.0,0.0,0.0
422,1477,112,378,324,True,False,53,53,0,0,0,0.0,0.0,0.0,0.0,0.0
422,1478,112,378,382,True,True,53,53,52,661,4,0.0,2.0,12.471698113207546,0.9811320754716981,12.471698113207546
422,1479,112,378,462,True,False,53,53,0,0,0,0.0,0.0,0.0,0.0,0.0
423,1493,112,382,10,True,True,7,7,1,15,1,5.0,8.0,2.142857142857143,0.14285714285714285,2.142857142857143
423,1494,112,382,30,True,False,7,7,0,0,0,0.0,0.0,0.0,0.0,0.0
423,1495,112,382,42,True,False,7,7,0,0,0,0.0,0.0,0.0,0.0,0.0
423,1496,112,382,151,True,False,7,7,0,0,0,0.0,0.0,0.0,0.0,0.0
423,1497,112,382,238,True,True,7,7,6,68,6,3.0,7.0,9.714285714285714,0.8571428571428571,9.714285714285714
423,1498,112,382,294,True,False,7,7,0,0,0,0.0,0.0,0.0,0.0,0.0
423,1499,112,382,324,True,False,7,7,0,0,0,0.0,0.0,0.0,0.0,0.0
423,1500,112,382,378,True,False,7,7,0,0,0,0.0,0.0,0.0,0.0,0.0
423,1501,112,382,387,True,True,7,7,1,3,1,8.0,9.0,0.42857142857142855,0.14285714285714285,0.42857142857142855
423,1502,112,382,404,True,True,7,7,1,10,1,5.0,7.0,1.4285714285714286,0.14285714285714285,1.4285714285714286
423,1503,112,382,405,True,False,7,7,0,0,0,0.0,0.0,0.0,0.0,0.0
423,1504,112,382,415,True,False,7,7,0,0,0,0.0,0.0,0.0,0.0,0.0
424,1862,112,497,26,True,False,283,283,0,0,0,0.0,0.0,0.0,0.0,0.0
424,1863,112,497,46,True,False,283,283,0,0,0,0.0,0.0,0.0,0.0,0.0
424,1864,112,497,112,True,True,283,283,14,24,2,0.0,0.0,0.08480565371024736,0.04946996466431095,0.08480565371024736
424,1865,112,497,213,True,True,283,283,1,5,1,0.0,0.0,0.0176678445229682,0.0035335689045936395,0.0176678445229682
424,1866,112,497,324,True,False,283,283,0,0,0,0.0,0.0,0.0,0.0,0.0
424,1867,112,497,382,True,True,283,283,264,3455,13,0.0,2.0,12.208480565371024,0.9328621908127208,12.208480565371024
424,1868,112,497,462,True,False,283,283,0,0,0,0.0,0.0,0.0,0.0,0.0
425,42,113,7,28,True,True,121,121,12,38,2,0.0,3.0,0.3140495867768595,0.09917355371900827,0.3140495867768595
425,43,113,7,77,True,False,121,121,0,0,0,0.0,0.0,0.0,0.0,0.0
425,44,113,7,133,True,True,121,121,7,51,1,0.0,0.0,0.4214876033057851,0.05785123966942149,0.4214876033057851
425,45,113,7,143,True,False,121,121,0,0,0,0.0,0.0,0.0,0.0,0.0
425,46,113,7,167,True,False,121,121,0,0,0,0.0,0.0,0.0,0.0,0.0
425,47,113,7,196,True,False,121,121,0,0,0,0.0,0.0,0.0,0.0,0.0
425,48,113,7,222,True,True,121,121,19,204,3,3.0,8.0,1.6859504132231404,0.15702479338842976,1.6859504132231404
425,49,113,7,290,True,False,121,121,0,0,0,0.0,0.0,0.0,0.0,0.0
425,50,113,7,318,True,True,121,121,41,444,4,0.0,3.0,3.669421487603306,0.33884297520661155,3.669421487603306
425,51,113,7,347,True,True,121,121,18,75,2,6.0,10.0,0.6198347107438017,0.1487603305785124,0.6198347107438017
425,52,113,7,474,True,False,121,121,0,0,0,0.0,0.0,0.0,0.0,0.0
425,53,113,7,509,True,False,121,121,0,0,0,0.0,0.0,0.0,0.0,0.0
426,500,113,133,7,True,False,57,57,0,0,0,0.0,0.0,0.0,0.0,0.0
426,501,113,133,157,True,False,57,57,0,0,0,0.0,0.0,0.0,0.0,0.0
426,502,113,133,196,True,True,57,57,4,8,1,0.0,0.0,0.14035087719298245,0.07017543859649122,0.14035087719298245
426,503,113,133,222,True,False,57,57,0,0,0,0.0,0.0,0.0,0.0,0.0
426,504,113,133,415,True,False,57,57,0,0,0,0.0,0.0,0.0,0.0,0.0
426,505,113,133,432,True,False,57,57,0,0,0,0.0,0.0,0.0,0.0,0.0
427,548,113,143,7,True,True,19,19,15,45,1,0.0,4.0,2.3684210526315788,0.7894736842105263,2.3684210526315788
427,549,113,143,88,True,False,19,19,0,0,0,0.0,0.0,0.0,0.0,0.0
427,550,113,143,133,True,False,19,19,0,0,0,0.0,0.0,0.0,0.0,0.0
427,551,113,143,161,True,False,19,19,0,0,0,0.0,0.0,0.0,0.0,0.0
427,552,113,143,163,True,False,19,19,0,0,0,0.0,0.0,0.0,0.0,0.0
427,553,113,143,233,True,False,19,19,0,0,0,0.0,0.0,0.0,0.0,0.0
427,554,113,143,279,True,False,19,19,0,0,0,0.0,0.0,0.0,0.0,0.0
427,555,113,143,432,True,True,19,19,15,165,1,0.0,2.0,8.68421052631579,0.7894736842105263,8.68421052631579
427,556,113,143,440,True,False,19,19,0,0,0,0.0,0.0,0.0,0.0,0.0
427,557,113,143,474,True,False,19,19,0,0,0,0.0,0.0,0.0,0.0,0.0
428,636,113,157,28,True,False,11,11,0,0,0,0.0,0.0,0.0,0.0,0.0
428,637,113,157,77,True,False,11,11,0,0,0,0.0,0.0,0.0,0.0,0.0
428,638,113,157,79,True,False,11,11,0,0,0,0.0,0.0,0.0,0.0,0.0
428,639,113,157,84,True,False,11,11,0,0,0,0.0,0.0,0.0,0.0,0.0
428,640,113,157,85,True,False,11,11,0,0,0,0.0,0.0,0.0,0.0,0.0
428,641,113,157,88,True,False,11,11,0,0,0,0.0,0.0,0.0,0.0,0.0
428,642,113,157,143,True,False,11,11,0,0,0,0.0,0.0,0.0,0.0,0.0
428,643,113,157,161,True,False,11,11,0,0,0,0.0,0.0,0.0,0.0,0.0
428,644,113,157,167,True,False,11,11,0,0,0,0.0,0.0,0.0,0.0,0.0
428,645,113,157,196,True,True,11,11,8,55,1,0.0,0.0,5.0,0.7272727272727273,5.0
428,646,113,157,229,True,False,11,11,0,0,0,0.0,0.0,0.0,0.0,0.0
428,647,113,157,230,True,False,11,11,0,0,0,0.0,0.0,0.0,0.0,0.0
428,648,113,157,279,True,False,11,11,0,0,0,0.0,0.0,0.0,0.0,0.0
428,649,113,157,315,True,False,11,11,0,0,0,0.0,0.0,0.0,0.0,0.0
428,650,113,157,375,True,False,11,11,0,0,0,0.0,0.0,0.0,0.0,0.0
428,651,113,157,389,True,False,11,11,0,0,0,0.0,0.0,0.0,0.0,0.0
428,652,113,157,402,True,False,11,11,0,0,0,0.0,0.0,0.0,0.0,0.0
428,653,113,157,432,True,False,11,11,0,0,0,0.0,0.0,0.0,0.0,0.0
428,654,113,157,440,True,False,11,11,0,0,0,0.0,0.0,0.0,0.0,0.0
428,655,113,157,474,True,False,11,11,0,0,0,0.0,0.0,0.0,0.0,0.0
429,820,113,196,1,True,True,44,44,3,6,1,9.0,9.5,0.13636363636363635,0.06818181818181818,0.13636363636363635
429,821,113,196,28,True,True,44,44,2,22,1,2.0,4.0,0.5,0.045454545454545456,0.5
429,822,113,196,133,True,True,44,44,9,65,1,0.0,0.0,1.4772727272727273,0.20454545454545456,1.4772727272727273
429,823,113,196,207,True,False,44,44,0,0,0,0.0,0.0,0.0,0.0,0.0
429,824,113,196,222,True,True,44,44,5,9,2,4.0,6.0,0.20454545454545456,0.11363636363636363,0.20454545454545456
429,825,113,196,263,True,True,44,44,6,14,1,0.0,1.0,0.3181818181818182,0.13636363636363635,0.3181818181818182
429,826,113,196,271,True,True,44,44,3,9,1,8.0,9.0,0.20454545454545456,0.06818181818181818,0.20454545454545456
429,827,113,196,299,True,False,44,44,0,0,0,0.0,0.0,0.0,0.0,0.0
429,828,113,196,318,True,True,44,44,18,136,2,5.0,9.0,3.090909090909091,0.4090909090909091,3.090909090909091
429,829,113,196,429,True,False,44,44,0,0,0,0.0,0.0,0.0,0.0,0.0
429,830,113,196,509,True,False,44,44,0,0,0,0.0,0.0,0.0,0.0,0.0
430,1145,113,279,23,True,False,38,38,0,0,0,0.0,0.0,0.0,0.0,0.0
430,1146,113,279,143,True,True,38,38,9,82,2,0.0,1.0,2.1578947368421053,0.23684210526315788,2.1578947368421053
430,1147,113,279,157,True,False,38,38,0,0,0,0.0,0.0,0.0,0.0,0.0
430,1148,113,279,161,True,False,38,38,0,0,0,0.0,0.0,0.0,0.0,0.0
430,1149,113,279,208,True,False,38,38,0,0,0,0.0,0.0,0.0,0.0,0.0
430,1150,113,279,440,True,False,38,38,0,0,0,0.0,0.0,0.0,0.0,0.0
430,1151,113,279,474,True,False,38,38,0,0,0,0.0,0.0,0.0,0.0,0.0
430,1152,113,279,509,True,False,38,38,0,0,0,0.0,0.0,0.0,0.0,0.0
431,1296,113,318,1,True,False,4,4,0,0,0,0.0,0.0,0.0,0.0,0.0
431,1297,113,318,56,True,False,4,4,0,0,0,0.0,0.0,0.0,0.0,0.0
431,1298,113,318,347,True,False,4,4,0,0,0,0.0,0.0,0.0,0.0,0.0
432,1703,113,440,7,True,True,68,68,10,60,2,0.0,0.0,0.8823529411764706,0.14705882352941177,0.8823529411764706
432,1704,113,440,28,True,True,68,68,23,27,3,0.0,1.0,0.39705882352941174,0.3382352941176471,0.39705882352941174
432,1705,113,440,143,True,False,68,68,0,0,0,0.0,0.0,0.0,0.0,0.0
432,1706,113,440,161,True,False,68,68,0,0,0,0.0,0.0,0.0,0.0,0.0
432,1707,113,440,167,True,True,68,68,29,84,2,0.0,2.0,1.2352941176470589,0.4264705882352941,1.2352941176470589
432,1708,113,440,261,True,False,68,68,0,0,0,0.0,0.0,0.0,0.0,0.0
432,1709,113,440,263,True,False,68,68,0,0,0,0.0,0.0,0.0,0.0,0.0
432,1710,113,440,318,True,False,68,68,0,0,0,0.0,0.0,0.0,0.0,0.0
432,1711,113,440,321,True,False,68,68,0,0,0,0.0,0.0,0.0,0.0,0.0
432,1712,113,440,509,True,True,68,68,12,110,3,0.0,1.0,1.6176470588235294,0.17647058823529413,1.6176470588235294
433,1887,113,509,7,True,False,9,9,0,0,0,0.0,0.0,0.0,0.0,0.0
433,1888,113,509,113,True,True,9,9,5,5,1,0.0,0.0,0.5555555555555556,0.5555555555555556,0.5555555555555556
433,1889,113,509,161,True,False,9,9,0,0,0,0.0,0.0,0.0,0.0,0.0
433,1890,113,509,196,True,False,9,9,0,0,0,0.0,0.0,0.0,0.0,0.0
433,1891,113,509,251,True,False,9,9,0,0,0,0.0,0.0,0.0,0.0,0.0
433,1892,113,509,279,True,False,9,9,0,0,0,0.0,0.0,0.0,0.0,0.0
433,1893,113,509,321,True,False,9,9,0,0,0,0.0,0.0,0.0,0.0,0.0
433,1894,113,509,361,True,False,9,9,0,0,0,0.0,0.0,0.0,0.0,0.0
433,1895,113,509,440,True,False,9,9,0,0,0,0.0,0.0,0.0,0.0,0.0
433,1896,113,509,481,True,False,9,9,0,0,0,0.0,0.0,0.0,0.0,0.0
434,216,114,37,7,True,False,25,25,0,0,0,0.0,0.0,0.0,0.0,0.0
434,217,114,37,24,True,False,25,25,0,0,0,0.0,0.0,0.0,0.0,0.0
434,218,114,37,84,True,False,25,25,0,0,0,0.0,0.0,0.0,0.0,0.0
434,219,114,37,115,True,False,25,25,0,0,0,0.0,0.0,0.0,0.0,0.0
434,220,114,37,143,True,False,25,25,0,0,0,0.0,0.0,0.0,0.0,0.0
434,221,114,37,161,True,False,25,25,0,0,0,0.0,0.0,0.0,0.0,0.0
434,222,114,37,217,True,False,25,25,0,0,0,0.0,0.0,0.0,0.0,0.0
434,223,114,37,279,True,False,25,25,0,0,0,0.0,0.0,0.0,0.0,0.0
434,224,114,37,290,True,False,25,25,0,0,0,0.0,0.0,0.0,0.0,0.0
434,225,114,37,316,True,False,25,25,0,0,0,0.0,0.0,0.0,0.0,0.0
434,226,114,37,347,True,False,25,25,0,0,0,0.0,0.0,0.0,0.0,0.0
434,227,114,37,385,True,False,25,25,0,0,0,0.0,0.0,0.0,0.0,0.0
434,228,114,37,402,True,False,25,25,0,0,0,0.0,0.0,0.0,0.0,0.0
434,229,114,37,404,True,False,25,25,0,0,0,0.0,0.0,0.0,0.0,0.0
434,230,114,37,432,True,True,25,25,10,50,1,3.0,7.0,2.0,0.4,2.0
434,231,114,37,474,True,True,25,25,15,89,1,0.0,3.0,3.56,0.6,3.56
435,860,114,207,161,True,False,9,9,0,0,0,0.0,0.0,0.0,0.0,0.0
435,861,114,207,167,True,True,9,9,6,85,1,0.0,2.0,9.444444444444445,0.6666666666666666,9.444444444444445
435,862,114,207,196,True,False,9,9,0,0,0,0.0,0.0,0.0,0.0,0.0
435,863,114,207,263,True,True,9,9,3,15,1,1.0,4.0,1.6666666666666667,0.3333333333333333,1.6666666666666667
435,864,114,207,375,True,False,9,9,0,0,0,0.0,0.0,0.0,0.0,0.0
435,865,114,207,405,True,True,9,9,3,30,1,2.0,5.0,3.3333333333333335,0.3333333333333333,3.3333333333333335
435,866,114,207,440,True,False,9,9,0,0,0,0.0,0.0,0.0,0.0,0.0
435,867,114,207,485,True,False,9,9,0,0,0,0.0,0.0,0.0,0.0,0.0
436,1379,114,347,37,True,True,38,38,38,476,4,0.0,2.0,12.526315789473685,1.0,12.526315789473685
436,1380,114,347,56,True,False,38,38,0,0,0,0.0,0.0,0.0,0.0,0.0
436,1381,114,347,207,True,False,38,38,0,0,0,0.0,0.0,0.0,0.0,0.0
436,1382,114,347,355,True,False,38,38,0,0,0,0.0,0.0,0.0,0.0,0.0
436,1383,114,347,362,True,False,38,38,0,0,0,0.0,0.0,0.0,0.0,0.0
437,281,115,58,13,True,True,423,423,74,74,6,4.0,8.0,0.17494089834515367,0.17494089834515367,0.17494089834515367
437,282,115,58,21,True,True,423,423,27,108,2,1.0,6.0,0.2553191489361702,0.06382978723404255,0.2553191489361702
437,283,115,58,84,True,False,423,423,0,0,0,0.0,0.0,0.0,0.0,0.0
437,284,115,58,129,True,True,423,423,93,477,8,2.0,6.0,1.127659574468085,0.2198581560283688,1.127659574468085
437,285,115,58,156,True,True,423,423,73,75,6,4.0,7.0,0.1773049645390071,0.17257683215130024,0.1773049645390071
437,286,115,58,179,True,True,423,423,115,460,10,0.0,6.0,1.0874704491725768,0.2718676122931442,1.0874704491725768
437,287,115,58,186,True,True,423,423,74,416,5,1.0,6.0,0.983451536643026,0.17494089834515367,0.983451536643026
437,288,115,58,243,True,False,423,423,0,0,0,0.0,0.0,0.0,0.0,0.0
437,289,115,58,245,True,True,423,423,203,1072,15,1.0,7.0,2.534278959810875,0.4799054373522459,2.534278959810875
437,290,115,58,381,True,True,423,423,146,670,11,2.0,7.0,1.5839243498817968,0.34515366430260047,1.5839243498817968
437,291,115,58,389,True,False,423,423,0,0,0,0.0,0.0,0.0,0.0,0.0
437,292,115,58,449,True,True,423,423,44,44,3,4.0,8.0,0.10401891252955082,0.10401891252955082,0.10401891252955082
438,366,115,84,24,True,True,63,63,9,94,2,0.0,3.0,1.492063492063492,0.14285714285714285,1.492063492063492
438,367,115,84,58,True,False,63,63,0,0,0,0.0,0.0,0.0,0.0,0.0
438,368,115,84,115,True,True,63,63,1,5,1,0.0,0.0,0.07936507936507936,0.015873015873015872,0.07936507936507936
438,369,115,84,316,True,True,63,63,1,5,1,0.0,0.0,0.07936507936507936,0.015873015873015872,0.07936507936507936
438,370,115,84,385,True,False,63,63,0,0,0,0.0,0.0,0.0,0.0,0.0
438,371,115,84,389,True,False,63,63,0,0,0,0.0,0.0,0.0,0.0,0.0
438,372,115,84,402,True,False,63,63,0,0,0,0.0,0.0,0.0,0.0,0.0
438,373,115,84,474,True,False,63,63,0,0,0,0.0,0.0,0.0,0.0,0.0
439,374,115,85,84,True,False,57,57,0,0,0,0.0,0.0,0.0,0.0,0.0
439,375,115,85,98,True,False,57,57,0,0,0,0.0,0.0,0.0,0.0,0.0
439,376,115,85,115,True,True,57,57,15,84,4,0.0,0.0,1.4736842105263157,0.2631578947368421,1.4736842105263157
439,377,115,85,167,True,False,57,57,0,0,0,0.0,0.0,0.0,0.0,0.0
439,378,115,85,240,True,False,57,57,0,0,0,0.0,0.0,0.0,0.0,0.0
439,379,115,85,262,True,False,57,57,0,0,0,0.0,0.0,0.0,0.0,0.0
439,380,115,85,309,True,False,57,57,0,0,0,0.0,0.0,0.0,0.0,0.0
439,381,115,85,352,True,False,57,57,0,0,0,0.0,0.0,0.0,0.0,0.0
439,382,115,85,375,True,True,57,57,26,342,3,0.0,3.0,6.0,0.45614035087719296,6.0
439,383,115,85,389,True,False,57,57,0,0,0,0.0,0.0,0.0,0.0,0.0
440,878,115,217,6,True,False,33,33,0,0,0,0.0,0.0,0.0,0.0,0.0
440,879,115,217,13,True,False,33,33,0,0,0,0.0,0.0,0.0,0.0,0.0
440,880,115,217,21,True,False,33,33,0,0,0,0.0,0.0,0.0,0.0,0.0
440,881,115,217,58,True,True,33,33,15,205,1,0.0,3.0,6.212121212121212,0.45454545454545453,6.212121212121212
440,882,115,217,129,True,True,33,33,5,5,1,6.0,7.0,0.15151515151515152,0.15151515151515152,0.15151515151515152
440,883,115,217,156,True,True,33,33,13,13,2,6.0,8.0,0.3939393939393939,0.3939393939393939,0.3939393939393939
440,884,115,217,179,True,True,33,33,5,10,1,5.0,7.0,0.30303030303030304,0.15151515151515152,0.30303030303030304
440,885,115,217,186,True,False,33,33,0,0,0,0.0,0.0,0.0,0.0,0.0
440,886,115,217,243,True,True,33,33,5,25,1,2.0,5.0,0.7575757575757576,0.15151515151515152,0.7575757575757576
440,887,115,217,319,True,True,33,33,13,53,2,4.0,7.0,1.606060606060606,0.3939393939393939,1.606060606060606
440,888,115,217,385,True,False,33,33,0,0,0,0.0,0.0,0.0,0.0,0.0
441,1269,115,316,84,True,True,13,13,4,56,1,0.0,2.0,4.3076923076923075,0.3076923076923077,4.3076923076923075
441,1270,115,316,115,True,False,13,13,0,0,0,0.0,0.0,0.0,0.0,0.0
441,1271,115,316,125,True,False,13,13,0,0,0,0.0,0.0,0.0,0.0,0.0
441,1272,115,316,147,True,False,13,13,0,0,0,0.0,0.0,0.0,0.0,0.0
441,1273,115,316,217,True,True,13,13,5,33,2,0.0,0.0,2.5384615384615383,0.38461538461538464,2.5384615384615383
441,1274,115,316,309,True,False,13,13,0,0,0,0.0,0.0,0.0,0.0,0.0
441,1275,115,316,341,True,False,13,13,0,0,0,0.0,0.0,0.0,0.0,0.0
441,1276,115,316,361,True,False,13,13,0,0,0,0.0,0.0,0.0,0.0,0.0
441,1277,115,316,385,True,True,13,13,4,4,1,2.0,3.5,0.3076923076923077,0.3076923076923077,0.3076923076923077
441,1278,115,316,389,True,True,13,13,4,52,1,0.0,2.0,4.0,0.3076923076923077,4.0
441,1279,115,316,402,True,False,13,13,0,0,0,0.0,0.0,0.0,0.0,0.0
441,1280,115,316,404,True,False,13,13,0,0,0,0.0,0.0,0.0,0.0,0.0
441,1281,115,316,474,True,False,13,13,0,0,0,0.0,0.0,0.0,0.0,0.0
442,1462,115,375,28,True,False,29,29,0,0,0,0.0,0.0,0.0,0.0,0.0
442,1463,115,375,161,True,False,29,29,0,0,0,0.0,0.0,0.0,0.0,0.0
442,1464,115,375,163,True,True,29,29,15,15,1,1.0,4.0,0.5172413793103449,0.5172413793103449,0.5172413793103449
442,1465,115,375,167,True,False,29,29,0,0,0,0.0,0.0,0.0,0.0,0.0
442,1466,115,375,271,True,False,29,29,0,0,0,0.0,0.0,0.0,0.0,0.0
442,1467,115,375,355,True,False,29,29,0,0,0,0.0,0.0,0.0,0.0,0.0
442,1468,115,375,369,True,True,29,29,29,105,2,0.0,2.0,3.6206896551724137,1.0,3.6206896551724137
442,1469,115,375,410,True,False,29,29,0,0,0,0.0,0.0,0.0,0.0,0.0
442,1470,115,375,429,True,False,29,29,0,0,0,0.0,0.0,0.0,0.0,0.0
443,1543,115,389,23,True,False,31,31,0,0,0,0.0,0.0,0.0,0.0,0.0
443,1544,115,389,58,True,True,31,31,3,26,1,0.0,1.0,0.8387096774193549,0.0967741935483871,0.8387096774193549
443,1545,115,389,84,True,False,31,31,0,0,0,0.0,0.0,0.0,0.0,0.0
443,1546,115,389,85,True,False,31,31,0,0,0,0.0,0.0,0.0,0.0,0.0
443,1547,115,389,115,True,False,31,31,0,0,0,0.0,0.0,0.0,0.0,0.0
443,1548,115,389,157,True,False,31,31,0,0,0,0.0,0.0,0.0,0.0,0.0
443,1549,115,389,208,True,True,31,31,9,36,1,5.0,8.0,1.1612903225806452,0.2903225806451613,1.1612903225806452
443,1550,115,389,296,True,True,31,31,28,206,4,6.0,9.0,6.645161290322581,0.9032258064516129,6.645161290322581
443,1551,115,389,385,True,False,31,31,0,0,0,0.0,0.0,0.0,0.0,0.0
443,1552,115,389,474,True,False,31,31,0,0,0,0.0,0.0,0.0,0.0,0.0
444,1583,115,402,7,True,False,9,9,0,0,0,0.0,0.0,0.0,0.0,0.0
444,1584,115,402,24,True,True,9,9,5,10,1,0.0,0.0,1.1111111111111112,0.5555555555555556,1.1111111111111112
444,1585,115,402,77,True,True,9,9,4,40,1,0.0,1.0,4.444444444444445,0.4444444444444444,4.444444444444445
444,1586,115,402,84,True,True,9,9,5,5,1,0.0,0.0,0.5555555555555556,0.5555555555555556,0.5555555555555556
444,1587,115,402,98,True,False,9,9,0,0,0,0.0,0.0,0.0,0.0,0.0
444,1588,115,402,115,True,True,9,9,5,10,1,0.0,0.0,1.1111111111111112,0.5555555555555556,1.1111111111111112
444,1589,115,402,147,True,False,9,9,0,0,0,0.0,0.0,0.0,0.0,0.0
444,1590,115,402,217,True,False,9,9,0,0,0,0.0,0.0,0.0,0.0,0.0
444,1591,115,402,247,True,False,9,9,0,0,0,0.0,0.0,0.0,0.0,0.0
444,1592,115,402,309,True,False,9,9,0,0,0,0.0,0.0,0.0,0.0,0.0
444,1593,115,402,316,True,False,9,9,0,0,0,0.0,0.0,0.0,0.0,0.0
444,1594,115,402,352,True,False,9,9,0,0,0,0.0,0.0,0.0,0.0,0.0
444,1595,115,402,375,True,False,9,9,0,0,0,0.0,0.0,0.0,0.0,0.0
444,1596,115,402,385,True,False,9,9,0,0,0,0.0,0.0,0.0,0.0,0.0
444,1597,115,402,474,True,False,9,9,0,0,0,0.0,0.0,0.0,0.0,0.0
445,1782,115,474,7,True,False,6,6,0,0,0,0.0,0.0,0.0,0.0,0.0
445,1783,115,474,37,True,False,6,6,0,0,0,0.0,0.0,0.0,0.0,0.0
445,1784,115,474,39,True,False,6,6,0,0,0,0.0,0.0,0.0,0.0,0.0
445,1785,115,474,58,True,True,6,6,3,30,1,1.0,4.0,5.0,0.5,5.0
445,1786,115,474,84,True,False,6,6,0,0,0,0.0,0.0,0.0,0.0,0.0
445,1787,115,474,88,True,False,6,6,0,0,0,0.0,0.0,0.0,0.0,0.0
445,1788,115,474,115,True,False,6,6,0,0,0,0.0,0.0,0.0,0.0,0.0
445,1789,115,474,125,True,False,6,6,0,0,0,0.0,0.0,0.0,0.0,0.0
445,1790,115,474,143,True,False,6,6,0,0,0,0.0,0.0,0.0,0.0,0.0
445,1791,115,474,217,True,True,6,6,3,15,1,0.0,3.0,2.5,0.5,2.5
445,1792,115,474,243,True,False,6,6,0,0,0,0.0,0.0,0.0,0.0,0.0
445,1793,115,474,261,True,False,6,6,0,0,0,0.0,0.0,0.0,0.0,0.0
445,1794,115,474,279,True,False,6,6,0,0,0,0.0,0.0,0.0,0.0,0.0
445,1795,115,474,309,True,False,6,6,0,0,0,0.0,0.0,0.0,0.0,0.0
445,1796,115,474,317,True,False,6,6,0,0,0,0.0,0.0,0.0,0.0,0.0
445,1797,115,474,321,True,False,6,6,0,0,0,0.0,0.0,0.0,0.0,0.0
445,1798,115,474,385,True,False,6,6,0,0,0,0.0,0.0,0.0,0.0,0.0
445,1799,115,474,389,True,True,6,6,3,45,1,1.0,5.0,7.5,0.5,7.5
445,1800,115,474,402,True,False,6,6,0,0,0,0.0,0.0,0.0,0.0,0.0
446,69,117,10,109,True,False,366,366,0,0,0,0.0,0.0,0.0,0.0,0.0
446,70,117,10,112,True,True,366,366,1,9,1,1.0,3.0,0.02459016393442623,0.00273224043715847,0.02459016393442623
446,71,117,10,117,True,True,366,366,8,20,1,0.0,0.0,0.0546448087431694,0.02185792349726776,0.0546448087431694
446,72,117,10,173,True,True,366,366,15,65,1,0.0,2.0,0.17759562841530055,0.040983606557377046,0.17759562841530055
446,73,117,10,238,True,False,366,366,0,0,0,0.0,0.0,0.0,0.0,0.0
446,74,117,10,268,True,True,366,366,1,6,1,0.0,3.0,0.01639344262295082,0.00273224043715847,0.01639344262295082
446,75,117,10,281,True,False,366,366,0,0,0,0.0,0.0,0.0,0.0,0.0
446,76,117,10,294,True,True,366,366,7,51,1,0.0,0.0,0.13934426229508196,0.01912568306010929,0.13934426229508196
446,77,117,10,324,True,True,366,366,221,2756,17,0.0,4.0,7.530054644808743,0.6038251366120219,7.530054644808743
446,78,117,10,378,True,True,366,366,19,210,1,0.0,3.0,0.5737704918032787,0.05191256830601093,0.5737704918032787
446,79,117,10,387,True,True,366,366,16,126,1,0.0,2.0,0.3442622950819672,0.04371584699453552,0.3442622950819672
446,80,117,10,462,True,True,366,366,47,380,5,0.0,1.0,1.0382513661202186,0.1284153005464481,1.0382513661202186
446,81,117,10,497,True,True,366,366,63,592,5,0.0,7.0,1.6174863387978142,0.1721311475409836,1.6174863387978142
447,108,117,16,26,True,True,27,27,23,177,3,4.0,9.0,6.555555555555555,0.8518518518518519,6.555555555555555
447,109,117,16,46,True,True,27,27,13,27,2,7.0,10.0,1.0,0.48148148148148145,1.0
447,110,117,16,238,True,True,27,27,2,32,1,0.0,8.0,1.1851851851851851,0.07407407407407407,1.1851851851851851
447,111,117,16,324,True,True,27,27,7,7,2,0.0,6.0,0.25925925925925924,0.25925925925925924,0.25925925925925924
447,112,117,16,328,True,False,27,27,0,0,0,0.0,0.0,0.0,0.0,0.0
447,113,117,16,382,True,False,27,27,0,0,0,0.0,0.0,0.0,0.0,0.0
447,114,117,16,430,True,False,27,27,0,0,0,0.0,0.0,0.0,0.0,0.0
447,115,117,16,462,True,True,27,27,4,20,1,0.0,0.0,0.7407407407407407,0.14814814814814814,0.7407407407407407
447,116,117,16,487,True,False,27,27,0,0,0,0.0,0.0,0.0,0.0,0.0
448,352,117,80,10,True,True,76,76,45,389,5,0.0,1.0,5.118421052631579,0.5921052631578947,5.118421052631579
448,353,117,80,79,True,False,76,76,0,0,0,0.0,0.0,0.0,0.0,0.0
448,354,117,80,118,True,False,76,76,0,0,0,0.0,0.0,0.0,0.0,0.0
448,355,117,80,138,True,False,76,76,0,0,0,0.0,0.0,0.0,0.0,0.0
448,356,117,80,149,True,False,76,76,0,0,0,0.0,0.0,0.0,0.0,0.0
448,357,117,80,151,True,False,76,76,0,0,0,0.0,0.0,0.0,0.0,0.0
448,358,117,80,171,True,False,76,76,0,0,0,0.0,0.0,0.0,0.0,0.0
448,359,117,80,230,True,False,76,76,0,0,0,0.0,0.0,0.0,0.0,0.0
448,360,117,80,258,True,False,76,76,0,0,0,0.0,0.0,0.0,0.0,0.0
448,361,117,80,268,True,True,76,76,35,341,4,0.0,1.0,4.4868421052631575,0.4605263157894737,4.4868421052631575
448,362,117,80,297,True,True,76,76,14,14,1,0.0,2.0,0.18421052631578946,0.18421052631578946,0.18421052631578946
448,363,117,80,311,True,False,76,76,0,0,0,0.0,0.0,0.0,0.0,0.0
448,364,117,80,390,True,False,76,76,0,0,0,0.0,0.0,0.0,0.0,0.0
448,365,117,80,415,True,False,76,76,0,0,0,0.0,0.0,0.0,0.0,0.0
449,831,117,199,10,True,True,70,70,10,87,2,0.0,1.0,1.2428571428571429,0.14285714285714285,1.2428571428571429
449,832,117,199,39,True,False,70,70,0,0,0,0.0,0.0,0.0,0.0,0.0
449,833,117,199,77,True,False,70,70,0,0,0,0.0,0.0,0.0,0.0,0.0
449,834,117,199,117,True,False,70,70,0,0,0,0.0,0.0,0.0,0.0,0.0
449,835,117,199,170,True,False,70,70,0,0,0,0.0,0.0,0.0,0.0,0.0
449,836,117,199,176,True,True,70,70,15,210,1,0.0,5.0,3.0,0.21428571428571427,3.0
449,837,117,199,238,True,False,70,70,0,0,0,0.0,0.0,0.0,0.0,0.0
449,838,117,199,252,True,False,70,70,0,0,0,0.0,0.0,0.0,0.0,0.0
449,839,117,199,317,True,False,70,70,0,0,0,0.0,0.0,0.0,0.0,0.0
449,840,117,199,383,True,False,70,70,0,0,0,0.0,0.0,0.0,0.0,0.0
449,841,117,199,387,True,False,70,70,0,0,0,0.0,0.0,0.0,0.0,0.0
449,842,117,199,402,True,False,70,70,0,0,0,0.0,0.0,0.0,0.0,0.0
449,843,117,199,404,True,False,70,70,0,0,0,0.0,0.0,0.0,0.0,0.0
449,844,117,199,462,True,True,70,70,14,205,1,0.0,3.0,2.9285714285714284,0.2,2.9285714285714284
449,845,117,199,494,True,False,70,70,0,0,0,0.0,0.0,0.0,0.0,0.0
450,932,117,238,10,True,True,35,35,9,65,1,0.0,0.0,1.8571428571428572,0.2571428571428571,1.8571428571428572
450,933,117,238,80,True,False,35,35,0,0,0,0.0,0.0,0.0,0.0,0.0
450,934,117,238,117,True,True,35,35,12,27,2,0.0,0.0,0.7714285714285715,0.34285714285714286,0.7714285714285715
450,935,117,238,149,True,False,35,35,0,0,0,0.0,0.0,0.0,0.0,0.0
450,936,117,238,199,True,False,35,35,0,0,0,0.0,0.0,0.0,0.0,0.0
450,937,117,238,294,True,True,35,35,2,10,1,0.0,0.0,0.2857142857142857,0.05714285714285714,0.2857142857142857
450,938,117,238,317,True,False,35,35,0,0,0,0.0,0.0,0.0,0.0,0.0
450,939,117,238,387,True,False,35,35,0,0,0,0.0,0.0,0.0,0.0,0.0
450,940,117,238,404,True,False,35,35,0,0,0,0.0,0.0,0.0,0.0,0.0
450,941,117,238,494,True,True,35,35,5,15,1,0.0,0.0,0.42857142857142855,0.14285714285714285,0.42857142857142855
451,1099,117,268,112,True,False,8,8,0,0,0,0.0,0.0,0.0,0.0,0.0
451,1100,117,268,171,True,False,8,8,0,0,0,0.0,0.0,0.0,0.0,0.0
451,1101,117,268,173,True,False,8,8,0,0,0,0.0,0.0,0.0,0.0,0.0
451,1102,117,268,205,True,False,8,8,0,0,0,0.0,0.0,0.0,0.0,0.0
451,1103,117,268,271,True,False,8,8,0,0,0,0.0,0.0,0.0,0.0,0.0
451,1104,117,268,297,True,True,8,8,8,115,2,0.0,3.0,14.375,1.0,14.375
451,1105,117,268,371,True,False,8,8,0,0,0,0.0,0.0,0.0,0.0,0.0
451,1106,117,268,390,True,False,8,8,0,0,0,0.0,0.0,0.0,0.0,0.0
451,1107,117,268,410,True,False,8,8,0,0,0,0.0,0.0,0.0,0.0,0.0
452,1153,117,281,13,True,True,28,28,1,1,1,10.0,10.0,0.03571428571428571,0.03571428571428571,0.03571428571428571
452,1154,117,281,21,True,False,28,28,0,0,0,0.0,0.0,0.0,0.0,0.0
452,1155,117,281,61,True,True,28,28,9,45,1,1.0,5.0,1.6071428571428572,0.32142857142857145,1.6071428571428572
452,1156,117,281,74,True,True,28,28,9,9,1,5.0,7.0,0.32142857142857145,0.32142857142857145,0.32142857142857145
452,1157,117,281,117,True,False,28,28,0,0,0,0.0,0.0,0.0,0.0,0.0
452,1158,117,281,141,True,True,28,28,9,45,1,3.0,6.0,1.6071428571428572,0.32142857142857145,1.6071428571428572
452,1159,117,281,179,True,True,28,28,7,16,1,7.0,9.0,0.5714285714285714,0.25,0.5714285714285714
452,1160,117,281,186,True,True,28,28,9,36,1,2.0,5.0,1.2857142857142858,0.32142857142857145,1.2857142857142858
452,1161,117,281,199,True,False,28,28,0,0,0,0.0,0.0,0.0,0.0,0.0
452,1162,117,281,313,True,True,28,28,15,43,2,5.0,8.0,1.5357142857142858,0.5357142857142857,1.5357142857142858
452,1163,117,281,387,True,False,28,28,0,0,0,0.0,0.0,0.0,0.0,0.0
453,1184,117,294,21,True,True,80,80,5,5,1,4.0,6.0,0.0625,0.0625,0.0625
453,1185,117,294,22,True,False,80,80,0,0,0,0.0,0.0,0.0,0.0,0.0
453,1186,117,294,61,True,True,80,80,5,10,1,3.0,5.5,0.125,0.0625,0.125
453,1187,117,294,117,True,False,80,80,0,0,0,0.0,0.0,0.0,0.0,0.0
453,1188,117,294,141,True,False,80,80,0,0,0,0.0,0.0,0.0,0.0,0.0
453,1189,117,294,169,True,False,80,80,0,0,0,0.0,0.0,0.0,0.0,0.0
453,1190,117,294,175,True,False,80,80,0,0,0,0.0,0.0,0.0,0.0,0.0
453,1191,117,294,179,True,True,80,80,5,5,1,5.0,7.0,0.0625,0.0625,0.0625
453,1192,117,294,186,True,False,80,80,0,0,0,0.0,0.0,0.0,0.0,0.0
453,1193,117,294,281,True,True,80,80,53,666,6,0.0,3.0,8.325,0.6625,8.325
453,1194,117,294,313,True,False,80,80,0,0,0,0.0,0.0,0.0,0.0,0.0
453,1195,117,294,433,True,False,80,80,0,0,0,0.0,0.0,0.0,0.0,0.0
453,1196,117,294,455,True,True,80,80,27,334,4,0.0,5.0,4.175,0.3375,4.175
454,1282,117,317,30,True,False,193,193,0,0,0,0.0,0.0,0.0,0.0,0.0
454,1283,117,317,39,True,False,193,193,0,0,0,0.0,0.0,0.0,0.0,0.0
454,1284,117,317,176,True,False,193,193,0,0,0,0.0,0.0,0.0,0.0,0.0
454,1285,117,317,199,True,True,193,193,2,10,1,0.0,0.0,0.05181347150259067,0.010362694300518135,0.05181347150259067
454,1286,117,317,238,True,False,193,193,0,0,0,0.0,0.0,0.0,0.0,0.0
454,1287,117,317,252,True,False,193,193,0,0,0,0.0,0.0,0.0,0.0,0.0
454,1288,117,317,294,True,True,193,193,14,80,1,0.0,1.0,0.41450777202072536,0.07253886010362694,0.41450777202072536
454,1289,117,317,371,True,False,193,193,0,0,0,0.0,0.0,0.0,0.0,0.0
454,1290,117,317,383,True,False,193,193,0,0,0,0.0,0.0,0.0,0.0,0.0
454,1291,117,317,387,True,False,193,193,0,0,0,0.0,0.0,0.0,0.0,0.0
454,1292,117,317,404,True,False,193,193,0,0,0,0.0,0.0,0.0,0.0,0.0
454,1293,117,317,455,True,True,193,193,14,75,1,0.0,1.0,0.38860103626943004,0.07253886010362694,0.38860103626943004
454,1294,117,317,462,True,True,193,193,177,2265,14,0.0,3.0,11.735751295336788,0.917098445595855,11.735751295336788
454,1295,117,317,494,True,False,193,193,0,0,0,0.0,0.0,0.0,0.0,0.0
455,1323,117,324,16,True,True,100,100,17,265,2,0.0,6.0,2.65,0.17,2.65
455,1324,117,324,26,True,False,100,100,0,0,0,0.0,0.0,0.0,0.0,0.0
455,1325,117,324,112,True,True,100,100,7,28,3,7.0,10.0,0.28,0.07,0.28
455,1326,117,324,213,True,False,100,100,0,0,0,0.0,0.0,0.0,0.0,0.0
455,1327,117,324,378,True,True,100,100,9,148,1,0.0,4.0,1.48,0.09,1.48
455,1328,117,324,382,True,False,100,100,0,0,0,0.0,0.0,0.0,0.0,0.0
455,1329,117,324,497,True,True,100,100,3,36,1,3.0,5.0,0.36,0.03,0.36
456,1471,117,378,26,True,False,31,31,0,0,0,0.0,0.0,0.0,0.0,0.0
456,1472,117,378,46,True,False,31,31,0,0,0,0.0,0.0,0.0,0.0,0.0
456,1473,117,378,112,True,True,31,31,1,5,1,8.0,9.0,0.16129032258064516,0.03225806451612903,0.16129032258064516
456,1474,117,378,213,True,True,31,31,1,1,1,10.0,10.0,0.03225806451612903,0.03225806451612903,0.03225806451612903
456,1475,117,378,238,True,False,31,31,0,0,0,0.0,0.0,0.0,0.0,0.0
456,1476,117,378,294,True,False,31,31,0,0,0,0.0,0.0,0.0,0.0,0.0
456,1477,117,378,324,True,True,31,31,1,5,1,0.0,0.0,0.16129032258064516,0.03225806451612903,0.16129032258064516
456,1478,117,378,382,True,False,31,31,0,0,0,0.0,0.0,0.0,0.0,0.0
456,1479,117,378,462,True,False,31,31,0,0,0,0.0,0.0,0.0,0.0,0.0
457,1505,117,383,21,True,False,8,8,0,0,0,0.0,0.0,0.0,0.0,0.0
457,1506,117,383,39,True,False,8,8,0,0,0,0.0,0.0,0.0,0.0,0.0
457,1507,117,383,61,True,False,8,8,0,0,0,0.0,0.0,0.0,0.0,0.0
457,1508,117,383,129,True,True,8,8,3,3,1,8.0,9.0,0.375,0.375,0.375
457,1509,117,383,141,True,True,8,8,5,5,1,5.0,7.0,0.625,0.625,0.625
457,1510,117,383,169,True,True,8,8,5,45,1,1.0,5.0,5.625,0.625,5.625
457,1511,117,383,179,True,True,8,8,3,6,1,7.0,8.5,0.75,0.375,0.75
457,1512,117,383,186,True,False,8,8,0,0,0,0.0,0.0,0.0,0.0,0.0
457,1513,117,383,273,True,False,8,8,0,0,0,0.0,0.0,0.0,0.0,0.0
457,1514,117,383,281,True,False,8,8,0,0,0,0.0,0.0,0.0,0.0,0.0
457,1515,117,383,313,True,False,8,8,0,0,0,0.0,0.0,0.0,0.0,0.0
457,1516,117,383,317,True,False,8,8,0,0,0,0.0,0.0,0.0,0.0,0.0
457,1517,117,383,335,True,False,8,8,0,0,0,0.0,0.0,0.0,0.0,0.0
457,1518,117,383,433,True,False,8,8,0,0,0,0.0,0.0,0.0,0.0,0.0
457,1519,117,383,455,True,True,8,8,3,27,1,4.0,7.0,3.375,0.375,3.375
457,1520,117,383,508,True,False,8,8,0,0,0,0.0,0.0,0.0,0.0,0.0
458,1534,117,387,6,True,False,24,24,0,0,0,0.0,0.0,0.0,0.0,0.0
458,1535,117,387,10,True,False,24,24,0,0,0,0.0,0.0,0.0,0.0,0.0
458,1536,117,387,117,True,False,24,24,0,0,0,0.0,0.0,0.0,0.0,0.0
458,1537,117,387,175,True,False,24,24,0,0,0,0.0,0.0,0.0,0.0,0.0
458,1538,117,387,281,True,True,24,24,16,166,4,0.0,2.0,6.916666666666667,0.6666666666666666,6.916666666666667
458,1539,117,387,294,True,True,24,24,4,14,1,0.0,1.0,0.5833333333333334,0.16666666666666666,0.5833333333333334
458,1540,117,387,309,True,False,24,24,0,0,0,0.0,0.0,0.0,0.0,0.0
458,1541,117,387,383,True,False,24,24,0,0,0,0.0,0.0,0.0,0.0,0.0
458,1542,117,387,455,True,False,24,24,0,0,0,0.0,0.0,0.0,0.0,0.0
459,1726,117,455,13,True,False,34,34,0,0,0,0.0,0.0,0.0,0.0,0.0
459,1727,117,455,21,True,False,34,34,0,0,0,0.0,0.0,0.0,0.0,0.0
459,1728,117,455,39,True,False,34,34,0,0,0,0.0,0.0,0.0,0.0,0.0
459,1729,117,455,61,True,True,34,34,15,70,1,3.0,7.5,2.0588235294117645,0.4411764705882353,2.0588235294117645
459,1730,117,455,74,True,False,34,34,0,0,0,0.0,0.0,0.0,0.0,0.0
459,1731,117,455,117,True,False,34,34,0,0,0,0.0,0.0,0.0,0.0,0.0
459,1732,117,455,129,True,True,34,34,19,87,2,2.0,6.0,2.5588235294117645,0.5588235294117647,2.5588235294117645
459,1733,117,455,141,True,True,34,34,15,65,1,5.0,9.0,1.911764705882353,0.4411764705882353,1.911764705882353
459,1734,117,455,169,True,False,34,34,0,0,0,0.0,0.0,0.0,0.0,0.0
459,1735,117,455,179,True,True,34,34,9,27,1,3.0,6.0,0.7941176470588235,0.2647058823529412,0.7941176470588235
459,1736,117,455,186,True,True,34,34,15,55,1,4.0,8.0,1.6176470588235294,0.4411764705882353,1.6176470588235294
459,1737,117,455,199,True,False,34,34,0,0,0,0.0,0.0,0.0,0.0,0.0
459,1738,117,455,248,True,True,34,34,10,10,1,7.0,9.0,0.29411764705882354,0.29411764705882354,0.29411764705882354
459,1739,117,455,281,True,False,34,34,0,0,0,0.0,0.0,0.0,0.0,0.0
459,1740,117,455,313,True,False,34,34,0,0,0,0.0,0.0,0.0,0.0,0.0
459,1741,117,455,317,True,False,34,34,0,0,0,0.0,0.0,0.0,0.0,0.0
459,1742,117,455,383,True,False,34,34,0,0,0,0.0,0.0,0.0,0.0,0.0
459,1743,117,455,508,True,False,34,34,0,0,0,0.0,0.0,0.0,0.0,0.0
460,1744,117,462,16,True,True,111,111,62,821,6,0.0,6.0,7.396396396396397,0.5585585585585585,7.396396396396397
460,1745,117,462,26,True,True,111,111,5,8,2,0.0,9.5,0.07207207207207207,0.04504504504504504,0.07207207207207207
460,1746,117,462,30,True,False,111,111,0,0,0,0.0,0.0,0.0,0.0,0.0
460,1747,117,462,46,True,False,111,111,0,0,0,0.0,0.0,0.0,0.0,0.0
460,1748,117,462,109,True,True,111,111,1,2,1,0.0,0.5,0.018018018018018018,0.009009009009009009,0.018018018018018018
460,1749,117,462,266,True,False,111,111,0,0,0,0.0,0.0,0.0,0.0,0.0
460,1750,117,462,324,True,True,111,111,14,70,2,0.0,3.0,0.6306306306306306,0.12612612612612611,0.6306306306306306
460,1751,117,462,378,True,True,111,111,35,534,3,0.0,6.0,4.8108108108108105,0.3153153153153153,4.8108108108108105
460,1752,117,462,430,True,False,111,111,0,0,0,0.0,0.0,0.0,0.0,0.0
460,1753,117,462,487,True,False,111,111,0,0,0,0.0,0.0,0.0,0.0,0.0
460,1754,117,462,497,True,True,111,111,7,68,3,1.0,4.5,0.6126126126126126,0.06306306306306306,0.6126126126126126
461,1844,117,494,16,True,False,27,27,0,0,0,0.0,0.0,0.0,0.0,0.0
461,1845,117,494,39,True,False,27,27,0,0,0,0.0,0.0,0.0,0.0,0.0
461,1846,117,494,109,True,False,27,27,0,0,0,0.0,0.0,0.0,0.0,0.0
461,1847,117,494,117,True,True,27,27,4,4,1,0.0,0.5,0.14814814814814814,0.14814814814814814,0.14814814814814814
461,1848,117,494,169,True,False,27,27,0,0,0,0.0,0.0,0.0,0.0,0.0
461,1849,117,494,170,True,False,27,27,0,0,0,0.0,0.0,0.0,0.0,0.0
461,1850,117,494,176,True,False,27,27,0,0,0,0.0,0.0,0.0,0.0,0.0
461,1851,117,494,199,True,False,27,27,0,0,0,0.0,0.0,0.0,0.0,0.0
461,1852,117,494,238,True,False,27,27,0,0,0,0.0,0.0,0.0,0.0,0.0
461,1853,117,494,252,True,False,27,27,0,0,0,0.0,0.0,0.0,0.0,0.0
461,1854,117,494,294,True,False,27,27,0,0,0,0.0,0.0,0.0,0.0,0.0
461,1855,117,494,311,True,True,27,27,16,127,2,0.0,2.0,4.703703703703703,0.5925925925925926,4.703703703703703
461,1856,117,494,317,True,False,27,27,0,0,0,0.0,0.0,0.0,0.0,0.0
461,1857,117,494,383,True,True,27,27,2,14,1,0.0,0.0,0.5185185185185185,0.07407407407407407,0.5185185185185185
461,1858,117,494,404,True,False,27,27,0,0,0,0.0,0.0,0.0,0.0,0.0
461,1859,117,494,455,True,False,27,27,0,0,0,0.0,0.0,0.0,0.0,0.0
461,1860,117,494,462,True,True,27,27,12,72,1,0.0,4.0,2.6666666666666665,0.4444444444444444,2.6666666666666665
461,1861,117,494,474,True,False,27,27,0,0,0,0.0,0.0,0.0,0.0,0.0
462,304,118,63,8,True,True,319,319,83,795,6,0.0,5.0,2.4921630094043885,0.2601880877742947,2.4921630094043885
462,305,118,63,42,True,True,319,319,15,225,1,0.0,5.0,0.7053291536050157,0.047021943573667714,0.7053291536050157
462,306,118,63,80,True,True,319,319,6,18,1,3.0,5.0,0.05642633228840126,0.018808777429467086,0.05642633228840126
462,307,118,63,118,True,True,319,319,14,19,2,0.0,0.0,0.05956112852664577,0.0438871473354232,0.05956112852664577
462,308,118,63,138,True,False,319,319,0,0,0,0.0,0.0,0.0,0.0,0.0
462,309,118,63,146,True,False,319,319,0,0,0,0.0,0.0,0.0,0.0,0.0
462,310,118,63,149,True,True,319,319,117,1147,7,0.0,5.0,3.595611285266458,0.3667711598746082,3.595611285266458
462,311,118,63,151,True,True,319,319,49,513,5,0.0,5.0,1.6081504702194358,0.1536050156739812,1.6081504702194358
462,312,118,63,230,True,True,319,319,29,68,2,5.0,8.0,0.21316614420062696,0.09090909090909091,0.21316614420062696
462,313,118,63,238,True,True,319,319,6,72,1,0.0,4.0,0.22570532915360503,0.018808777429467086,0.22570532915360503
462,314,118,63,258,True,True,319,319,10,10,1,3.0,5.0,0.03134796238244514,0.03134796238244514,0.03134796238244514
462,315,118,63,311,True,False,319,319,0,0,0,0.0,0.0,0.0,0.0,0.0
462,316,118,63,390,True,True,319,319,29,365,2,0.0,6.0,1.1442006269592477,0.09090909090909091,1.1442006269592477
462,317,118,63,415,True,True,319,319,22,113,2,0.0,4.0,0.3542319749216301,0.06896551724137931,0.3542319749216301
463,1359,118,340,42,True,False,23,23,0,0,0,0.0,0.0,0.0,0.0,0.0
463,1360,118,340,63,True,True,23,23,17,134,2,0.0,0.0,5.826086956521739,0.7391304347826086,5.826086956521739
463,1361,118,340,138,True,False,23,23,0,0,0,0.0,0.0,0.0,0.0,0.0
463,1362,118,340,173,True,True,23,23,6,24,1,0.0,0.5,1.0434782608695652,0.2608695652173913,1.0434782608695652
463,1363,118,340,258,True,False,23,23,0,0,0,0.0,0.0,0.0,0.0,0.0
463,1364,118,340,382,True,False,23,23,0,0,0,0.0,0.0,0.0,0.0,0.0
463,1365,118,340,405,True,False,23,23,0,0,0,0.0,0.0,0.0,0.0,0.0
463,1366,118,340,415,True,False,23,23,0,0,0,0.0,0.0,0.0,0.0,0.0
464,1224,120,304,37,True,False,4,4,0,0,0,0.0,0.0,0.0,0.0,0.0
464,1225,120,304,120,True,True,4,4,4,23,2,0.0,0.0,5.75,1.0,5.75
464,1226,120,304,224,True,False,4,4,0,0,0,0.0,0.0,0.0,0.0,0.0
464,1227,120,304,227,True,False,4,4,0,0,0,0.0,0.0,0.0,0.0,0.0
465,13,121,2,21,True,False,60,60,0,0,0,0.0,0.0,0.0,0.0,0.0
465,14,121,2,31,True,False,60,60,0,0,0,0.0,0.0,0.0,0.0,0.0
465,15,121,2,43,True,False,60,60,0,0,0,0.0,0.0,0.0,0.0,0.0
465,16,121,2,61,True,False,60,60,0,0,0,0.0,0.0,0.0,0.0,0.0
465,17,121,2,74,True,False,60,60,0,0,0,0.0,0.0,0.0,0.0,0.0
465,18,121,2,126,True,True,60,60,18,58,2,0.0,2.0,0.9666666666666667,0.3,0.9666666666666667
465,19,121,2,144,True,False,60,60,0,0,0,0.0,0.0,0.0,0.0,0.0
465,20,121,2,175,True,True,60,60,1,5,1,0.0,0.0,0.08333333333333333,0.016666666666666666,0.08333333333333333
465,21,121,2,179,True,False,60,60,0,0,0,0.0,0.0,0.0,0.0,0.0
465,22,121,2,186,True,False,60,60,0,0,0,0.0,0.0,0.0,0.0,0.0
465,23,121,2,313,True,False,60,60,0,0,0,0.0,0.0,0.0,0.0,0.0
465,24,121,2,488,True,False,60,60,0,0,0,0.0,0.0,0.0,0.0,0.0
466,129,121,22,21,True,False,12,12,0,0,0,0.0,0.0,0.0,0.0,0.0
466,130,121,22,31,True,False,12,12,0,0,0,0.0,0.0,0.0,0.0,0.0
466,131,121,22,43,True,False,12,12,0,0,0,0.0,0.0,0.0,0.0,0.0
466,132,121,22,61,True,False,12,12,0,0,0,0.0,0.0,0.0,0.0,0.0
466,133,121,22,74,True,False,12,12,0,0,0,0.0,0.0,0.0,0.0,0.0
466,134,121,22,79,True,True,12,12,4,4,2,3.0,5.5,0.3333333333333333,0.3333333333333333,0.3333333333333333
466,135,121,22,139,True,True,12,12,12,57,5,0.0,1.0,4.75,1.0,4.75
466,136,121,22,144,True,True,12,12,3,12,1,0.0,0.0,1.0,0.25,1.0
466,137,121,22,175,True,False,12,12,0,0,0,0.0,0.0,0.0,0.0,0.0
466,138,121,22,179,True,False,12,12,0,0,0,0.0,0.0,0.0,0.0,0.0
466,139,121,22,186,True,False,12,12,0,0,0,0.0,0.0,0.0,0.0,0.0
466,140,121,22,273,True,True,12,12,8,41,3,0.0,3.0,3.4166666666666665,0.6666666666666666,3.4166666666666665
467,425,121,113,7,True,True,144,144,33,293,6,0.0,4.0,2.0347222222222223,0.22916666666666666,2.0347222222222223
467,426,121,113,133,True,True,144,144,23,107,4,1.0,5.0,0.7430555555555556,0.1597222222222222,0.7430555555555556
467,427,121,113,143,True,False,144,144,0,0,0,0.0,0.0,0.0,0.0,0.0
467,428,121,113,157,True,True,144,144,7,21,1,2.0,4.0,0.14583333333333334,0.04861111111111111,0.14583333333333334
467,429,121,113,196,True,True,144,144,21,105,3,1.0,5.0,0.7291666666666666,0.14583333333333334,0.7291666666666666
467,430,121,113,279,True,False,144,144,0,0,0,0.0,0.0,0.0,0.0,0.0
467,431,121,113,318,True,False,144,144,0,0,0,0.0,0.0,0.0,0.0,0.0
467,432,121,113,440,True,True,144,144,8,100,3,0.0,3.0,0.6944444444444444,0.05555555555555555,0.6944444444444444
467,433,121,113,509,True,False,144,144,0,0,0,0.0,0.0,0.0,0.0,0.0
468,514,121,139,22,True,True,194,194,3,9,1,4.0,5.0,0.04639175257731959,0.015463917525773196,0.04639175257731959
468,515,121,139,79,True,True,194,194,22,215,7,0.0,2.0,1.1082474226804124,0.1134020618556701,1.1082474226804124
468,516,121,139,80,True,True,194,194,32,281,11,0.0,2.0,1.4484536082474226,0.16494845360824742,1.4484536082474226
468,517,121,139,126,True,False,194,194,0,0,0,0.0,0.0,0.0,0.0,0.0
468,518,121,139,144,True,False,194,194,0,0,0,0.0,0.0,0.0,0.0,0.0
468,519,121,139,149,True,True,194,194,61,478,12,0.0,3.0,2.463917525773196,0.31443298969072164,2.463917525773196
468,520,121,139,151,True,True,194,194,13,30,3,0.0,3.0,0.15463917525773196,0.06701030927835051,0.15463917525773196
468,521,121,139,175,True,True,194,194,1,2,1,0.0,0.5,0.010309278350515464,0.005154639175257732,0.010309278350515464
468,522,121,139,184,True,True,194,194,50,453,13,0.0,5.0,2.3350515463917527,0.25773195876288657,2.3350515463917527
468,523,121,139,199,True,False,194,194,0,0,0,0.0,0.0,0.0,0.0,0.0
468,524,121,139,229,True,True,194,194,11,72,3,0.0,3.5,0.3711340206185567,0.05670103092783505,0.3711340206185567
468,525,121,139,230,True,True,194,194,86,496,16,0.0,4.0,2.556701030927835,0.44329896907216493,2.556701030927835
468,526,121,139,258,True,True,194,194,4,16,1,2.0,5.0,0.08247422680412371,0.020618556701030927,0.08247422680412371
468,527,121,139,273,True,True,194,194,5,32,1,0.0,1.0,0.16494845360824742,0.02577319587628866,0.16494845360824742
468,528,121,139,311,True,True,194,194,16,152,4,1.0,5.0,0.7835051546391752,0.08247422680412371,0.7835051546391752
468,529,121,139,315,True,True,194,194,1,10,1,1.0,3.0,0.05154639175257732,0.005154639175257732,0.05154639175257732
468,530,121,139,390,True,True,194,194,18,69,4,1.0,5.0,0.3556701030927835,0.09278350515463918,0.3556701030927835
468,531,121,139,415,True,True,194,194,17,120,5,0.0,2.0,0.6185567010309279,0.08762886597938144,0.6185567010309279
469,558,121,144,2,True,True,103,103,14,64,2,4.0,9.0,0.6213592233009708,0.13592233009708737,0.6213592233009708
469,559,121,144,21,True,False,103,103,0,0,0,0.0,0.0,0.0,0.0,0.0
469,560,121,144,22,True,True,103,103,6,18,1,0.0,0.0,0.17475728155339806,0.05825242718446602,0.17475728155339806
469,561,121,144,31,True,False,103,103,0,0,0,0.0,0.0,0.0,0.0,0.0
469,562,121,144,61,True,False,103,103,0,0,0,0.0,0.0,0.0,0.0,0.0
469,563,121,144,74,True,False,103,103,0,0,0,0.0,0.0,0.0,0.0,0.0
469,564,121,144,79,True,True,103,103,24,248,3,1.0,7.0,2.407766990291262,0.23300970873786409,2.407766990291262
469,565,121,144,126,True,True,103,103,41,430,6,0.0,5.0,4.174757281553398,0.39805825242718446,4.174757281553398
469,566,121,144,139,True,True,103,103,6,46,1,0.0,4.0,0.44660194174757284,0.05825242718446602,0.44660194174757284
469,567,121,144,179,True,False,103,103,0,0,0,0.0,0.0,0.0,0.0,0.0
469,568,121,144,186,True,False,103,103,0,0,0,0.0,0.0,0.0,0.0,0.0
469,569,121,144,229,True,False,103,103,0,0,0,0.0,0.0,0.0,0.0,0.0
469,570,121,144,248,True,False,103,103,0,0,0,0.0,0.0,0.0,0.0,0.0
469,571,121,144,315,True,True,103,103,7,55,1,0.0,4.0,0.5339805825242718,0.06796116504854369,0.5339805825242718
469,572,121,144,488,True,False,103,103,0,0,0,0.0,0.0,0.0,0.0,0.0
470,758,121,175,2,True,True,288,288,9,64,2,0.0,2.0,0.2222222222222222,0.03125,0.2222222222222222
470,759,121,175,21,True,False,288,288,0,0,0,0.0,0.0,0.0,0.0,0.0
470,760,121,175,31,True,False,288,288,0,0,0,0.0,0.0,0.0,0.0,0.0
470,761,121,175,43,True,False,288,288,0,0,0,0.0,0.0,0.0,0.0,0.0
470,762,121,175,61,True,False,288,288,0,0,0,0.0,0.0,0.0,0.0,0.0
470,763,121,175,74,True,False,288,288,0,0,0,0.0,0.0,0.0,0.0,0.0
470,764,121,175,80,True,True,288,288,68,452,11,0.0,4.0,1.5694444444444444,0.2361111111111111,1.5694444444444444
470,765,121,175,126,True,True,288,288,19,97,3,0.0,3.0,0.3368055555555556,0.06597222222222222,0.3368055555555556
470,766,121,175,139,True,True,288,288,105,771,20,0.0,1.0,2.6770833333333335,0.3645833333333333,2.6770833333333335
470,767,121,175,179,True,False,288,288,0,0,0,0.0,0.0,0.0,0.0,0.0
470,768,121,175,186,True,False,288,288,0,0,0,0.0,0.0,0.0,0.0,0.0
470,769,121,175,248,True,False,288,288,0,0,0,0.0,0.0,0.0,0.0,0.0
470,770,121,175,258,True,True,288,288,16,59,2,1.0,6.0,0.2048611111111111,0.05555555555555555,0.2048611111111111
470,771,121,175,273,True,True,288,288,5,28,2,0.0,0.0,0.09722222222222222,0.017361111111111112,0.09722222222222222
470,772,121,175,311,True,True,288,288,36,141,5,0.0,5.0,0.4895833333333333,0.125,0.4895833333333333
470,773,121,175,390,True,True,288,288,9,9,1,2.0,4.0,0.03125,0.03125,0.03125
470,774,121,175,415,True,True,288,288,36,208,5,0.0,4.0,0.7222222222222222,0.125,0.7222222222222222
470,775,121,175,488,True,False,288,288,0,0,0,0.0,0.0,0.0,0.0,0.0
471,997,121,251,21,True,False,121,121,0,0,0,0.0,0.0,0.0,0.0,0.0
471,998,121,251,88,True,True,121,121,9,80,1,0.0,3.0,0.6611570247933884,0.0743801652892562,0.6611570247933884
471,999,121,251,113,True,True,121,121,30,211,4,0.0,1.0,1.743801652892562,0.24793388429752067,1.743801652892562
471,1000,121,251,156,True,False,121,121,0,0,0,0.0,0.0,0.0,0.0,0.0
471,1001,121,251,157,True,True,121,121,9,9,1,2.0,4.0,0.0743801652892562,0.0743801652892562,0.0743801652892562
471,1002,121,251,161,True,True,121,121,20,107,3,0.0,5.0,0.8842975206611571,0.1652892561983471,0.8842975206611571
471,1003,121,251,179,True,False,121,121,0,0,0,0.0,0.0,0.0,0.0,0.0
471,1004,121,251,186,True,False,121,121,0,0,0,0.0,0.0,0.0,0.0,0.0
471,1005,121,251,245,True,False,121,121,0,0,0,0.0,0.0,0.0,0.0,0.0
471,1006,121,251,253,True,False,121,121,0,0,0,0.0,0.0,0.0,0.0,0.0
471,1007,121,251,279,True,True,121,121,17,160,3,0.0,4.0,1.322314049586777,0.14049586776859505,1.322314049586777
471,1008,121,251,319,True,False,121,121,0,0,0,0.0,0.0,0.0,0.0,0.0
471,1009,121,251,381,True,False,121,121,0,0,0,0.0,0.0,0.0,0.0,0.0
471,1010,121,251,449,True,False,121,121,0,0,0,0.0,0.0,0.0,0.0,0.0
472,1127,121,273,21,True,False,294,294,0,0,0,0.0,0.0,0.0,0.0,0.0
472,1128,121,273,22,True,True,294,294,38,249,6,0.0,5.0,0.8469387755102041,0.1292517006802721,0.8469387755102041
472,1129,121,273,31,True,False,294,294,0,0,0,0.0,0.0,0.0,0.0,0.0
472,1130,121,273,43,True,False,294,294,0,0,0,0.0,0.0,0.0,0.0,0.0
472,1131,121,273,61,True,False,294,294,0,0,0,0.0,0.0,0.0,0.0,0.0
472,1132,121,273,74,True,False,294,294,0,0,0,0.0,0.0,0.0,0.0,0.0
472,1133,121,273,79,True,True,294,294,97,770,13,0.0,5.0,2.619047619047619,0.3299319727891156,2.619047619047619
472,1134,121,273,80,True,True,294,294,35,227,5,0.0,2.0,0.7721088435374149,0.11904761904761904,0.7721088435374149
472,1135,121,273,126,True,True,294,294,7,14,1,1.0,3.0,0.047619047619047616,0.023809523809523808,0.047619047619047616
472,1136,121,273,139,True,True,294,294,158,1106,28,0.0,1.0,3.761904761904762,0.5374149659863946,3.761904761904762
472,1137,121,273,144,True,True,294,294,5,60,1,0.0,4.0,0.20408163265306123,0.017006802721088437,0.20408163265306123
472,1138,121,273,151,True,True,294,294,11,47,2,0.0,4.0,0.1598639455782313,0.03741496598639456,0.1598639455782313
472,1139,121,273,179,True,False,294,294,0,0,0,0.0,0.0,0.0,0.0,0.0
472,1140,121,273,184,True,True,294,294,28,158,4,0.0,5.0,0.5374149659863946,0.09523809523809523,0.5374149659863946
472,1141,121,273,186,True,False,294,294,0,0,0,0.0,0.0,0.0,0.0,0.0
472,1142,121,273,229,True,True,294,294,8,22,1,0.0,1.0,0.07482993197278912,0.027210884353741496,0.07482993197278912
472,1143,121,273,230,True,True,294,294,15,60,3,2.0,6.0,0.20408163265306123,0.05102040816326531,0.20408163265306123
472,1144,121,273,248,True,False,294,294,0,0,0,0.0,0.0,0.0,0.0,0.0
473,1801,121,481,21,True,False,7,7,0,0,0,0.0,0.0,0.0,0.0,0.0
473,1802,121,481,74,True,False,7,7,0,0,0,0.0,0.0,0.0,0.0,0.0
473,1803,121,481,113,True,True,7,7,2,10,1,0.0,0.0,1.4285714285714286,0.2857142857142857,1.4285714285714286
473,1804,121,481,179,True,False,7,7,0,0,0,0.0,0.0,0.0,0.0,0.0
473,1805,121,481,253,True,False,7,7,0,0,0,0.0,0.0,0.0,0.0,0.0
473,1806,121,481,261,True,False,7,7,0,0,0,0.0,0.0,0.0,0.0,0.0
473,1807,121,481,319,True,False,7,7,0,0,0,0.0,0.0,0.0,0.0,0.0
474,30,125,6,13,True,True,88,88,15,15,1,2.0,5.0,0.17045454545454544,0.17045454545454544,0.17045454545454544
474,31,125,6,21,True,True,88,88,30,120,2,2.0,6.0,1.3636363636363635,0.3409090909090909,1.3636363636363635
474,32,125,6,125,True,False,88,88,0,0,0,0.0,0.0,0.0,0.0,0.0
474,33,125,6,156,True,True,88,88,30,30,2,5.0,8.0,0.3409090909090909,0.3409090909090909,0.3409090909090909
474,34,125,6,179,True,True,88,88,43,156,3,0.0,4.0,1.7727272727272727,0.48863636363636365,1.7727272727272727
474,35,125,6,186,True,False,88,88,0,0,0,0.0,0.0,0.0,0.0,0.0
474,36,125,6,243,True,False,88,88,0,0,0,0.0,0.0,0.0,0.0,0.0
474,37,125,6,245,True,False,88,88,0,0,0,0.0,0.0,0.0,0.0,0.0
474,38,125,6,309,True,False,88,88,0,0,0,0.0,0.0,0.0,0.0,0.0
474,39,125,6,313,True,True,88,88,58,243,4,0.0,5.0,2.7613636363636362,0.6590909090909091,2.7613636363636362
474,40,125,6,319,True,False,88,88,0,0,0,0.0,0.0,0.0,0.0,0.0
474,41,125,6,381,True,True,88,88,30,150,2,3.0,7.0,1.7045454545454546,0.3409090909090909,1.7045454545454546
475,141,125,23,7,True,False,104,104,0,0,0,0.0,0.0,0.0,0.0,0.0
475,142,125,23,24,True,True,104,104,14,14,1,0.0,2.0,0.1346153846153846,0.1346153846153846,0.1346153846153846
475,143,125,23,85,True,False,104,104,0,0,0,0.0,0.0,0.0,0.0,0.0
475,144,125,23,88,True,False,104,104,0,0,0,0.0,0.0,0.0,0.0,0.0
475,145,125,23,143,True,False,104,104,0,0,0,0.0,0.0,0.0,0.0,0.0
475,146,125,23,157,True,True,104,104,23,69,1,0.0,1.0,0.6634615384615384,0.22115384615384615,0.6634615384615384
475,147,125,23,247,True,False,104,104,0,0,0,0.0,0.0,0.0,0.0,0.0
475,148,125,23,262,True,False,104,104,0,0,0,0.0,0.0,0.0,0.0,0.0
475,149,125,23,279,True,False,104,104,0,0,0,0.0,0.0,0.0,0.0,0.0
475,150,125,23,309,True,True,104,104,32,72,2,0.0,1.5,0.6923076923076923,0.3076923076923077,0.6923076923076923
475,151,125,23,316,True,True,104,104,17,17,2,0.0,1.0,0.16346153846153846,0.16346153846153846,0.16346153846153846
475,152,125,23,385,True,True,104,104,8,20,1,0.0,1.0,0.19230769230769232,0.07692307692307693,0.19230769230769232
475,153,125,23,389,True,False,104,104,0,0,0,0.0,0.0,0.0,0.0,0.0
475,154,125,23,402,True,True,104,104,52,341,4,0.0,1.0,3.2788461538461537,0.5,3.2788461538461537
475,155,125,23,474,True,True,104,104,21,45,2,0.0,3.0,0.4326923076923077,0.20192307692307693,0.4326923076923077
476,878,125,217,6,True,False,32,32,0,0,0,0.0,0.0,0.0,0.0,0.0
476,879,125,217,13,True,False,32,32,0,0,0,0.0,0.0,0.0,0.0,0.0
476,880,125,217,21,True,True,32,32,17,68,2,1.0,5.0,2.125,0.53125,2.125
476,881,125,217,58,True,False,32,32,0,0,0,0.0,0.0,0.0,0.0,0.0
476,882,125,217,129,True,False,32,32,0,0,0,0.0,0.0,0.0,0.0,0.0
476,883,125,217,156,True,False,32,32,0,0,0,0.0,0.0,0.0,0.0,0.0
476,884,125,217,179,True,False,32,32,0,0,0,0.0,0.0,0.0,0.0,0.0
476,885,125,217,186,True,False,32,32,0,0,0,0.0,0.0,0.0,0.0,0.0
476,886,125,217,243,True,False,32,32,0,0,0,0.0,0.0,0.0,0.0,0.0
476,887,125,217,319,True,True,32,32,32,102,3,3.0,7.0,3.1875,1.0,3.1875
476,888,125,217,385,True,False,32,32,0,0,0,0.0,0.0,0.0,0.0,0.0
477,973,125,247,125,True,True,9,9,5,25,1,0.0,0.0,2.7777777777777777,0.5555555555555556,2.7777777777777777
477,974,125,247,163,True,False,9,9,0,0,0,0.0,0.0,0.0,0.0,0.0
477,975,125,247,259,True,False,9,9,0,0,0,0.0,0.0,0.0,0.0,0.0
477,976,125,247,262,True,False,9,9,0,0,0,0.0,0.0,0.0,0.0,0.0
477,977,125,247,371,True,False,9,9,0,0,0,0.0,0.0,0.0,0.0,0.0
477,978,125,247,402,True,True,9,9,4,16,1,0.0,0.0,1.7777777777777777,0.4444444444444444,1.7777777777777777
477,979,125,247,432,True,False,9,9,0,0,0,0.0,0.0,0.0,0.0,0.0
478,1197,125,296,84,True,False,18,18,0,0,0,0.0,0.0,0.0,0.0,0.0
478,1198,125,296,98,True,False,18,18,0,0,0,0.0,0.0,0.0,0.0,0.0
478,1199,125,296,147,True,False,18,18,0,0,0,0.0,0.0,0.0,0.0,0.0
478,1200,125,296,208,True,False,18,18,0,0,0,0.0,0.0,0.0,0.0,0.0
478,1201,125,296,240,True,False,18,18,0,0,0,0.0,0.0,0.0,0.0,0.0
479,1228,125,309,6,True,True,101,101,5,10,1,0.0,0.0,0.09900990099009901,0.04950495049504951,0.09900990099009901
479,1229,125,309,24,True,True,101,101,14,210,1,1.0,6.0,2.0792079207920793,0.13861386138613863,2.0792079207920793
479,1230,125,309,125,True,True,101,101,10,40,2,0.0,0.0,0.39603960396039606,0.09900990099009901,0.39603960396039606
479,1231,125,309,147,True,False,101,101,0,0,0,0.0,0.0,0.0,0.0,0.0
479,1232,125,309,217,True,False,101,101,0,0,0,0.0,0.0,0.0,0.0,0.0
479,1233,125,309,224,True,False,101,101,0,0,0,0.0,0.0,0.0,0.0,0.0
479,1234,125,309,227,True,False,101,101,0,0,0,0.0,0.0,0.0,0.0,0.0
479,1235,125,309,316,True,False,101,101,0,0,0,0.0,0.0,0.0,0.0,0.0
479,1236,125,309,352,True,False,101,101,0,0,0,0.0,0.0,0.0,0.0,0.0
479,1237,125,309,361,True,False,101,101,0,0,0,0.0,0.0,0.0,0.0,0.0
479,1238,125,309,387,True,False,101,101,0,0,0,0.0,0.0,0.0,0.0,0.0
479,1239,125,309,474,True,False,101,101,0,0,0,0.0,0.0,0.0,0.0,0.0
480,1521,125,385,23,True,False,13,13,0,0,0,0.0,0.0,0.0,0.0,0.0
480,1522,125,385,24,True,False,13,13,0,0,0,0.0,0.0,0.0,0.0,0.0
480,1523,125,385,84,True,False,13,13,0,0,0,0.0,0.0,0.0,0.0,0.0
480,1524,125,385,85,True,False,13,13,0,0,0,0.0,0.0,0.0,0.0,0.0
480,1525,125,385,157,True,False,13,13,0,0,0,0.0,0.0,0.0,0.0,0.0
480,1526,125,385,217,True,True,13,13,12,41,1,0.0,1.0,3.1538461538461537,0.9230769230769231,3.1538461538461537
480,1527,125,385,224,True,False,13,13,0,0,0,0.0,0.0,0.0,0.0,0.0
480,1528,125,385,243,True,False,13,13,0,0,0,0.0,0.0,0.0,0.0,0.0
480,1529,125,385,296,True,False,13,13,0,0,0,0.0,0.0,0.0,0.0,0.0
480,1530,125,385,316,True,True,13,13,1,1,1,0.0,0.0,0.07692307692307693,0.07692307692307693,0.07692307692307693
480,1531,125,385,389,True,False,13,13,0,0,0,0.0,0.0,0.0,0.0,0.0
480,1532,125,385,402,True,True,13,13,1,4,1,0.0,0.0,0.3076923076923077,0.07692307692307693,0.3076923076923077
480,1533,125,385,474,True,False,13,13,0,0,0,0.0,0.0,0.0,0.0,0.0
481,1583,125,402,7,True,False,11,11,0,0,0,0.0,0.0,0.0,0.0,0.0
481,1584,125,402,24,True,False,11,11,0,0,0,0.0,0.0,0.0,0.0,0.0
481,1585,125,402,77,True,False,11,11,0,0,0,0.0,0.0,0.0,0.0,0.0
481,1586,125,402,84,True,False,11,11,0,0,0,0.0,0.0,0.0,0.0,0.0
481,1587,125,402,98,True,False,11,11,0,0,0,0.0,0.0,0.0,0.0,0.0
481,1588,125,402,115,True,False,11,11,0,0,0,0.0,0.0,0.0,0.0,0.0
481,1589,125,402,147,True,False,11,11,0,0,0,0.0,0.0,0.0,0.0,0.0
481,1590,125,402,217,True,False,11,11,0,0,0,0.0,0.0,0.0,0.0,0.0
481,1591,125,402,247,True,True,11,11,6,75,1,0.0,1.0,6.818181818181818,0.5454545454545454,6.818181818181818
481,1592,125,402,309,True,True,11,11,5,29,1,0.0,0.0,2.6363636363636362,0.45454545454545453,2.6363636363636362
481,1593,125,402,316,True,True,11,11,5,8,1,0.0,0.0,0.7272727272727273,0.45454545454545453,0.7272727272727273
481,1594,125,402,352,True,False,11,11,0,0,0,0.0,0.0,0.0,0.0,0.0
481,1595,125,402,375,True,False,11,11,0,0,0,0.0,0.0,0.0,0.0,0.0
481,1596,125,402,385,True,False,11,11,0,0,0,0.0,0.0,0.0,0.0,0.0
481,1597,125,402,474,True,False,11,11,0,0,0,0.0,0.0,0.0,0.0,0.0
482,13,126,2,21,True,True,161,161,56,203,5,1.0,6.0,1.2608695652173914,0.34782608695652173,1.2608695652173914
482,14,126,2,31,True,True,161,161,57,209,6,2.0,7.0,1.2981366459627328,0.35403726708074534,1.2981366459627328
482,15,126,2,43,True,True,161,161,6,6,1,8.0,9.5,0.037267080745341616,0.037267080745341616,0.037267080745341616
482,16,126,2,61,True,True,161,161,43,269,5,0.0,6.0,1.670807453416149,0.2670807453416149,1.670807453416149
482,17,126,2,74,True,True,161,161,53,74,5,4.0,8.0,0.45962732919254656,0.32919254658385094,0.45962732919254656
482,18,126,2,126,True,False,161,161,0,0,0,0.0,0.0,0.0,0.0,0.0
482,19,126,2,144,True,True,161,161,9,76,1,0.0,1.0,0.4720496894409938,0.055900621118012424,0.4720496894409938
482,20,126,2,175,True,True,161,161,23,163,2,0.0,1.0,1.0124223602484472,0.14285714285714285,1.0124223602484472
482,21,126,2,179,True,True,161,161,14,56,1,3.0,7.0,0.34782608695652173,0.08695652173913043,0.34782608695652173
482,22,126,2,186,True,False,161,161,0,0,0,0.0,0.0,0.0,0.0,0.0
482,23,126,2,313,True,False,161,161,0,0,0,0.0,0.0,0.0,0.0,0.0
482,24,126,2,488,True,True,161,161,79,275,5,0.0,6.0,1.7080745341614907,0.4906832298136646,1.7080745341614907
483,339,126,79,8,True,False,20,20,0,0,0,0.0,0.0,0.0,0.0,0.0
483,340,126,79,22,True,False,20,20,0,0,0,0.0,0.0,0.0,0.0,0.0
483,341,126,79,100,True,False,20,20,0,0,0,0.0,0.0,0.0,0.0,0.0
483,342,126,79,149,True,False,20,20,0,0,0,0.0,0.0,0.0,0.0,0.0
483,343,126,79,164,True,False,20,20,0,0,0,0.0,0.0,0.0,0.0,0.0
483,344,126,79,171,True,True,20,20,17,250,2,0.0,4.0,12.5,0.85,12.5
483,345,126,79,184,True,False,20,20,0,0,0,0.0,0.0,0.0,0.0,0.0
483,346,126,79,230,True,False,20,20,0,0,0,0.0,0.0,0.0,0.0,0.0
483,347,126,79,271,True,False,20,20,0,0,0,0.0,0.0,0.0,0.0,0.0
483,348,126,79,288,True,False,20,20,0,0,0,0.0,0.0,0.0,0.0,0.0
483,349,126,79,311,True,False,20,20,0,0,0,0.0,0.0,0.0,0.0,0.0
483,350,126,79,390,True,False,20,20,0,0,0,0.0,0.0,0.0,0.0,0.0
483,351,126,79,485,True,False,20,20,0,0,0,0.0,0.0,0.0,0.0,0.0
484,352,126,80,10,True,False,39,39,0,0,0,0.0,0.0,0.0,0.0,0.0
484,353,126,80,79,True,False,39,39,0,0,0,0.0,0.0,0.0,0.0,0.0
484,354,126,80,118,True,False,39,39,0,0,0,0.0,0.0,0.0,0.0,0.0
484,355,126,80,138,True,True,39,39,7,14,1,0.0,3.0,0.358974358974359,0.1794871794871795,0.358974358974359
484,356,126,80,149,True,True,39,39,5,19,1,0.0,2.0,0.48717948717948717,0.1282051282051282,0.48717948717948717
484,357,126,80,151,True,False,39,39,0,0,0,0.0,0.0,0.0,0.0,0.0
484,358,126,80,171,True,True,39,39,28,282,4,0.0,5.0,7.230769230769231,0.717948717948718,7.230769230769231
484,359,126,80,230,True,False,39,39,0,0,0,0.0,0.0,0.0,0.0,0.0
484,360,126,80,258,True,True,39,39,4,10,1,0.0,1.0,0.2564102564102564,0.10256410256410256,0.2564102564102564
484,361,126,80,268,True,True,39,39,5,45,1,0.0,4.0,1.1538461538461537,0.1282051282051282,1.1538461538461537
484,362,126,80,297,True,False,39,39,0,0,0,0.0,0.0,0.0,0.0,0.0
484,363,126,80,311,True,True,39,39,10,42,2,0.0,1.0,1.0769230769230769,0.2564102564102564,1.0769230769230769
484,364,126,80,390,True,False,39,39,0,0,0,0.0,0.0,0.0,0.0,0.0
484,365,126,80,415,True,True,39,39,4,4,1,3.0,4.5,0.10256410256410256,0.10256410256410256,0.10256410256410256
485,558,126,144,2,True,True,66,66,5,15,1,0.0,0.0,0.22727272727272727,0.07575757575757576,0.22727272727272727
485,559,126,144,21,True,True,66,66,21,69,2,0.0,6.0,1.0454545454545454,0.3181818181818182,1.0454545454545454
485,560,126,144,22,True,False,66,66,0,0,0,0.0,0.0,0.0,0.0,0.0
485,561,126,144,31,True,True,66,66,51,216,4,1.0,8.0,3.272727272727273,0.7727272727272727,3.272727272727273
485,562,126,144,61,True,True,66,66,45,280,3,1.0,7.0,4.242424242424242,0.6818181818181818,4.242424242424242
485,563,126,144,74,True,True,66,66,30,30,2,5.0,8.0,0.45454545454545453,0.45454545454545453,0.45454545454545453
485,564,126,144,79,True,False,66,66,0,0,0,0.0,0.0,0.0,0.0,0.0
485,565,126,144,126,True,False,66,66,0,0,0,0.0,0.0,0.0,0.0,0.0
485,566,126,144,139,True,False,66,66,0,0,0,0.0,0.0,0.0,0.0,0.0
485,567,126,144,179,True,True,66,66,15,60,1,0.0,4.0,0.9090909090909091,0.22727272727272727,0.9090909090909091
485,568,126,144,186,True,True,66,66,15,55,1,4.0,8.0,0.8333333333333334,0.22727272727272727,0.8333333333333334
485,569,126,144,229,True,False,66,66,0,0,0,0.0,0.0,0.0,0.0,0.0
485,570,126,144,248,True,False,66,66,0,0,0,0.0,0.0,0.0,0.0,0.0
485,571,126,144,315,True,False,66,66,0,0,0,0.0,0.0,0.0,0.0,0.0
485,572,126,144,488,True,True,66,66,15,90,1,1.0,5.0,1.3636363636363635,0.22727272727272727,1.3636363636363635
486,758,126,175,2,True,False,17,17,0,0,0,0.0,0.0,0.0,0.0,0.0
486,759,126,175,21,True,False,17,17,0,0,0,0.0,0.0,0.0,0.0,0.0
486,760,126,175,31,True,False,17,17,0,0,0,0.0,0.0,0.0,0.0,0.0
486,761,126,175,43,True,True,17,17,14,14,1,4.0,7.0,0.8235294117647058,0.8235294117647058,0.8235294117647058
486,762,126,175,61,True,False,17,17,0,0,0,0.0,0.0,0.0,0.0,0.0
486,763,126,175,74,True,False,17,17,0,0,0,0.0,0.0,0.0,0.0,0.0
486,764,126,175,80,True,False,17,17,0,0,0,0.0,0.0,0.0,0.0,0.0
486,765,126,175,126,True,False,17,17,0,0,0,0.0,0.0,0.0,0.0,0.0
486,766,126,175,139,True,False,17,17,0,0,0,0.0,0.0,0.0,0.0,0.0
486,767,126,175,179,True,False,17,17,0,0,0,0.0,0.0,0.0,0.0,0.0
486,768,126,175,186,True,False,17,17,0,0,0,0.0,0.0,0.0,0.0,0.0
486,769,126,175,248,True,False,17,17,0,0,0,0.0,0.0,0.0,0.0,0.0
486,770,126,175,258,True,False,17,17,0,0,0,0.0,0.0,0.0,0.0,0.0
486,771,126,175,273,True,False,17,17,0,0,0,0.0,0.0,0.0,0.0,0.0
486,772,126,175,311,True,False,17,17,0,0,0,0.0,0.0,0.0,0.0,0.0
486,773,126,175,390,True,False,17,17,0,0,0,0.0,0.0,0.0,0.0,0.0
486,774,126,175,415,True,False,17,17,0,0,0,0.0,0.0,0.0,0.0,0.0
486,775,126,175,488,True,True,17,17,17,46,2,1.0,5.0,2.7058823529411766,1.0,2.7058823529411766
487,1039,126,258,2,True,True,15,15,14,85,2,0.0,0.0,5.666666666666667,0.9333333333333333,5.666666666666667
487,1040,126,258,22,True,False,15,15,0,0,0,0.0,0.0,0.0,0.0,0.0
487,1041,126,258,61,True,False,15,15,0,0,0,0.0,0.0,0.0,0.0,0.0
487,1042,126,258,80,True,True,15,15,1,5,1,0.0,0.0,0.3333333333333333,0.06666666666666667,0.3333333333333333
487,1043,126,258,126,True,True,15,15,5,5,1,0.0,0.0,0.3333333333333333,0.3333333333333333,0.3333333333333333
487,1044,126,258,151,True,False,15,15,0,0,0,0.0,0.0,0.0,0.0,0.0
487,1045,126,258,175,True,False,15,15,0,0,0,0.0,0.0,0.0,0.0,0.0
487,1046,126,258,311,True,True,15,15,1,3,1,5.0,5.0,0.2,0.06666666666666667,0.2
487,1047,126,258,390,True,False,15,15,0,0,0,0.0,0.0,0.0,0.0,0.0
487,1048,126,258,415,True,True,15,15,1,1,1,5.0,5.0,0.06666666666666667,0.06666666666666667,0.06666666666666667
488,1454,126,371,39,True,False,9,9,0,0,0,0.0,0.0,0.0,0.0,0.0
488,1455,126,371,126,True,True,9,9,9,45,2,0.0,0.0,5.0,1.0,5.0
488,1456,126,371,146,True,False,9,9,0,0,0,0.0,0.0,0.0,0.0,0.0
488,1457,126,371,163,True,False,9,9,0,0,0,0.0,0.0,0.0,0.0,0.0
488,1458,126,371,247,True,False,9,9,0,0,0,0.0,0.0,0.0,0.0,0.0
488,1459,126,371,252,True,False,9,9,0,0,0,0.0,0.0,0.0,0.0,0.0
488,1460,126,371,259,True,False,9,9,0,0,0,0.0,0.0,0.0,0.0,0.0
488,1461,126,371,385,True,False,9,9,0,0,0,0.0,0.0,0.0,0.0,0.0
489,93,129,13,6,True,False,318,318,0,0,0,0.0,0.0,0.0,0.0,0.0
489,94,129,13,34,True,True,318,318,156,316,39,0.0,0.0,0.9937106918238994,0.49056603773584906,0.9937106918238994
489,95,129,13,58,True,True,318,318,20,30,6,0.0,0.0,0.09433962264150944,0.06289308176100629,0.09433962264150944
489,96,129,13,169,True,True,318,318,75,176,17,0.0,0.0,0.5534591194968553,0.2358490566037736,0.5534591194968553
489,97,129,13,243,True,True,318,318,109,303,26,0.0,0.0,0.9528301886792453,0.34276729559748426,0.9528301886792453
489,98,129,13,256,True,True,318,318,127,172,34,0.0,0.0,0.5408805031446541,0.39937106918238996,0.5408805031446541
489,99,129,13,262,True,True,318,318,15,41,3,0.0,0.0,0.1289308176100629,0.04716981132075472,0.1289308176100629
489,100,129,13,281,True,True,318,318,3,3,1,0.0,0.0,0.009433962264150943,0.009433962264150943,0.009433962264150943
489,101,129,13,335,True,False,318,318,0,0,0,0.0,0.0,0.0,0.0,0.0
489,102,129,13,353,True,True,318,318,3,6,1,0.0,0.0,0.018867924528301886,0.009433962264150943,0.018867924528301886
489,103,129,13,361,True,True,318,318,2,4,1,0.0,0.0,0.012578616352201259,0.006289308176100629,0.012578616352201259
489,104,129,13,433,True,True,318,318,16,25,7,0.0,0.0,0.07861635220125786,0.050314465408805034,0.07861635220125786
489,105,129,13,455,True,True,318,318,80,203,19,0.0,0.0,0.6383647798742138,0.25157232704402516,0.6383647798742138
489,106,129,13,472,True,True,318,318,91,104,30,0.0,0.0,0.3270440251572327,0.2861635220125786,0.3270440251572327
489,107,129,13,508,True,True,318,318,52,64,14,0.0,0.0,0.20125786163522014,0.16352201257861634,0.20125786163522014
490,205,129,34,6,True,False,252,252,0,0,0,0.0,0.0,0.0,0.0,0.0
490,206,129,34,58,True,True,252,252,33,104,8,0.0,0.0,0.4126984126984127,0.13095238095238096,0.4126984126984127
490,207,129,34,113,True,False,252,252,0,0,0,0.0,0.0,0.0,0.0,0.0
490,208,129,34,217,True,True,252,252,16,60,5,0.0,0.0,0.23809523809523808,0.06349206349206349,0.23809523809523808
490,209,129,34,243,True,True,252,252,186,941,34,0.0,0.0,3.734126984126984,0.7380952380952381,3.734126984126984
490,210,129,34,251,True,False,252,252,0,0,0,0.0,0.0,0.0,0.0,0.0
490,211,129,34,262,True,True,252,252,17,102,3,0.0,0.0,0.40476190476190477,0.06746031746031746,0.40476190476190477
490,212,129,34,321,True,False,252,252,0,0,0,0.0,0.0,0.0,0.0,0.0
490,213,129,34,361,True,True,252,252,4,24,1,0.0,0.0,0.09523809523809523,0.015873015873015872,0.09523809523809523
490,214,129,34,481,True,False,252,252,0,0,0,0.0,0.0,0.0,0.0,0.0
490,215,129,34,508,True,True,252,252,16,41,5,0.0,0.0,0.1626984126984127,0.06349206349206349,0.1626984126984127
491,281,129,58,13,True,False,9,9,0,0,0,0.0,0.0,0.0,0.0,0.0
491,282,129,58,21,True,False,9,9,0,0,0,0.0,0.0,0.0,0.0,0.0
491,283,129,58,84,True,True,9,9,1,3,1,9.0,10.0,0.3333333333333333,0.1111111111111111,0.3333333333333333
491,284,129,58,129,True,False,9,9,0,0,0,0.0,0.0,0.0,0.0,0.0
491,285,129,58,156,True,False,9,9,0,0,0,0.0,0.0,0.0,0.0,0.0
491,286,129,58,179,True,False,9,9,0,0,0,0.0,0.0,0.0,0.0,0.0
491,287,129,58,186,True,False,9,9,0,0,0,0.0,0.0,0.0,0.0,0.0
491,288,129,58,243,True,False,9,9,0,0,0,0.0,0.0,0.0,0.0,0.0
491,289,129,58,245,True,False,9,9,0,0,0,0.0,0.0,0.0,0.0,0.0
491,290,129,58,381,True,False,9,9,0,0,0,0.0,0.0,0.0,0.0,0.0
491,291,129,58,389,True,False,9,9,0,0,0,0.0,0.0,0.0,0.0,0.0
491,292,129,58,449,True,False,9,9,0,0,0,0.0,0.0,0.0,0.0,0.0
492,703,129,169,13,True,False,33,33,0,0,0,0.0,0.0,0.0,0.0,0.0
492,704,129,169,21,True,False,33,33,0,0,0,0.0,0.0,0.0,0.0,0.0
492,705,129,169,39,True,True,33,33,9,72,5,0.0,6.0,2.1818181818181817,0.2727272727272727,2.1818181818181817
492,706,129,169,61,True,False,33,33,0,0,0,0.0,0.0,0.0,0.0,0.0
492,707,129,169,129,True,False,33,33,0,0,0,0.0,0.0,0.0,0.0,0.0
492,708,129,169,139,True,True,33,33,2,5,2,0.0,1.0,0.15151515151515152,0.06060606060606061,0.15151515151515152
492,709,129,169,141,True,False,33,33,0,0,0,0.0,0.0,0.0,0.0,0.0
492,710,129,169,156,True,False,33,33,0,0,0,0.0,0.0,0.0,0.0,0.0
492,711,129,169,179,True,False,33,33,0,0,0,0.0,0.0,0.0,0.0,0.0
492,712,129,169,186,True,False,33,33,0,0,0,0.0,0.0,0.0,0.0,0.0
492,713,129,169,199,True,True,33,33,12,56,9,0.0,1.0,1.696969696969697,0.36363636363636365,1.696969696969697
492,714,129,169,248,True,False,33,33,0,0,0,0.0,0.0,0.0,0.0,0.0
492,715,129,169,383,True,False,33,33,0,0,0,0.0,0.0,0.0,0.0,0.0
492,716,129,169,433,True,True,33,33,3,9,2,0.0,0.0,0.2727272727272727,0.09090909090909091,0.2727272727272727
492,717,129,169,455,True,True,33,33,7,40,5,0.0,2.0,1.2121212121212122,0.21212121212121213,1.2121212121212122
492,718,129,169,508,True,True,33,33,19,125,11,0.0,0.0,3.787878787878788,0.5757575757575758,3.787878787878788
493,878,129,217,6,True,False,4,4,0,0,0,0.0,0.0,0.0,0.0,0.0
493,879,129,217,13,True,False,4,4,0,0,0,0.0,0.0,0.0,0.0,0.0
493,880,129,217,21,True,False,4,4,0,0,0,0.0,0.0,0.0,0.0,0.0
493,881,129,217,58,True,False,4,4,0,0,0,0.0,0.0,0.0,0.0,0.0
493,882,129,217,129,True,False,4,4,0,0,0,0.0,0.0,0.0,0.0,0.0
493,883,129,217,156,True,False,4,4,0,0,0,0.0,0.0,0.0,0.0,0.0
493,884,129,217,179,True,False,4,4,0,0,0,0.0,0.0,0.0,0.0,0.0
493,885,129,217,186,True,False,4,4,0,0,0,0.0,0.0,0.0,0.0,0.0
493,886,129,217,243,True,True,4,4,3,12,2,0.0,0.0,3.0,0.75,3.0
493,887,129,217,319,True,False,4,4,0,0,0,0.0,0.0,0.0,0.0,0.0
493,888,129,217,385,True,True,4,4,1,5,1,5.0,7.0,1.25,0.25,1.25
494,946,129,243,6,True,False,82,82,0,0,0,0.0,0.0,0.0,0.0,0.0
494,947,129,243,21,True,False,82,82,0,0,0,0.0,0.0,0.0,0.0,0.0
494,948,129,243,84,True,False,82,82,0,0,0,0.0,0.0,0.0,0.0,0.0
494,949,129,243,85,True,False,82,82,0,0,0,0.0,0.0,0.0,0.0,0.0
494,950,129,243,115,True,True,82,82,2,15,2,5.0,7.0,0.18292682926829268,0.024390243902439025,0.18292682926829268
494,951,129,243,125,True,True,82,82,1,15,1,1.0,4.0,0.18292682926829268,0.012195121951219513,0.18292682926829268
494,952,129,243,129,True,False,82,82,0,0,0,0.0,0.0,0.0,0.0,0.0
494,953,129,243,156,True,False,82,82,0,0,0,0.0,0.0,0.0,0.0,0.0
494,954,129,243,179,True,False,82,82,0,0,0,0.0,0.0,0.0,0.0,0.0
494,955,129,243,199,True,True,82,82,2,5,2,4.0,5.0,0.06097560975609756,0.024390243902439025,0.06097560975609756
494,956,129,243,217,True,True,82,82,6,71,5,0.0,2.0,0.8658536585365854,0.07317073170731707,0.8658536585365854
494,957,129,243,319,True,False,82,82,0,0,0,0.0,0.0,0.0,0.0,0.0
494,958,129,243,385,True,True,82,82,20,267,10,1.0,5.0,3.2560975609756095,0.24390243902439024,3.2560975609756095
494,959,129,243,402,True,True,82,82,2,2,2,2.0,6.0,0.024390243902439025,0.024390243902439025,0.024390243902439025
494,960,129,243,508,True,True,82,82,11,103,5,0.0,1.0,1.2560975609756098,0.13414634146341464,1.2560975609756098
495,1027,129,256,22,True,False,99,99,0,0,0,0.0,0.0,0.0,0.0,0.0
495,1028,129,256,117,True,True,99,99,4,6,2,0.0,0.0,0.06060606060606061,0.04040404040404041,0.06060606060606061
495,1029,129,256,139,True,True,99,99,4,4,2,0.0,0.0,0.04040404040404041,0.04040404040404041,0.04040404040404041
495,1030,129,256,144,True,False,99,99,0,0,0,0.0,0.0,0.0,0.0,0.0
495,1031,129,256,169,True,True,99,99,37,82,15,0.0,0.0,0.8282828282828283,0.37373737373737376,0.8282828282828283
495,1032,129,256,175,True,False,99,99,0,0,0,0.0,0.0,0.0,0.0,0.0
495,1033,129,256,199,True,True,99,99,14,24,7,0.0,0.0,0.24242424242424243,0.1414141414141414,0.24242424242424243
495,1034,129,256,273,True,False,99,99,0,0,0,0.0,0.0,0.0,0.0,0.0
495,1035,129,256,281,True,True,99,99,2,6,1,0.0,0.0,0.06060606060606061,0.020202020202020204,0.06060606060606061
495,1036,129,256,433,True,True,99,99,14,35,7,0.0,0.0,0.35353535353535354,0.1414141414141414,0.35353535353535354
495,1037,129,256,455,True,True,99,99,52,218,20,0.0,0.0,2.202020202020202,0.5252525252525253,2.202020202020202
495,1038,129,256,508,True,True,99,99,32,98,15,0.0,0.0,0.98989898989899,0.32323232323232326,0.98989898989899
496,1075,129,262,13,True,False,17,17,0,0,0,0.0,0.0,0.0,0.0,0.0
496,1076,129,262,85,True,True,17,17,1,5,1,5.0,7.0,0.29411764705882354,0.058823529411764705,0.29411764705882354
496,1077,129,262,129,True,False,17,17,0,0,0,0.0,0.0,0.0,0.0,0.0
496,1078,129,262,179,True,False,17,17,0,0,0,0.0,0.0,0.0,0.0,0.0
496,1079,129,262,247,True,False,17,17,0,0,0,0.0,0.0,0.0,0.0,0.0
496,1080,129,262,381,True,False,17,17,0,0,0,0.0,0.0,0.0,0.0,0.0
496,1081,129,262,487,True,False,17,17,0,0,0,0.0,0.0,0.0,0.0,0.0
497,1687,129,433,13,True,False,7,7,0,0,0,0.0,0.0,0.0,0.0,0.0
497,1688,129,433,21,True,False,7,7,0,0,0,0.0,0.0,0.0,0.0,0.0
497,1689,129,433,39,True,True,7,7,1,4,1,7.0,8.5,0.5714285714285714,0.14285714285714285,0.5714285714285714
497,1690,129,433,61,True,False,7,7,0,0,0,0.0,0.0,0.0,0.0,0.0
497,1691,129,433,74,True,False,7,7,0,0,0,0.0,0.0,0.0,0.0,0.0
497,1692,129,433,129,True,False,7,7,0,0,0,0.0,0.0,0.0,0.0,0.0
497,1693,129,433,141,True,False,7,7,0,0,0,0.0,0.0,0.0,0.0,0.0
497,1694,129,433,156,True,False,7,7,0,0,0,0.0,0.0,0.0,0.0,0.0
497,1695,129,433,169,True,False,7,7,0,0,0,0.0,0.0,0.0,0.0,0.0
497,1696,129,433,179,True,False,7,7,0,0,0,0.0,0.0,0.0,0.0,0.0
497,1697,129,433,186,True,False,7,7,0,0,0,0.0,0.0,0.0,0.0,0.0
497,1698,129,433,199,True,True,7,7,2,21,2,0.0,1.0,3.0,0.2857142857142857,3.0
497,1699,129,433,245,True,False,7,7,0,0,0,0.0,0.0,0.0,0.0,0.0
497,1700,129,433,248,True,False,7,7,0,0,0,0.0,0.0,0.0,0.0,0.0
497,1701,129,433,381,True,False,7,7,0,0,0,0.0,0.0,0.0,0.0,0.0
497,1702,129,433,508,True,True,7,7,3,19,3,0.0,0.0,2.7142857142857144,0.42857142857142855,2.7142857142857144
498,1726,129,455,13,True,False,29,29,0,0,0,0.0,0.0,0.0,0.0,0.0
498,1727,129,455,21,True,False,29,29,0,0,0,0.0,0.0,0.0,0.0,0.0
498,1728,129,455,39,True,True,29,29,4,18,2,4.0,7.5,0.6206896551724138,0.13793103448275862,0.6206896551724138
498,1729,129,455,61,True,False,29,29,0,0,0,0.0,0.0,0.0,0.0,0.0
498,1730,129,455,74,True,False,29,29,0,0,0,0.0,0.0,0.0,0.0,0.0
498,1731,129,455,117,True,True,29,29,18,146,12,0.0,5.0,5.0344827586206895,0.6206896551724138,5.0344827586206895
498,1732,129,455,129,True,False,29,29,0,0,0,0.0,0.0,0.0,0.0,0.0
498,1733,129,455,141,True,False,29,29,0,0,0,0.0,0.0,0.0,0.0,0.0
498,1734,129,455,169,True,False,29,29,0,0,0,0.0,0.0,0.0,0.0,0.0
498,1735,129,455,179,True,False,29,29,0,0,0,0.0,0.0,0.0,0.0,0.0
498,1736,129,455,186,True,False,29,29,0,0,0,0.0,0.0,0.0,0.0,0.0
498,1737,129,455,199,True,True,29,29,12,156,8,0.0,4.0,5.379310344827586,0.41379310344827586,5.379310344827586
498,1738,129,455,248,True,False,29,29,0,0,0,0.0,0.0,0.0,0.0,0.0
498,1739,129,455,281,True,True,29,29,1,3,1,0.0,0.0,0.10344827586206896,0.034482758620689655,0.10344827586206896
498,1740,129,455,313,True,False,29,29,0,0,0,0.0,0.0,0.0,0.0,0.0
498,1741,129,455,317,True,True,29,29,1,3,1,6.0,7.0,0.10344827586206896,0.034482758620689655,0.10344827586206896
498,1742,129,455,383,True,True,29,29,1,1,1,7.0,7.0,0.034482758620689655,0.034482758620689655,0.034482758620689655
498,1743,129,455,508,True,True,29,29,5,29,5,0.0,1.0,1.0,0.1724137931034483,1.0
499,1770,129,472,6,True,False,157,157,0,0,0,0.0,0.0,0.0,0.0,0.0
499,1771,129,472,34,True,True,157,157,157,252,40,0.0,0.0,1.605095541401274,1.0,1.605095541401274
499,1772,129,472,58,True,True,157,157,23,54,7,0.0,0.0,0.34394904458598724,0.1464968152866242,0.34394904458598724
499,1773,129,472,217,True,True,157,157,13,16,4,0.0,0.0,0.10191082802547771,0.08280254777070063,0.10191082802547771
499,1774,129,472,243,True,True,157,157,109,330,26,0.0,0.0,2.1019108280254777,0.6942675159235668,2.1019108280254777
499,1775,129,472,256,True,False,157,157,0,0,0,0.0,0.0,0.0,0.0,0.0
499,1776,129,472,262,True,True,157,157,13,44,3,0.0,0.0,0.2802547770700637,0.08280254777070063,0.2802547770700637
499,1777,129,472,281,True,False,157,157,0,0,0,0.0,0.0,0.0,0.0,0.0
499,1778,129,472,335,True,False,157,157,0,0,0,0.0,0.0,0.0,0.0,0.0
499,1779,129,472,353,True,False,157,157,0,0,0,0.0,0.0,0.0,0.0,0.0
499,1780,129,472,361,True,True,157,157,2,6,1,0.0,0.0,0.03821656050955414,0.012738853503184714,0.03821656050955414
499,1781,129,472,433,True,False,157,157,0,0,0,0.0,0.0,0.0,0.0,0.0
500,42,133,7,28,True,False,87,87,0,0,0,0.0,0.0,0.0,0.0,0.0
500,43,133,7,77,True,False,87,87,0,0,0,0.0,0.0,0.0,0.0,0.0
500,44,133,7,133,True,True,87,87,19,83,3,0.0,1.0,0.9540229885057471,0.21839080459770116,0.9540229885057471
500,45,133,7,143,True,False,87,87,0,0,0,0.0,0.0,0.0,0.0,0.0
500,46,133,7,167,True,False,87,87,0,0,0,0.0,0.0,0.0,0.0,0.0
500,47,133,7,196,True,False,87,87,0,0,0,0.0,0.0,0.0,0.0,0.0
500,48,133,7,222,True,True,87,87,24,355,1,0.0,4.0,4.080459770114943,0.27586206896551724,4.080459770114943
500,49,133,7,290,True,False,87,87,0,0,0,0.0,0.0,0.0,0.0,0.0
500,50,133,7,318,True,False,87,87,0,0,0,0.0,0.0,0.0,0.0,0.0
500,51,133,7,347,True,False,87,87,0,0,0,0.0,0.0,0.0,0.0,0.0
500,52,133,7,474,True,False,87,87,0,0,0,0.0,0.0,0.0,0.0,0.0
500,53,133,7,509,True,False,87,87,0,0,0,0.0,0.0,0.0,0.0,0.0
501,636,133,157,28,True,False,19,19,0,0,0,0.0,0.0,0.0,0.0,0.0
501,637,133,157,77,True,False,19,19,0,0,0,0.0,0.0,0.0,0.0,0.0
501,638,133,157,79,True,False,19,19,0,0,0,0.0,0.0,0.0,0.0,0.0
501,639,133,157,84,True,False,19,19,0,0,0,0.0,0.0,0.0,0.0,0.0
501,640,133,157,85,True,False,19,19,0,0,0,0.0,0.0,0.0,0.0,0.0
501,641,133,157,88,True,False,19,19,0,0,0,0.0,0.0,0.0,0.0,0.0
501,642,133,157,143,True,False,19,19,0,0,0,0.0,0.0,0.0,0.0,0.0
501,643,133,157,161,True,False,19,19,0,0,0,0.0,0.0,0.0,0.0,0.0
501,644,133,157,167,True,False,19,19,0,0,0,0.0,0.0,0.0,0.0,0.0
501,645,133,157,196,True,False,19,19,0,0,0,0.0,0.0,0.0,0.0,0.0
501,646,133,157,229,True,False,19,19,0,0,0,0.0,0.0,0.0,0.0,0.0
501,647,133,157,230,True,False,19,19,0,0,0,0.0,0.0,0.0,0.0,0.0
501,648,133,157,279,True,False,19,19,0,0,0,0.0,0.0,0.0,0.0,0.0
501,649,133,157,315,True,False,19,19,0,0,0,0.0,0.0,0.0,0.0,0.0
501,650,133,157,375,True,False,19,19,0,0,0,0.0,0.0,0.0,0.0,0.0
501,651,133,157,389,True,False,19,19,0,0,0,0.0,0.0,0.0,0.0,0.0
501,652,133,157,402,True,False,19,19,0,0,0,0.0,0.0,0.0,0.0,0.0
501,653,133,157,432,True,False,19,19,0,0,0,0.0,0.0,0.0,0.0,0.0
501,654,133,157,440,True,False,19,19,0,0,0,0.0,0.0,0.0,0.0,0.0
501,655,133,157,474,True,False,19,19,0,0,0,0.0,0.0,0.0,0.0,0.0
502,820,133,196,1,True,True,31,31,17,67,2,4.0,8.0,2.161290322580645,0.5483870967741935,2.161290322580645
502,821,133,196,28,True,False,31,31,0,0,0,0.0,0.0,0.0,0.0,0.0
502,822,133,196,133,True,True,31,31,5,15,1,0.0,0.0,0.4838709677419355,0.16129032258064516,0.4838709677419355
502,823,133,196,207,True,False,31,31,0,0,0,0.0,0.0,0.0,0.0,0.0
502,824,133,196,222,True,True,31,31,5,14,2,6.0,9.5,0.45161290322580644,0.16129032258064516,0.45161290322580644
502,825,133,196,263,True,False,31,31,0,0,0,0.0,0.0,0.0,0.0,0.0
502,826,133,196,271,True,True,31,31,2,8,1,4.0,7.5,0.25806451612903225,0.06451612903225806,0.25806451612903225
502,827,133,196,299,True,False,31,31,0,0,0,0.0,0.0,0.0,0.0,0.0
502,828,133,196,318,True,False,31,31,0,0,0,0.0,0.0,0.0,0.0,0.0
502,829,133,196,429,True,True,31,31,16,61,2,6.0,9.0,1.967741935483871,0.5161290322580645,1.967741935483871
502,830,133,196,509,True,False,31,31,0,0,0,0.0,0.0,0.0,0.0,0.0
503,889,133,222,1,True,False,25,25,0,0,0,0.0,0.0,0.0,0.0,0.0
503,890,133,222,56,True,False,25,25,0,0,0,0.0,0.0,0.0,0.0,0.0
503,891,133,222,207,True,False,25,25,0,0,0,0.0,0.0,0.0,0.0,0.0
503,892,133,222,263,True,False,25,25,0,0,0,0.0,0.0,0.0,0.0,0.0
503,893,133,222,355,True,False,25,25,0,0,0,0.0,0.0,0.0,0.0,0.0
503,894,133,222,410,True,False,25,25,0,0,0,0.0,0.0,0.0,0.0,0.0
503,895,133,222,415,True,False,25,25,0,0,0,0.0,0.0,0.0,0.0,0.0
503,896,133,222,429,True,False,25,25,0,0,0,0.0,0.0,0.0,0.0,0.0
504,1651,133,415,7,True,False,45,45,0,0,0,0.0,0.0,0.0,0.0,0.0
504,1652,133,415,80,True,False,45,45,0,0,0,0.0,0.0,0.0,0.0,0.0
504,1653,133,415,117,True,False,45,45,0,0,0,0.0,0.0,0.0,0.0,0.0
504,1654,133,415,133,True,True,45,45,39,405,3,0.0,2.0,9.0,0.8666666666666667,9.0
504,1655,133,415,149,True,False,45,45,0,0,0,0.0,0.0,0.0,0.0,0.0
504,1656,133,415,151,True,False,45,45,0,0,0,0.0,0.0,0.0,0.0,0.0
504,1657,133,415,175,True,False,45,45,0,0,0,0.0,0.0,0.0,0.0,0.0
504,1658,133,415,196,True,False,45,45,0,0,0,0.0,0.0,0.0,0.0,0.0
504,1659,133,415,258,True,False,45,45,0,0,0,0.0,0.0,0.0,0.0,0.0
504,1660,133,415,263,True,True,45,45,14,35,2,0.0,1.0,0.7777777777777778,0.3111111111111111,0.7777777777777778
504,1661,133,415,268,True,False,45,45,0,0,0,0.0,0.0,0.0,0.0,0.0
504,1662,133,415,311,True,False,45,45,0,0,0,0.0,0.0,0.0,0.0,0.0
504,1663,133,415,315,True,False,45,45,0,0,0,0.0,0.0,0.0,0.0,0.0
504,1664,133,415,387,True,True,45,45,3,17,1,0.0,1.0,0.37777777777777777,0.06666666666666667,0.37777777777777777
504,1665,133,415,390,True,False,45,45,0,0,0,0.0,0.0,0.0,0.0,0.0
504,1666,133,415,509,True,False,45,45,0,0,0,0.0,0.0,0.0,0.0,0.0
505,1678,133,432,7,True,False,44,44,0,0,0,0.0,0.0,0.0,0.0,0.0
505,1679,133,432,88,True,False,44,44,0,0,0,0.0,0.0,0.0,0.0,0.0
505,1680,133,432,143,True,False,44,44,0,0,0,0.0,0.0,0.0,0.0,0.0
505,1681,133,432,157,True,False,44,44,0,0,0,0.0,0.0,0.0,0.0,0.0
505,1682,133,432,161,True,False,44,44,0,0,0,0.0,0.0,0.0,0.0,0.0
505,1683,133,432,233,True,False,44,44,0,0,0,0.0,0.0,0.0,0.0,0.0
505,1684,133,432,279,True,False,44,44,0,0,0,0.0,0.0,0.0,0.0,0.0
505,1685,133,432,440,True,False,44,44,0,0,0,0.0,0.0,0.0,0.0,0.0
505,1686,133,432,474,True,False,44,44,0,0,0,0.0,0.0,0.0,0.0,0.0
506,246,138,42,8,True,False,40,40,0,0,0,0.0,0.0,0.0,0.0,0.0
506,247,138,42,10,True,False,40,40,0,0,0,0.0,0.0,0.0,0.0,0.0
506,248,138,42,149,True,False,40,40,0,0,0,0.0,0.0,0.0,0.0,0.0
506,249,138,42,151,True,True,40,40,12,115,2,0.0,3.0,2.875,0.3,2.875
506,250,138,42,258,True,True,40,40,18,102,2,0.0,7.0,2.55,0.45,2.55
506,251,138,42,390,True,False,40,40,0,0,0,0.0,0.0,0.0,0.0,0.0
506,252,138,42,405,True,False,40,40,0,0,0,0.0,0.0,0.0,0.0,0.0
506,253,138,42,415,True,True,40,40,18,138,2,0.0,6.0,3.45,0.45,3.45
507,304,138,63,8,True,True,218,218,32,359,2,0.0,4.0,1.646788990825688,0.14678899082568808,1.646788990825688
507,305,138,63,42,True,True,218,218,29,135,4,0.0,1.0,0.6192660550458715,0.13302752293577982,0.6192660550458715
507,306,138,63,80,True,True,218,218,17,123,2,1.0,6.0,0.5642201834862385,0.0779816513761468,0.5642201834862385
507,307,138,63,118,True,False,218,218,0,0,0,0.0,0.0,0.0,0.0,0.0
507,308,138,63,138,True,True,218,218,34,115,4,0.0,0.0,0.5275229357798165,0.1559633027522936,0.5275229357798165
507,309,138,63,146,True,False,218,218,0,0,0,0.0,0.0,0.0,0.0,0.0
507,310,138,63,149,True,True,218,218,45,505,3,0.0,5.0,2.31651376146789,0.20642201834862386,2.31651376146789
507,311,138,63,151,True,True,218,218,66,551,5,0.0,4.0,2.5275229357798166,0.30275229357798167,2.5275229357798166
507,312,138,63,230,True,True,218,218,15,120,1,2.0,7.0,0.5504587155963303,0.06880733944954129,0.5504587155963303
507,313,138,63,238,True,False,218,218,0,0,0,0.0,0.0,0.0,0.0,0.0
507,314,138,63,258,True,True,218,218,60,416,4,0.0,2.0,1.908256880733945,0.27522935779816515,1.908256880733945
507,315,138,63,311,True,False,218,218,0,0,0,0.0,0.0,0.0,0.0,0.0
507,316,138,63,390,True,False,218,218,0,0,0,0.0,0.0,0.0,0.0,0.0
507,317,138,63,415,True,True,218,218,26,186,3,0.0,4.0,0.8532110091743119,0.11926605504587157,0.8532110091743119
508,605,138,151,8,True,False,7,7,0,0,0,0.0,0.0,0.0,0.0,0.0
508,606,138,151,10,True,False,7,7,0,0,0,0.0,0.0,0.0,0.0,0.0
508,607,138,151,22,True,False,7,7,0,0,0,0.0,0.0,0.0,0.0,0.0
508,608,138,151,79,True,False,7,7,0,0,0,0.0,0.0,0.0,0.0,0.0
508,609,138,151,80,True,True,7,7,1,3,1,0.0,0.0,0.42857142857142855,0.14285714285714285,0.42857142857142855
508,610,138,151,117,True,False,7,7,0,0,0,0.0,0.0,0.0,0.0,0.0
508,611,138,151,149,True,False,7,7,0,0,0,0.0,0.0,0.0,0.0,0.0
508,612,138,151,171,True,False,7,7,0,0,0,0.0,0.0,0.0,0.0,0.0
508,613,138,151,184,True,False,7,7,0,0,0,0.0,0.0,0.0,0.0,0.0
508,614,138,151,230,True,False,7,7,0,0,0,0.0,0.0,0.0,0.0,0.0
508,615,138,151,258,True,True,7,7,7,43,2,0.0,0.0,6.142857142857143,1.0,6.142857142857143
508,616,138,151,268,True,False,7,7,0,0,0,0.0,0.0,0.0,0.0,0.0
508,617,138,151,311,True,True,7,7,1,1,1,0.0,0.0,0.14285714285714285,0.14285714285714285,0.14285714285714285
508,618,138,151,390,True,False,7,7,0,0,0,0.0,0.0,0.0,0.0,0.0
508,619,138,151,494,True,False,7,7,0,0,0,0.0,0.0,0.0,0.0,0.0
509,722,138,171,4,True,False,4,4,0,0,0,0.0,0.0,0.0,0.0,0.0
509,723,138,171,8,True,False,4,4,0,0,0,0.0,0.0,0.0,0.0,0.0
509,724,138,171,26,True,False,4,4,0,0,0,0.0,0.0,0.0,0.0,0.0
509,725,138,171,42,True,False,4,4,0,0,0,0.0,0.0,0.0,0.0,0.0
509,726,138,171,109,True,False,4,4,0,0,0,0.0,0.0,0.0,0.0,0.0
509,727,138,171,118,True,False,4,4,0,0,0,0.0,0.0,0.0,0.0,0.0
509,728,138,171,138,True,True,4,4,4,20,3,0.0,0.0,5.0,1.0,5.0
509,729,138,171,151,True,False,4,4,0,0,0,0.0,0.0,0.0,0.0,0.0
509,730,138,171,163,True,False,4,4,0,0,0,0.0,0.0,0.0,0.0,0.0
509,731,138,171,164,True,False,4,4,0,0,0,0.0,0.0,0.0,0.0,0.0
509,732,138,171,172,True,False,4,4,0,0,0,0.0,0.0,0.0,0.0,0.0
509,733,138,171,173,True,False,4,4,0,0,0,0.0,0.0,0.0,0.0,0.0
509,734,138,171,180,True,False,4,4,0,0,0,0.0,0.0,0.0,0.0,0.0
509,735,138,171,259,True,False,4,4,0,0,0,0.0,0.0,0.0,0.0,0.0
509,736,138,171,271,True,False,4,4,0,0,0,0.0,0.0,0.0,0.0,0.0
509,737,138,171,288,True,False,4,4,0,0,0,0.0,0.0,0.0,0.0,0.0
509,738,138,171,297,True,False,4,4,0,0,0,0.0,0.0,0.0,0.0,0.0
509,739,138,171,410,True,False,4,4,0,0,0,0.0,0.0,0.0,0.0,0.0
510,1039,138,258,2,True,False,8,8,0,0,0,0.0,0.0,0.0,0.0,0.0
510,1040,138,258,22,True,False,8,8,0,0,0,0.0,0.0,0.0,0.0,0.0
510,1041,138,258,61,True,False,8,8,0,0,0,0.0,0.0,0.0,0.0,0.0
510,1042,138,258,80,True,True,8,8,4,23,2,0.0,2.0,2.875,0.5,2.875
510,1043,138,258,126,True,True,8,8,1,12,1,0.0,2.5,1.5,0.125,1.5
510,1044,138,258,151,True,True,8,8,3,6,1,0.0,0.5,0.75,0.375,0.75
510,1045,138,258,175,True,True,8,8,4,12,1,2.0,4.0,1.5,0.5,1.5
510,1046,138,258,311,True,True,8,8,3,9,1,0.0,1.0,1.125,0.375,1.125
510,1047,138,258,390,True,False,8,8,0,0,0,0.0,0.0,0.0,0.0,0.0
510,1048,138,258,415,True,False,8,8,0,0,0,0.0,0.0,0.0,0.0,0.0
511,1164,138,288,4,True,False,19,19,0,0,0,0.0,0.0,0.0,0.0,0.0
511,1165,138,288,50,True,False,19,19,0,0,0,0.0,0.0,0.0,0.0,0.0
511,1166,138,288,63,True,True,19,19,19,180,2,0.0,2.0,9.473684210526315,1.0,9.473684210526315
511,1167,138,288,138,True,True,19,19,14,50,1,0.0,1.0,2.6315789473684212,0.7368421052631579,2.6315789473684212
511,1168,138,288,164,True,False,19,19,0,0,0,0.0,0.0,0.0,0.0,0.0
511,1169,138,288,172,True,False,19,19,0,0,0,0.0,0.0,0.0,0.0,0.0
511,1170,138,288,259,True,False,19,19,0,0,0,0.0,0.0,0.0,0.0,0.0
512,1359,138,340,42,True,True,80,80,34,130,3,0.0,0.0,1.625,0.425,1.625
512,1360,138,340,63,True,True,80,80,36,179,4,0.0,1.0,2.2375,0.45,2.2375
512,1361,138,340,138,True,True,80,80,10,21,2,0.0,0.0,0.2625,0.125,0.2625
512,1362,138,340,173,True,False,80,80,0,0,0,0.0,0.0,0.0,0.0,0.0
512,1363,138,340,258,True,False,80,80,0,0,0,0.0,0.0,0.0,0.0,0.0
512,1364,138,340,382,True,True,80,80,9,56,1,0.0,0.0,0.7,0.1125,0.7
512,1365,138,340,405,True,False,80,80,0,0,0,0.0,0.0,0.0,0.0,0.0
512,1366,138,340,415,True,True,80,80,15,135,1,0.0,2.0,1.6875,0.1875,1.6875
513,1651,138,415,7,True,False,9,9,0,0,0,0.0,0.0,0.0,0.0,0.0
513,1652,138,415,80,True,False,9,9,0,0,0,0.0,0.0,0.0,0.0,0.0
513,1653,138,415,117,True,False,9,9,0,0,0,0.0,0.0,0.0,0.0,0.0
513,1654,138,415,133,True,False,9,9,0,0,0,0.0,0.0,0.0,0.0,0.0
513,1655,138,415,149,True,False,9,9,0,0,0,0.0,0.0,0.0,0.0,0.0
513,1656,138,415,151,True,False,9,9,0,0,0,0.0,0.0,0.0,0.0,0.0
513,1657,138,415,175,True,False,9,9,0,0,0,0.0,0.0,0.0,0.0,0.0
513,1658,138,415,196,True,False,9,9,0,0,0,0.0,0.0,0.0,0.0,0.0
513,1659,138,415,258,True,True,9,9,2,10,1,0.0,0.0,1.1111111111111112,0.2222222222222222,1.1111111111111112
513,1660,138,415,263,True,False,9,9,0,0,0,0.0,0.0,0.0,0.0,0.0
513,1661,138,415,268,True,False,9,9,0,0,0,0.0,0.0,0.0,0.0,0.0
513,1662,138,415,311,True,True,9,9,7,80,1,0.0,1.0,8.88888888888889,0.7777777777777778,8.88888888888889
513,1663,138,415,315,True,False,9,9,0,0,0,0.0,0.0,0.0,0.0,0.0
513,1664,138,415,387,True,False,9,9,0,0,0,0.0,0.0,0.0,0.0,0.0
513,1665,138,415,390,True,False,9,9,0,0,0,0.0,0.0,0.0,0.0,0.0
513,1666,138,415,509,True,False,9,9,0,0,0,0.0,0.0,0.0,0.0,0.0
514,129,139,22,21,True,True,37,37,11,44,3,3.0,7.0,1.1891891891891893,0.2972972972972973,1.1891891891891893
514,130,139,22,31,True,True,37,37,20,95,6,3.0,8.0,2.5675675675675675,0.5405405405405406,2.5675675675675675
514,131,139,22,43,True,False,37,37,0,0,0,0.0,0.0,0.0,0.0,0.0
514,132,139,22,61,True,True,37,37,10,42,4,4.0,7.0,1.135135135135135,0.2702702702702703,1.135135135135135
514,133,139,22,74,True,True,37,37,13,13,3,5.0,8.0,0.35135135135135137,0.35135135135135137,0.35135135135135137
514,134,139,22,79,True,True,37,37,3,6,2,0.0,0.0,0.16216216216216217,0.08108108108108109,0.16216216216216217
514,135,139,22,139,True,True,37,37,14,47,3,0.0,0.0,1.2702702702702702,0.3783783783783784,1.2702702702702702
514,136,139,22,144,True,False,37,37,0,0,0,0.0,0.0,0.0,0.0,0.0
514,137,139,22,175,True,False,37,37,0,0,0,0.0,0.0,0.0,0.0,0.0
514,138,139,22,179,True,False,37,37,0,0,0,0.0,0.0,0.0,0.0,0.0
514,139,139,22,186,True,True,37,37,5,20,1,2.0,5.5,0.5405405405405406,0.13513513513513514,0.5405405405405406
514,140,139,22,273,True,True,37,37,20,77,6,0.0,0.0,2.081081081081081,0.5405405405405406,2.081081081081081
515,339,139,79,8,True,False,169,169,0,0,0,0.0,0.0,0.0,0.0,0.0
515,340,139,79,22,True,True,169,169,9,18,2,0.0,0.0,0.10650887573964497,0.05325443786982249,0.10650887573964497
515,341,139,79,100,True,False,169,169,0,0,0,0.0,0.0,0.0,0.0,0.0
515,342,139,79,149,True,True,169,169,24,97,3,0.0,1.0,0.5739644970414202,0.14201183431952663,0.5739644970414202
515,343,139,79,164,True,True,169,169,1,1,1,7.0,7.0,0.005917159763313609,0.005917159763313609,0.005917159763313609
515,344,139,79,171,True,True,169,169,13,194,3,2.0,7.0,1.1479289940828403,0.07692307692307693,1.1479289940828403
515,345,139,79,184,True,True,169,169,28,153,5,0.0,0.0,0.9053254437869822,0.16568047337278108,0.9053254437869822
515,346,139,79,230,True,True,169,169,62,401,7,0.0,1.0,2.3727810650887573,0.3668639053254438,2.3727810650887573
515,347,139,79,271,True,True,169,169,8,8,2,7.0,8.0,0.047337278106508875,0.047337278106508875,0.047337278106508875
515,348,139,79,288,True,True,169,169,11,30,1,0.0,1.0,0.17751479289940827,0.0650887573964497,0.17751479289940827
515,349,139,79,311,True,False,169,169,0,0,0,0.0,0.0,0.0,0.0,0.0
515,350,139,79,390,True,False,169,169,0,0,0,0.0,0.0,0.0,0.0,0.0
515,351,139,79,485,True,True,169,169,3,6,1,0.0,0.0,0.03550295857988166,0.01775147928994083,0.03550295857988166
516,352,139,80,10,True,False,242,242,0,0,0,0.0,0.0,0.0,0.0,0.0
516,353,139,80,79,True,True,242,242,5,20,1,0.0,0.0,0.08264462809917356,0.02066115702479339,0.08264462809917356
516,354,139,80,118,True,True,242,242,5,30,1,1.0,4.0,0.12396694214876033,0.02066115702479339,0.12396694214876033
516,355,139,80,138,True,True,242,242,5,5,1,3.0,5.0,0.02066115702479339,0.02066115702479339,0.02066115702479339
516,356,139,80,149,True,True,242,242,8,96,1,0.0,4.0,0.39669421487603307,0.03305785123966942,0.39669421487603307
516,357,139,80,151,True,True,242,242,9,94,1,0.0,3.0,0.3884297520661157,0.0371900826446281,0.3884297520661157
516,358,139,80,171,True,True,242,242,17,233,3,0.0,5.0,0.9628099173553719,0.07024793388429752,0.9628099173553719
516,359,139,80,230,True,True,242,242,18,157,2,0.0,2.0,0.6487603305785123,0.0743801652892562,0.6487603305785123
516,360,139,80,258,True,True,242,242,42,143,6,0.0,0.0,0.5909090909090909,0.17355371900826447,0.5909090909090909
516,361,139,80,268,True,True,242,242,109,1452,11,0.0,6.0,6.0,0.45041322314049587,6.0
516,362,139,80,297,True,True,242,242,5,5,1,6.0,7.0,0.02066115702479339,0.02066115702479339,0.02066115702479339
516,363,139,80,311,True,True,242,242,39,188,6,0.0,1.0,0.7768595041322314,0.16115702479338842,0.7768595041322314
516,364,139,80,390,True,True,242,242,69,324,7,0.0,2.0,1.3388429752066116,0.28512396694214875,1.3388429752066116
516,365,139,80,415,True,True,242,242,2,3,1,0.0,0.0,0.012396694214876033,0.008264462809917356,0.012396694214876033
517,482,139,126,2,True,True,43,43,5,54,1,0.0,4.0,1.255813953488372,0.11627906976744186,1.255813953488372
517,483,139,126,79,True,True,43,43,1,2,1,0.0,0.0,0.046511627906976744,0.023255813953488372,0.046511627906976744
517,484,139,126,80,True,True,43,43,15,59,1,0.0,3.0,1.372093023255814,0.3488372093023256,1.372093023255814
517,485,139,126,144,True,False,43,43,0,0,0,0.0,0.0,0.0,0.0,0.0
517,486,139,126,175,True,False,43,43,0,0,0,0.0,0.0,0.0,0.0,0.0
517,487,139,126,258,True,True,43,43,5,19,1,0.0,2.0,0.4418604651162791,0.11627906976744186,0.4418604651162791
517,488,139,126,371,True,False,43,43,0,0,0,0.0,0.0,0.0,0.0,0.0
518,558,139,144,2,True,False,3,3,0,0,0,0.0,0.0,0.0,0.0,0.0
518,559,139,144,21,True,False,3,3,0,0,0,0.0,0.0,0.0,0.0,0.0
518,560,139,144,22,True,False,3,3,0,0,0,0.0,0.0,0.0,0.0,0.0
518,561,139,144,31,True,False,3,3,0,0,0,0.0,0.0,0.0,0.0,0.0
518,562,139,144,61,True,False,3,3,0,0,0,0.0,0.0,0.0,0.0,0.0
518,563,139,144,74,True,False,3,3,0,0,0,0.0,0.0,0.0,0.0,0.0
518,564,139,144,79,True,True,3,3,1,1,1,0.0,0.0,0.3333333333333333,0.3333333333333333,0.3333333333333333
518,565,139,144,126,True,True,3,3,2,6,1,0.0,0.0,2.0,0.6666666666666666,2.0
518,566,139,144,139,True,True,3,3,3,4,2,0.0,0.0,1.3333333333333333,1.0,1.3333333333333333
518,567,139,144,179,True,False,3,3,0,0,0,0.0,0.0,0.0,0.0,0.0
518,568,139,144,186,True,False,3,3,0,0,0,0.0,0.0,0.0,0.0,0.0
518,569,139,144,229,True,False,3,3,0,0,0,0.0,0.0,0.0,0.0,0.0
518,570,139,144,248,True,False,3,3,0,0,0,0.0,0.0,0.0,0.0,0.0
518,571,139,144,315,True,False,3,3,0,0,0,0.0,0.0,0.0,0.0,0.0
518,572,139,144,488,True,False,3,3,0,0,0,0.0,0.0,0.0,0.0,0.0
519,591,139,149,8,True,False,164,164,0,0,0,0.0,0.0,0.0,0.0,0.0
519,592,139,149,42,True,False,164,164,0,0,0,0.0,0.0,0.0,0.0,0.0
519,593,139,149,79,True,True,164,164,16,30,2,0.0,0.0,0.18292682926829268,0.0975609756097561,0.18292682926829268
519,594,139,149,80,True,False,164,164,0,0,0,0.0,0.0,0.0,0.0,0.0
519,595,139,149,100,True,True,164,164,1,2,1,0.0,0.0,0.012195121951219513,0.006097560975609756,0.012195121951219513
519,596,139,149,151,True,True,164,164,23,98,2,0.0,1.0,0.5975609756097561,0.1402439024390244,0.5975609756097561
519,597,139,149,171,True,True,164,164,9,85,1,0.0,2.0,0.5182926829268293,0.054878048780487805,0.5182926829268293
519,598,139,149,184,True,True,164,164,14,56,2,0.0,0.0,0.34146341463414637,0.08536585365853659,0.34146341463414637
519,599,139,149,230,True,True,164,164,92,529,10,0.0,0.0,3.225609756097561,0.5609756097560976,3.225609756097561
519,600,139,149,268,True,False,164,164,0,0,0,0.0,0.0,0.0,0.0,0.0
519,601,139,149,311,True,True,164,164,14,14,1,0.0,2.0,0.08536585365853659,0.08536585365853659,0.08536585365853659
519,602,139,149,315,True,True,164,164,1,1,1,0.0,0.0,0.006097560975609756,0.006097560975609756,0.006097560975609756
519,603,139,149,390,True,True,164,164,57,451,5,0.0,1.0,2.75,0.3475609756097561,2.75
519,604,139,149,415,True,False,164,164,0,0,0,0.0,0.0,0.0,0.0,0.0
520,605,139,151,8,True,False,8,8,0,0,0,0.0,0.0,0.0,0.0,0.0
520,606,139,151,10,True,False,8,8,0,0,0,0.0,0.0,0.0,0.0,0.0
520,607,139,151,22,True,False,8,8,0,0,0,0.0,0.0,0.0,0.0,0.0
520,608,139,151,79,True,False,8,8,0,0,0,0.0,0.0,0.0,0.0,0.0
520,609,139,151,80,True,False,8,8,0,0,0,0.0,0.0,0.0,0.0,0.0
520,610,139,151,117,True,False,8,8,0,0,0,0.0,0.0,0.0,0.0,0.0
520,611,139,151,149,True,True,8,8,5,5,1,0.0,0.0,0.625,0.625,0.625
520,612,139,151,171,True,False,8,8,0,0,0,0.0,0.0,0.0,0.0,0.0
520,613,139,151,184,True,False,8,8,0,0,0,0.0,0.0,0.0,0.0,0.0
520,614,139,151,230,True,True,8,8,5,15,1,0.0,0.0,1.875,0.625,1.875
520,615,139,151,258,True,False,8,8,0,0,0,0.0,0.0,0.0,0.0,0.0
520,616,139,151,268,True,False,8,8,0,0,0,0.0,0.0,0.0,0.0,0.0
520,617,139,151,311,True,False,8,8,0,0,0,0.0,0.0,0.0,0.0,0.0
520,618,139,151,390,True,False,8,8,0,0,0,0.0,0.0,0.0,0.0,0.0
520,619,139,151,494,True,False,8,8,0,0,0,0.0,0.0,0.0,0.0,0.0
521,758,139,175,2,True,True,19,19,5,8,1,0.0,0.5,0.42105263157894735,0.2631578947368421,0.42105263157894735
521,759,139,175,21,True,False,19,19,0,0,0,0.0,0.0,0.0,0.0,0.0
521,760,139,175,31,True,True,19,19,3,15,1,8.0,9.0,0.7894736842105263,0.15789473684210525,0.7894736842105263
521,761,139,175,43,True,False,19,19,0,0,0,0.0,0.0,0.0,0.0,0.0
521,762,139,175,61,True,True,19,19,3,15,1,6.0,8.0,0.7894736842105263,0.15789473684210525,0.7894736842105263
521,763,139,175,74,True,True,19,19,3,3,1,10.0,10.0,0.15789473684210525,0.15789473684210525,0.15789473684210525
521,764,139,175,80,True,True,19,19,12,61,2,0.0,1.0,3.210526315789474,0.631578947368421,3.210526315789474
521,765,139,175,126,True,False,19,19,0,0,0,0.0,0.0,0.0,0.0,0.0
521,766,139,175,139,True,True,19,19,8,26,3,0.0,0.0,1.368421052631579,0.42105263157894735,1.368421052631579
521,767,139,175,179,True,False,19,19,0,0,0,0.0,0.0,0.0,0.0,0.0
521,768,139,175,186,True,False,19,19,0,0,0,0.0,0.0,0.0,0.0,0.0
521,769,139,175,248,True,False,19,19,0,0,0,0.0,0.0,0.0,0.0,0.0
521,770,139,175,258,True,True,19,19,3,6,1,0.0,0.0,0.3157894736842105,0.15789473684210525,0.3157894736842105
521,771,139,175,273,True,False,19,19,0,0,0,0.0,0.0,0.0,0.0,0.0
521,772,139,175,311,True,True,19,19,2,2,1,0.0,0.0,0.10526315789473684,0.10526315789473684,0.10526315789473684
521,773,139,175,390,True,True,19,19,5,5,1,0.0,0.0,0.2631578947368421,0.2631578947368421,0.2631578947368421
521,774,139,175,415,True,True,19,19,2,2,1,0.0,0.0,0.10526315789473684,0.10526315789473684,0.10526315789473684
521,775,139,175,488,True,False,19,19,0,0,0,0.0,0.0,0.0,0.0,0.0
522,795,139,184,4,True,True,213,213,33,263,3,4.0,9.0,1.2347417840375587,0.15492957746478872,1.2347417840375587
522,796,139,184,8,True,True,213,213,15,55,1,0.0,1.0,0.25821596244131456,0.07042253521126761,0.25821596244131456
522,797,139,184,22,True,True,213,213,53,578,8,0.0,2.0,2.7136150234741785,0.24882629107981222,2.7136150234741785
522,798,139,184,50,True,True,213,213,18,228,2,1.0,6.5,1.0704225352112675,0.08450704225352113,1.0704225352112675
522,799,139,184,79,True,True,213,213,38,249,5,0.0,1.0,1.1690140845070423,0.1784037558685446,1.1690140845070423
522,800,139,184,139,True,True,213,213,21,82,2,0.0,0.0,0.38497652582159625,0.09859154929577464,0.38497652582159625
522,801,139,184,229,True,True,213,213,23,201,2,0.0,4.0,0.9436619718309859,0.107981220657277,0.9436619718309859
522,802,139,184,230,True,True,213,213,8,17,1,0.0,1.0,0.07981220657276995,0.03755868544600939,0.07981220657276995
522,803,139,184,273,True,True,213,213,82,848,8,0.0,2.0,3.9812206572769955,0.38497652582159625,3.9812206572769955
522,804,139,184,288,True,False,213,213,0,0,0,0.0,0.0,0.0,0.0,0.0
522,805,139,184,290,True,False,213,213,0,0,0,0.0,0.0,0.0,0.0,0.0
522,806,139,184,315,True,False,213,213,0,0,0,0.0,0.0,0.0,0.0,0.0
522,807,139,184,383,True,False,213,213,0,0,0,0.0,0.0,0.0,0.0,0.0
523,831,139,199,10,True,False,19,19,0,0,0,0.0,0.0,0.0,0.0,0.0
523,832,139,199,39,True,True,19,19,4,14,1,0.0,1.0,0.7368421052631579,0.21052631578947367,0.7368421052631579
523,833,139,199,77,True,False,19,19,0,0,0,0.0,0.0,0.0,0.0,0.0
523,834,139,199,117,True,False,19,19,0,0,0,0.0,0.0,0.0,0.0,0.0
523,835,139,199,170,True,False,19,19,0,0,0,0.0,0.0,0.0,0.0,0.0
523,836,139,199,176,True,False,19,19,0,0,0,0.0,0.0,0.0,0.0,0.0
523,837,139,199,238,True,False,19,19,0,0,0,0.0,0.0,0.0,0.0,0.0
523,838,139,199,252,True,False,19,19,0,0,0,0.0,0.0,0.0,0.0,0.0
523,839,139,199,317,True,True,19,19,5,19,1,0.0,2.0,1.0,0.2631578947368421,1.0
523,840,139,199,383,True,True,19,19,5,5,1,1.0,3.0,0.2631578947368421,0.2631578947368421,0.2631578947368421
523,841,139,199,387,True,False,19,19,0,0,0,0.0,0.0,0.0,0.0,0.0
523,842,139,199,402,True,False,19,19,0,0,0,0.0,0.0,0.0,0.0,0.0
523,843,139,199,404,True,False,19,19,0,0,0,0.0,0.0,0.0,0.0,0.0
523,844,139,199,462,True,False,19,19,0,0,0,0.0,0.0,0.0,0.0,0.0
523,845,139,199,494,True,True,19,19,19,219,4,0.0,2.0,11.526315789473685,1.0,11.526315789473685
524,905,139,229,79,True,True,52,52,18,80,2,0.0,1.0,1.5384615384615385,0.34615384615384615,1.5384615384615385
524,906,139,229,126,True,False,52,52,0,0,0,0.0,0.0,0.0,0.0,0.0
524,907,139,229,149,True,False,52,52,0,0,0,0.0,0.0,0.0,0.0,0.0
524,908,139,229,157,True,True,52,52,14,115,1,0.0,1.0,2.2115384615384617,0.2692307692307692,2.2115384615384617
524,909,139,229,184,True,True,52,52,22,167,3,0.0,1.0,3.2115384615384617,0.4230769230769231,3.2115384615384617
524,910,139,229,230,True,True,52,52,9,28,1,0.0,0.0,0.5384615384615384,0.17307692307692307,0.5384615384615384
524,911,139,229,315,True,False,52,52,0,0,0,0.0,0.0,0.0,0.0,0.0
525,912,139,230,4,True,True,119,119,22,107,3,6.0,10.0,0.8991596638655462,0.18487394957983194,0.8991596638655462
525,913,139,230,8,True,False,119,119,0,0,0,0.0,0.0,0.0,0.0,0.0
525,914,139,230,22,True,True,119,119,26,190,4,0.0,2.0,1.596638655462185,0.2184873949579832,1.596638655462185
525,915,139,230,50,True,False,119,119,0,0,0,0.0,0.0,0.0,0.0,0.0
525,916,139,230,79,True,True,119,119,13,81,2,0.0,1.0,0.680672268907563,0.1092436974789916,0.680672268907563
525,917,139,230,80,True,False,119,119,0,0,0,0.0,0.0,0.0,0.0,0.0
525,918,139,230,100,True,False,119,119,0,0,0,0.0,0.0,0.0,0.0,0.0
525,919,139,230,149,True,True,119,119,5,8,1,0.0,0.0,0.06722689075630252,0.04201680672268908,0.06722689075630252
525,920,139,230,151,True,True,119,119,5,37,1,0.0,0.0,0.31092436974789917,0.04201680672268908,0.31092436974789917
525,921,139,230,171,True,False,119,119,0,0,0,0.0,0.0,0.0,0.0,0.0
525,922,139,230,184,True,True,119,119,33,166,7,0.0,0.0,1.3949579831932772,0.2773109243697479,1.3949579831932772
525,923,139,230,288,True,True,119,119,16,192,3,0.0,6.0,1.6134453781512605,0.13445378151260504,1.6134453781512605
525,924,139,230,311,True,True,119,119,3,18,1,2.0,4.0,0.15126050420168066,0.025210084033613446,0.15126050420168066
525,925,139,230,390,True,False,119,119,0,0,0,0.0,0.0,0.0,0.0,0.0
525,926,139,230,485,True,False,119,119,0,0,0,0.0,0.0,0.0,0.0,0.0
526,1039,139,258,2,True,False,16,16,0,0,0,0.0,0.0,0.0,0.0,0.0
526,1040,139,258,22,True,True,16,16,6,29,1,0.0,2.0,1.8125,0.375,1.8125
526,1041,139,258,61,True,False,16,16,0,0,0,0.0,0.0,0.0,0.0,0.0
526,1042,139,258,80,True,False,16,16,0,0,0,0.0,0.0,0.0,0.0,0.0
526,1043,139,258,126,True,False,16,16,0,0,0,0.0,0.0,0.0,0.0,0.0
526,1044,139,258,151,True,False,16,16,0,0,0,0.0,0.0,0.0,0.0,0.0
526,1045,139,258,175,True,True,16,16,12,128,3,0.0,3.0,8.0,0.75,8.0
526,1046,139,258,311,True,True,16,16,4,20,1,0.0,0.0,1.25,0.25,1.25
526,1047,139,258,390,True,False,16,16,0,0,0,0.0,0.0,0.0,0.0,0.0
526,1048,139,258,415,True,False,16,16,0,0,0,0.0,0.0,0.0,0.0,0.0
527,1127,139,273,21,True,False,51,51,0,0,0,0.0,0.0,0.0,0.0,0.0
527,1128,139,273,22,True,True,51,51,8,77,1,0.0,4.0,1.5098039215686274,0.1568627450980392,1.5098039215686274
527,1129,139,273,31,True,True,51,51,8,14,1,8.0,9.0,0.27450980392156865,0.1568627450980392,0.27450980392156865
527,1130,139,273,43,True,False,51,51,0,0,0,0.0,0.0,0.0,0.0,0.0
527,1131,139,273,61,True,True,51,51,8,27,1,6.0,8.0,0.5294117647058824,0.1568627450980392,0.5294117647058824
527,1132,139,273,74,True,False,51,51,0,0,0,0.0,0.0,0.0,0.0,0.0
527,1133,139,273,79,True,True,51,51,28,119,7,0.0,0.0,2.3333333333333335,0.5490196078431373,2.3333333333333335
527,1134,139,273,80,True,True,51,51,4,22,1,0.0,0.0,0.43137254901960786,0.0784313725490196,0.43137254901960786
527,1135,139,273,126,True,True,51,51,1,1,1,0.0,0.0,0.0196078431372549,0.0196078431372549,0.0196078431372549
527,1136,139,273,139,True,True,51,51,18,71,4,0.0,0.0,1.392156862745098,0.35294117647058826,1.392156862745098
527,1137,139,273,144,True,False,51,51,0,0,0,0.0,0.0,0.0,0.0,0.0
527,1138,139,273,151,True,True,51,51,8,12,1,0.0,0.0,0.23529411764705882,0.1568627450980392,0.23529411764705882
527,1139,139,273,179,True,False,51,51,0,0,0,0.0,0.0,0.0,0.0,0.0
527,1140,139,273,184,True,True,51,51,1,4,1,0.0,0.0,0.0784313725490196,0.0196078431372549,0.0784313725490196
527,1141,139,273,186,True,False,51,51,0,0,0,0.0,0.0,0.0,0.0,0.0
527,1142,139,273,229,True,False,51,51,0,0,0,0.0,0.0,0.0,0.0,0.0
527,1143,139,273,230,True,False,51,51,0,0,0,0.0,0.0,0.0,0.0,0.0
527,1144,139,273,248,True,False,51,51,0,0,0,0.0,0.0,0.0,0.0,0.0
528,1240,139,311,4,True,False,49,49,0,0,0,0.0,0.0,0.0,0.0,0.0
528,1241,139,311,80,True,True,49,49,19,149,4,0.0,1.0,3.0408163265306123,0.3877551020408163,3.0408163265306123
528,1242,139,311,118,True,True,49,49,15,114,1,5.0,9.0,2.326530612244898,0.30612244897959184,2.326530612244898
528,1243,139,311,138,True,False,49,49,0,0,0,0.0,0.0,0.0,0.0,0.0
528,1244,139,311,149,True,True,49,49,1,2,1,0.0,0.0,0.04081632653061224,0.02040816326530612,0.04081632653061224
528,1245,139,311,151,True,False,49,49,0,0,0,0.0,0.0,0.0,0.0,0.0
528,1246,139,311,163,True,False,49,49,0,0,0,0.0,0.0,0.0,0.0,0.0
528,1247,139,311,171,True,False,49,49,0,0,0,0.0,0.0,0.0,0.0,0.0
528,1248,139,311,288,True,False,49,49,0,0,0,0.0,0.0,0.0,0.0,0.0
528,1249,139,311,371,True,False,49,49,0,0,0,0.0,0.0,0.0,0.0,0.0
528,1250,139,311,390,True,False,49,49,0,0,0,0.0,0.0,0.0,0.0,0.0
528,1251,139,311,415,True,True,49,49,5,18,2,0.0,0.0,0.3673469387755102,0.10204081632653061,0.3673469387755102
529,1263,139,315,50,True,False,19,19,0,0,0,0.0,0.0,0.0,0.0,0.0
529,1264,139,315,100,True,True,19,19,19,271,2,0.0,4.0,14.263157894736842,1.0,14.263157894736842
529,1265,139,315,184,True,False,19,19,0,0,0,0.0,0.0,0.0,0.0,0.0
529,1266,139,315,229,True,False,19,19,0,0,0,0.0,0.0,0.0,0.0,0.0
529,1267,139,315,230,True,False,19,19,0,0,0,0.0,0.0,0.0,0.0,0.0
529,1268,139,315,485,True,False,19,19,0,0,0,0.0,0.0,0.0,0.0,0.0
530,1553,139,390,2,True,False,19,19,0,0,0,0.0,0.0,0.0,0.0,0.0
530,1554,139,390,8,True,False,19,19,0,0,0,0.0,0.0,0.0,0.0,0.0
530,1555,139,390,22,True,True,19,19,10,29,1,0.0,2.0,1.5263157894736843,0.5263157894736842,1.5263157894736843
530,1556,139,390,79,True,False,19,19,0,0,0,0.0,0.0,0.0,0.0,0.0
530,1557,139,390,80,True,True,19,19,3,15,1,0.0,0.0,0.7894736842105263,0.15789473684210525,0.7894736842105263
530,1558,139,390,138,True,True,19,19,3,24,1,3.0,6.0,1.263157894736842,0.15789473684210525,1.263157894736842
530,1559,139,390,149,True,False,19,19,0,0,0,0.0,0.0,0.0,0.0,0.0
530,1560,139,390,151,True,True,19,19,1,7,1,0.0,1.0,0.3684210526315789,0.05263157894736842,0.3684210526315789
530,1561,139,390,171,True,True,19,19,3,21,1,2.0,5.0,1.105263157894737,0.15789473684210525,1.105263157894737
530,1562,139,390,175,True,False,19,19,0,0,0,0.0,0.0,0.0,0.0,0.0
530,1563,139,390,230,True,False,19,19,0,0,0,0.0,0.0,0.0,0.0,0.0
530,1564,139,390,258,True,True,19,19,11,101,2,0.0,1.0,5.315789473684211,0.5789473684210527,5.315789473684211
530,1565,139,390,268,True,True,19,19,1,15,1,1.0,4.0,0.7894736842105263,0.05263157894736842,0.7894736842105263
530,1566,139,390,294,True,False,19,19,0,0,0,0.0,0.0,0.0,0.0,0.0
530,1567,139,390,311,True,True,19,19,1,2,1,0.0,0.5,0.10526315789473684,0.05263157894736842,0.10526315789473684
531,1651,139,415,7,True,False,118,118,0,0,0,0.0,0.0,0.0,0.0,0.0
531,1652,139,415,80,True,True,118,118,43,117,5,0.0,0.0,0.9915254237288136,0.3644067796610169,0.9915254237288136
531,1653,139,415,117,True,False,118,118,0,0,0,0.0,0.0,0.0,0.0,0.0
531,1654,139,415,133,True,False,118,118,0,0,0,0.0,0.0,0.0,0.0,0.0
531,1655,139,415,149,True,False,118,118,0,0,0,0.0,0.0,0.0,0.0,0.0
531,1656,139,415,151,True,False,118,118,0,0,0,0.0,0.0,0.0,0.0,0.0
531,1657,139,415,175,True,False,118,118,0,0,0,0.0,0.0,0.0,0.0,0.0
531,1658,139,415,196,True,False,118,118,0,0,0,0.0,0.0,0.0,0.0,0.0
531,1659,139,415,258,True,True,118,118,24,100,3,0.0,2.0,0.847457627118644,0.2033898305084746,0.847457627118644
531,1660,139,415,263,True,False,118,118,0,0,0,0.0,0.0,0.0,0.0,0.0
531,1661,139,415,268,True,False,118,118,0,0,0,0.0,0.0,0.0,0.0,0.0
531,1662,139,415,311,True,True,118,118,31,58,3,0.0,1.0,0.4915254237288136,0.2627118644067797,0.4915254237288136
531,1663,139,415,315,True,False,118,118,0,0,0,0.0,0.0,0.0,0.0,0.0
531,1664,139,415,387,True,False,118,118,0,0,0,0.0,0.0,0.0,0.0,0.0
531,1665,139,415,390,True,True,118,118,13,32,1,0.0,1.0,0.2711864406779661,0.11016949152542373,0.2711864406779661
531,1666,139,415,509,True,False,118,118,0,0,0,0.0,0.0,0.0,0.0,0.0
532,183,140,30,176,True,False,42,42,0,0,0,0.0,0.0,0.0,0.0,0.0
532,184,140,30,199,True,False,42,42,0,0,0,0.0,0.0,0.0,0.0,0.0
532,185,140,30,238,True,False,42,42,0,0,0,0.0,0.0,0.0,0.0,0.0
532,186,140,30,252,True,False,42,42,0,0,0,0.0,0.0,0.0,0.0,0.0
532,187,140,30,290,True,False,42,42,0,0,0,0.0,0.0,0.0,0.0,0.0
532,188,140,30,317,True,False,42,42,0,0,0,0.0,0.0,0.0,0.0,0.0
532,189,140,30,383,True,False,42,42,0,0,0,0.0,0.0,0.0,0.0,0.0
532,190,140,30,404,True,False,42,42,0,0,0,0.0,0.0,0.0,0.0,0.0
532,191,140,30,474,True,False,42,42,0,0,0,0.0,0.0,0.0,0.0,0.0
532,192,140,30,494,True,False,42,42,0,0,0,0.0,0.0,0.0,0.0,0.0
533,404,140,109,30,True,False,5,5,0,0,0,0.0,0.0,0.0,0.0,0.0
533,405,140,109,140,True,True,5,5,1,3,1,0.0,0.0,0.6,0.2,0.6
533,406,140,109,146,True,False,5,5,0,0,0,0.0,0.0,0.0,0.0,0.0
533,407,140,109,163,True,False,5,5,0,0,0,0.0,0.0,0.0,0.0,0.0
533,408,140,109,205,True,False,5,5,0,0,0,0.0,0.0,0.0,0.0,0.0
533,409,140,109,259,True,False,5,5,0,0,0,0.0,0.0,0.0,0.0,0.0
533,410,140,109,328,True,True,5,5,2,6,1,0.0,0.0,1.2,0.4,1.2
533,411,140,109,371,True,False,5,5,0,0,0,0.0,0.0,0.0,0.0,0.0
533,412,140,109,404,True,True,5,5,2,6,1,0.0,4.0,1.2,0.4,1.2
533,413,140,109,405,True,False,5,5,0,0,0,0.0,0.0,0.0,0.0,0.0
533,414,140,109,430,True,True,5,5,3,14,1,0.0,1.0,2.8,0.6,2.8
533,415,140,109,487,True,False,5,5,0,0,0,0.0,0.0,0.0,0.0,0.0
533,416,140,109,494,True,False,5,5,0,0,0,0.0,0.0,0.0,0.0,0.0
534,1331,140,328,30,True,False,378,378,0,0,0,0.0,0.0,0.0,0.0,0.0
534,1332,140,328,39,True,False,378,378,0,0,0,0.0,0.0,0.0,0.0,0.0
534,1333,140,328,109,True,True,378,378,12,33,1,0.0,1.0,0.0873015873015873,0.031746031746031744,0.0873015873015873
534,1334,140,328,140,True,True,378,378,19,29,3,0.0,0.0,0.07671957671957672,0.05026455026455026,0.07671957671957672
534,1335,140,328,170,True,True,378,378,60,759,3,0.0,3.0,2.007936507936508,0.15873015873015872,2.007936507936508
534,1336,140,328,199,True,False,378,378,0,0,0,0.0,0.0,0.0,0.0,0.0
534,1337,140,328,238,True,False,378,378,0,0,0,0.0,0.0,0.0,0.0,0.0
534,1338,140,328,252,True,False,378,378,0,0,0,0.0,0.0,0.0,0.0,0.0
534,1339,140,328,404,True,True,378,378,175,2229,10,0.0,4.0,5.896825396825397,0.46296296296296297,5.896825396825397
534,1340,140,328,485,True,False,378,378,0,0,0,0.0,0.0,0.0,0.0,0.0
534,1341,140,328,494,True,False,378,378,0,0,0,0.0,0.0,0.0,0.0,0.0
535,1598,140,404,10,True,False,16,16,0,0,0,0.0,0.0,0.0,0.0,0.0
535,1599,140,404,39,True,False,16,16,0,0,0,0.0,0.0,0.0,0.0,0.0
535,1600,140,404,84,True,False,16,16,0,0,0,0.0,0.0,0.0,0.0,0.0
535,1601,140,404,115,True,False,16,16,0,0,0,0.0,0.0,0.0,0.0,0.0
535,1602,140,404,117,True,False,16,16,0,0,0,0.0,0.0,0.0,0.0,0.0
535,1603,140,404,169,True,False,16,16,0,0,0,0.0,0.0,0.0,0.0,0.0
535,1604,140,404,199,True,False,16,16,0,0,0,0.0,0.0,0.0,0.0,0.0
535,1605,140,404,217,True,False,16,16,0,0,0,0.0,0.0,0.0,0.0,0.0
535,1606,140,404,262,True,False,16,16,0,0,0,0.0,0.0,0.0,0.0,0.0
535,1607,140,404,294,True,False,16,16,0,0,0,0.0,0.0,0.0,0.0,0.0
535,1608,140,404,309,True,False,16,16,0,0,0,0.0,0.0,0.0,0.0,0.0
535,1609,140,404,316,True,False,16,16,0,0,0,0.0,0.0,0.0,0.0,0.0
535,1610,140,404,317,True,False,16,16,0,0,0,0.0,0.0,0.0,0.0,0.0
535,1611,140,404,383,True,False,16,16,0,0,0,0.0,0.0,0.0,0.0,0.0
535,1612,140,404,385,True,False,16,16,0,0,0,0.0,0.0,0.0,0.0,0.0
535,1613,140,404,387,True,False,16,16,0,0,0,0.0,0.0,0.0,0.0,0.0
535,1614,140,404,389,True,False,16,16,0,0,0,0.0,0.0,0.0,0.0,0.0
535,1615,140,404,433,True,True,16,16,1,3,1,5.0,6.0,0.1875,0.0625,0.1875
535,1616,140,404,474,True,False,16,16,0,0,0,0.0,0.0,0.0,0.0,0.0
535,1617,140,404,494,True,False,16,16,0,0,0,0.0,0.0,0.0,0.0,0.0
536,1819,140,487,3,True,True,33,33,12,12,1,0.0,1.0,0.36363636363636365,0.36363636363636365,0.36363636363636365
536,1820,140,487,16,True,False,33,33,0,0,0,0.0,0.0,0.0,0.0,0.0
536,1821,140,487,26,True,False,33,33,0,0,0,0.0,0.0,0.0,0.0,0.0
536,1822,140,487,46,True,False,33,33,0,0,0,0.0,0.0,0.0,0.0,0.0
536,1823,140,487,109,True,False,33,33,0,0,0,0.0,0.0,0.0,0.0,0.0
536,1824,140,487,140,True,False,33,33,0,0,0,0.0,0.0,0.0,0.0,0.0
536,1825,140,487,163,True,False,33,33,0,0,0,0.0,0.0,0.0,0.0,0.0
536,1826,140,487,262,True,False,33,33,0,0,0,0.0,0.0,0.0,0.0,0.0
536,1827,140,487,266,True,False,33,33,0,0,0,0.0,0.0,0.0,0.0,0.0
536,1828,140,487,297,True,False,33,33,0,0,0,0.0,0.0,0.0,0.0,0.0
536,1829,140,487,328,True,False,33,33,0,0,0,0.0,0.0,0.0,0.0,0.0
536,1830,140,487,371,True,False,33,33,0,0,0,0.0,0.0,0.0,0.0,0.0
536,1831,140,487,430,True,False,33,33,0,0,0,0.0,0.0,0.0,0.0,0.0
536,1832,140,487,462,True,False,33,33,0,0,0,0.0,0.0,0.0,0.0,0.0
537,13,141,2,21,True,False,21,21,0,0,0,0.0,0.0,0.0,0.0,0.0
537,14,141,2,31,True,False,21,21,0,0,0,0.0,0.0,0.0,0.0,0.0
537,15,141,2,43,True,False,21,21,0,0,0,0.0,0.0,0.0,0.0,0.0
537,16,141,2,61,True,False,21,21,0,0,0,0.0,0.0,0.0,0.0,0.0
537,17,141,2,74,True,False,21,21,0,0,0,0.0,0.0,0.0,0.0,0.0
537,18,141,2,126,True,True,21,21,4,19,2,1.0,3.0,0.9047619047619048,0.19047619047619047,0.9047619047619048
537,19,141,2,144,True,False,21,21,0,0,0,0.0,0.0,0.0,0.0,0.0
537,20,141,2,175,True,True,21,21,1,5,1,0.0,0.0,0.23809523809523808,0.047619047619047616,0.23809523809523808
537,21,141,2,179,True,False,21,21,0,0,0,0.0,0.0,0.0,0.0,0.0
537,22,141,2,186,True,False,21,21,0,0,0,0.0,0.0,0.0,0.0,0.0
537,23,141,2,313,True,False,21,21,0,0,0,0.0,0.0,0.0,0.0,0.0
537,24,141,2,488,True,False,21,21,0,0,0,0.0,0.0,0.0,0.0,0.0
538,82,141,12,6,True,False,42,42,0,0,0,0.0,0.0,0.0,0.0,0.0
538,83,141,12,58,True,False,42,42,0,0,0,0.0,0.0,0.0,0.0,0.0
538,84,141,12,113,True,False,42,42,0,0,0,0.0,0.0,0.0,0.0,0.0
538,85,141,12,121,True,True,42,42,11,11,4,0.0,0.0,0.2619047619047619,0.2619047619047619,0.2619047619047619
538,86,141,12,144,True,True,42,42,37,218,8,0.0,0.0,5.190476190476191,0.8809523809523809,5.190476190476191
538,87,141,12,243,True,False,42,42,0,0,0,0.0,0.0,0.0,0.0,0.0
538,88,141,12,251,True,False,42,42,0,0,0,0.0,0.0,0.0,0.0,0.0
538,89,141,12,321,True,False,42,42,0,0,0,0.0,0.0,0.0,0.0,0.0
538,90,141,12,335,True,False,42,42,0,0,0,0.0,0.0,0.0,0.0,0.0
538,91,141,12,463,True,False,42,42,0,0,0,0.0,0.0,0.0,0.0,0.0
538,92,141,12,481,True,False,42,42,0,0,0,0.0,0.0,0.0,0.0,0.0
539,129,141,22,21,True,False,3,3,0,0,0,0.0,0.0,0.0,0.0,0.0
539,130,141,22,31,True,False,3,3,0,0,0,0.0,0.0,0.0,0.0,0.0
539,131,141,22,43,True,False,3,3,0,0,0,0.0,0.0,0.0,0.0,0.0
539,132,141,22,61,True,False,3,3,0,0,0,0.0,0.0,0.0,0.0,0.0
539,133,141,22,74,True,False,3,3,0,0,0,0.0,0.0,0.0,0.0,0.0
539,134,141,22,79,True,False,3,3,0,0,0,0.0,0.0,0.0,0.0,0.0
539,135,141,22,139,True,True,3,3,3,18,2,0.0,0.0,6.0,1.0,6.0
539,136,141,22,144,True,False,3,3,0,0,0,0.0,0.0,0.0,0.0,0.0
539,137,141,22,175,True,False,3,3,0,0,0,0.0,0.0,0.0,0.0,0.0
539,138,141,22,179,True,False,3,3,0,0,0,0.0,0.0,0.0,0.0,0.0
539,139,141,22,186,True,False,3,3,0,0,0,0.0,0.0,0.0,0.0,0.0
539,140,141,22,273,True,True,3,3,1,1,1,1.0,1.0,0.3333333333333333,0.3333333333333333,0.3333333333333333
540,318,141,74,2,True,True,76,76,7,12,4,0.0,0.0,0.15789473684210525,0.09210526315789473,0.15789473684210525
540,319,141,74,6,True,False,76,76,0,0,0,0.0,0.0,0.0,0.0,0.0
540,320,141,74,12,True,False,76,76,0,0,0,0.0,0.0,0.0,0.0,0.0
540,321,141,74,58,True,False,76,76,0,0,0,0.0,0.0,0.0,0.0,0.0
540,322,141,74,121,True,True,76,76,76,137,31,0.0,0.0,1.8026315789473684,1.0,1.8026315789473684
540,323,141,74,139,True,True,76,76,7,7,3,0.0,0.0,0.09210526315789473,0.09210526315789473,0.09210526315789473
540,324,141,74,169,True,False,76,76,0,0,0,0.0,0.0,0.0,0.0,0.0
540,325,141,74,175,True,True,76,76,64,141,23,0.0,0.0,1.855263157894737,0.8421052631578947,1.855263157894737
540,326,141,74,243,True,False,76,76,0,0,0,0.0,0.0,0.0,0.0,0.0
540,327,141,74,248,True,True,76,76,71,83,30,0.0,0.0,1.0921052631578947,0.9342105263157895,1.0921052631578947
540,328,141,74,281,True,False,76,76,0,0,0,0.0,0.0,0.0,0.0,0.0
540,329,141,74,335,True,False,76,76,0,0,0,0.0,0.0,0.0,0.0,0.0
540,330,141,74,361,True,False,76,76,0,0,0,0.0,0.0,0.0,0.0,0.0
540,331,141,74,383,True,False,76,76,0,0,0,0.0,0.0,0.0,0.0,0.0
540,332,141,74,433,True,False,76,76,0,0,0,0.0,0.0,0.0,0.0,0.0
540,333,141,74,449,True,False,76,76,0,0,0,0.0,0.0,0.0,0.0,0.0
540,334,141,74,455,True,False,76,76,0,0,0,0.0,0.0,0.0,0.0,0.0
540,335,141,74,463,True,False,76,76,0,0,0,0.0,0.0,0.0,0.0,0.0
540,336,141,74,508,True,False,76,76,0,0,0,0.0,0.0,0.0,0.0,0.0
541,465,141,121,2,True,True,479,479,32,183,6,0.0,0.0,0.38204592901878914,0.06680584551148225,0.38204592901878914
541,466,141,121,22,True,True,479,479,19,39,5,0.0,0.0,0.081419624217119,0.03966597077244259,0.081419624217119
541,467,141,121,113,True,False,479,479,0,0,0,0.0,0.0,0.0,0.0,0.0
541,468,141,121,139,True,True,479,479,173,615,46,0.0,0.0,1.2839248434237995,0.36116910229645094,1.2839248434237995
541,469,141,121,144,True,True,479,479,42,246,11,0.0,0.0,0.5135699373695198,0.08768267223382047,0.5135699373695198
541,470,141,121,175,True,True,479,479,174,867,35,0.0,0.0,1.8100208768267223,0.36325678496868474,1.8100208768267223
541,471,141,121,251,True,False,479,479,0,0,0,0.0,0.0,0.0,0.0,0.0
541,472,141,121,273,True,True,479,479,190,885,42,0.0,0.0,1.8475991649269312,0.3966597077244259,1.8475991649269312
541,473,141,121,481,True,False,479,479,0,0,0,0.0,0.0,0.0,0.0,0.0
542,514,141,139,22,True,False,8,8,0,0,0,0.0,0.0,0.0,0.0,0.0
542,515,141,139,79,True,False,8,8,0,0,0,0.0,0.0,0.0,0.0,0.0
542,516,141,139,80,True,True,8,8,2,15,2,4.0,7.0,1.875,0.25,1.875
542,517,141,139,126,True,False,8,8,0,0,0,0.0,0.0,0.0,0.0,0.0
542,518,141,139,144,True,False,8,8,0,0,0,0.0,0.0,0.0,0.0,0.0
542,519,141,139,149,True,True,8,8,5,37,3,2.0,5.0,4.625,0.625,4.625
542,520,141,139,151,True,True,8,8,4,8,2,2.0,5.5,1.0,0.5,1.0
542,521,141,139,175,True,False,8,8,0,0,0,0.0,0.0,0.0,0.0,0.0
542,522,141,139,184,True,False,8,8,0,0,0,0.0,0.0,0.0,0.0,0.0
542,523,141,139,199,True,False,8,8,0,0,0,0.0,0.0,0.0,0.0,0.0
542,524,141,139,229,True,False,8,8,0,0,0,0.0,0.0,0.0,0.0,0.0
542,525,141,139,230,True,True,8,8,6,31,4,4.0,6.0,3.875,0.75,3.875
542,526,141,139,258,True,True,8,8,1,4,1,5.0,6.5,0.5,0.125,0.5
542,527,141,139,273,True,False,8,8,0,0,0,0.0,0.0,0.0,0.0,0.0
542,528,141,139,311,True,True,8,8,2,11,2,4.0,7.0,1.375,0.25,1.375
542,529,141,139,315,True,False,8,8,0,0,0,0.0,0.0,0.0,0.0,0.0
542,530,141,139,390,True,False,8,8,0,0,0,0.0,0.0,0.0,0.0,0.0
542,531,141,139,415,True,False,8,8,0,0,0,0.0,0.0,0.0,0.0,0.0
543,558,141,144,2,True,True,37,37,4,5,2,7.0,8.0,0.13513513513513514,0.10810810810810811,0.13513513513513514
543,559,141,144,21,True,False,37,37,0,0,0,0.0,0.0,0.0,0.0,0.0
543,560,141,144,22,True,True,37,37,1,5,1,0.0,1.0,0.13513513513513514,0.02702702702702703,0.13513513513513514
543,561,141,144,31,True,False,37,37,0,0,0,0.0,0.0,0.0,0.0,0.0
543,562,141,144,61,True,False,37,37,0,0,0,0.0,0.0,0.0,0.0,0.0
543,563,141,144,74,True,False,37,37,0,0,0,0.0,0.0,0.0,0.0,0.0
543,564,141,144,79,True,True,37,37,7,40,5,3.0,8.0,1.0810810810810811,0.1891891891891892,1.0810810810810811
543,565,141,144,126,True,True,37,37,19,248,8,0.0,6.0,6.702702702702703,0.5135135135135135,6.702702702702703
543,566,141,144,139,True,True,37,37,1,8,1,1.0,5.0,0.21621621621621623,0.02702702702702703,0.21621621621621623
543,567,141,144,179,True,False,37,37,0,0,0,0.0,0.0,0.0,0.0,0.0
543,568,141,144,186,True,False,37,37,0,0,0,0.0,0.0,0.0,0.0,0.0
543,569,141,144,229,True,False,37,37,0,0,0,0.0,0.0,0.0,0.0,0.0
543,570,141,144,248,True,False,37,37,0,0,0,0.0,0.0,0.0,0.0,0.0
543,571,141,144,315,True,False,37,37,0,0,0,0.0,0.0,0.0,0.0,0.0
543,572,141,144,488,True,False,37,37,0,0,0,0.0,0.0,0.0,0.0,0.0
544,620,141,156,12,True,True,121,121,22,32,6,0.0,0.0,0.2644628099173554,0.18181818181818182,0.2644628099173554
544,621,141,156,22,True,True,121,121,6,9,2,0.0,0.0,0.0743801652892562,0.049586776859504134,0.0743801652892562
544,622,141,156,58,True,False,121,121,0,0,0,0.0,0.0,0.0,0.0,0.0
544,623,141,156,113,True,False,121,121,0,0,0,0.0,0.0,0.0,0.0,0.0
544,624,141,156,121,True,True,121,121,105,188,37,0.0,0.0,1.5537190082644627,0.8677685950413223,1.5537190082644627
544,625,141,156,139,True,True,121,121,16,30,6,0.0,0.0,0.24793388429752067,0.1322314049586777,0.24793388429752067
544,626,141,156,144,True,True,121,121,29,73,9,0.0,0.0,0.6033057851239669,0.2396694214876033,0.6033057851239669
544,627,141,156,243,True,False,121,121,0,0,0,0.0,0.0,0.0,0.0,0.0
544,628,141,156,248,True,True,121,121,115,130,38,0.0,0.0,1.0743801652892562,0.9504132231404959,1.0743801652892562
544,629,141,156,251,True,False,121,121,0,0,0,0.0,0.0,0.0,0.0,0.0
544,630,141,156,262,True,False,121,121,0,0,0,0.0,0.0,0.0,0.0,0.0
544,631,141,156,273,True,True,121,121,67,163,25,0.0,0.0,1.3471074380165289,0.5537190082644629,1.3471074380165289
544,632,141,156,321,True,False,121,121,0,0,0,0.0,0.0,0.0,0.0,0.0
544,633,141,156,449,True,False,121,121,0,0,0,0.0,0.0,0.0,0.0,0.0
544,634,141,156,463,True,False,121,121,0,0,0,0.0,0.0,0.0,0.0,0.0
544,635,141,156,481,True,False,121,121,0,0,0,0.0,0.0,0.0,0.0,0.0
545,758,141,175,2,True,True,86,86,3,36,1,0.0,3.0,0.4186046511627907,0.03488372093023256,0.4186046511627907
545,759,141,175,21,True,False,86,86,0,0,0,0.0,0.0,0.0,0.0,0.0
545,760,141,175,31,True,False,86,86,0,0,0,0.0,0.0,0.0,0.0,0.0
545,761,141,175,43,True,False,86,86,0,0,0,0.0,0.0,0.0,0.0,0.0
545,762,141,175,61,True,False,86,86,0,0,0,0.0,0.0,0.0,0.0,0.0
545,763,141,175,74,True,False,86,86,0,0,0,0.0,0.0,0.0,0.0,0.0
545,764,141,175,80,True,True,86,86,21,129,9,0.0,3.0,1.5,0.2441860465116279,1.5
545,765,141,175,126,True,True,86,86,5,23,3,2.0,5.0,0.26744186046511625,0.05813953488372093,0.26744186046511625
545,766,141,175,139,True,True,86,86,44,374,20,0.0,1.0,4.348837209302325,0.5116279069767442,4.348837209302325
545,767,141,175,179,True,False,86,86,0,0,0,0.0,0.0,0.0,0.0,0.0
545,768,141,175,186,True,False,86,86,0,0,0,0.0,0.0,0.0,0.0,0.0
545,769,141,175,248,True,False,86,86,0,0,0,0.0,0.0,0.0,0.0,0.0
545,770,141,175,258,True,True,86,86,1,5,1,5.0,7.0,0.05813953488372093,0.011627906976744186,0.05813953488372093
545,771,141,175,273,True,True,86,86,4,29,2,0.0,1.0,0.3372093023255814,0.046511627906976744,0.3372093023255814
545,772,141,175,311,True,True,86,86,7,20,5,4.0,6.0,0.23255813953488372,0.08139534883720931,0.23255813953488372
545,773,141,175,390,True,True,86,86,1,1,1,6.0,6.0,0.011627906976744186,0.011627906976744186,0.011627906976744186
545,774,141,175,415,True,True,86,86,14,70,5,2.0,5.0,0.813953488372093,0.16279069767441862,0.813953488372093
545,775,141,175,488,True,False,86,86,0,0,0,0.0,0.0,0.0,0.0,0.0
546,980,141,248,2,True,True,431,431,43,187,7,0.0,0.0,0.43387470997679817,0.09976798143851508,0.43387470997679817
546,981,141,248,12,True,True,431,431,30,45,9,0.0,0.0,0.10440835266821345,0.06960556844547564,0.10440835266821345
546,982,141,248,22,True,True,431,431,13,19,4,0.0,0.0,0.04408352668213457,0.030162412993039442,0.04408352668213457
546,983,141,248,121,True,True,431,431,406,738,96,0.0,0.0,1.7122969837587008,0.9419953596287703,1.7122969837587008
546,984,141,248,139,True,True,431,431,95,183,34,0.0,0.0,0.4245939675174014,0.22041763341067286,0.4245939675174014
546,985,141,248,144,True,True,431,431,55,212,14,0.0,0.0,0.4918793503480278,0.12761020881670534,0.4918793503480278
546,986,141,248,169,True,False,431,431,0,0,0,0.0,0.0,0.0,0.0,0.0
546,987,141,248,175,True,True,431,431,140,501,34,0.0,0.0,1.1624129930394431,0.3248259860788863,1.1624129930394431
546,988,141,248,262,True,False,431,431,0,0,0,0.0,0.0,0.0,0.0,0.0
546,989,141,248,273,True,True,431,431,159,562,42,0.0,0.0,1.3039443155452437,0.3689095127610209,1.3039443155452437
546,990,141,248,281,True,False,431,431,0,0,0,0.0,0.0,0.0,0.0,0.0
546,991,141,248,335,True,False,431,431,0,0,0,0.0,0.0,0.0,0.0,0.0
546,992,141,248,383,True,False,431,431,0,0,0,0.0,0.0,0.0,0.0,0.0
546,993,141,248,433,True,False,431,431,0,0,0,0.0,0.0,0.0,0.0,0.0
546,994,141,248,455,True,False,431,431,0,0,0,0.0,0.0,0.0,0.0,0.0
546,995,141,248,463,True,False,431,431,0,0,0,0.0,0.0,0.0,0.0,0.0
546,996,141,248,508,True,False,431,431,0,0,0,0.0,0.0,0.0,0.0,0.0
547,1127,141,273,21,True,False,98,98,0,0,0,0.0,0.0,0.0,0.0,0.0
547,1128,141,273,22,True,True,98,98,14,123,6,0.0,6.0,1.2551020408163265,0.14285714285714285,1.2551020408163265
547,1129,141,273,31,True,False,98,98,0,0,0,0.0,0.0,0.0,0.0,0.0
547,1130,141,273,43,True,False,98,98,0,0,0,0.0,0.0,0.0,0.0,0.0
547,1131,141,273,61,True,False,98,98,0,0,0,0.0,0.0,0.0,0.0,0.0
547,1132,141,273,74,True,False,98,98,0,0,0,0.0,0.0,0.0,0.0,0.0
547,1133,141,273,79,True,True,98,98,29,216,13,1.0,7.0,2.204081632653061,0.29591836734693877,2.204081632653061
547,1134,141,273,80,True,True,98,98,3,27,3,1.0,4.0,0.2755102040816326,0.030612244897959183,0.2755102040816326
547,1135,141,273,126,True,False,98,98,0,0,0,0.0,0.0,0.0,0.0,0.0
547,1136,141,273,139,True,True,98,98,66,517,28,0.0,1.0,5.275510204081633,0.673469387755102,5.275510204081633
547,1137,141,273,144,True,True,98,98,3,36,1,3.0,6.0,0.3673469387755102,0.030612244897959183,0.3673469387755102
547,1138,141,273,151,True,True,98,98,1,4,1,5.0,6.5,0.04081632653061224,0.01020408163265306,0.04081632653061224
547,1139,141,273,179,True,False,98,98,0,0,0,0.0,0.0,0.0,0.0,0.0
547,1140,141,273,184,True,True,98,98,10,56,4,3.0,7.0,0.5714285714285714,0.10204081632653061,0.5714285714285714
547,1141,141,273,186,True,False,98,98,0,0,0,0.0,0.0,0.0,0.0,0.0
547,1142,141,273,229,True,True,98,98,1,3,1,2.0,3.0,0.030612244897959183,0.01020408163265306,0.030612244897959183
547,1143,141,273,230,True,True,98,98,9,36,3,5.0,7.0,0.3673469387755102,0.09183673469387756,0.3673469387755102
547,1144,141,273,248,True,False,98,98,0,0,0,0.0,0.0,0.0,0.0,0.0
548,42,143,7,28,True,False,35,35,0,0,0,0.0,0.0,0.0,0.0,0.0
548,43,143,7,77,True,True,35,35,4,10,1,0.0,1.0,0.2857142857142857,0.11428571428571428,0.2857142857142857
548,44,143,7,133,True,False,35,35,0,0,0,0.0,0.0,0.0,0.0,0.0
548,45,143,7,143,True,False,35,35,0,0,0,0.0,0.0,0.0,0.0,0.0
548,46,143,7,167,True,False,35,35,0,0,0,0.0,0.0,0.0,0.0,0.0
548,47,143,7,196,True,False,35,35,0,0,0,0.0,0.0,0.0,0.0,0.0
548,48,143,7,222,True,False,35,35,0,0,0,0.0,0.0,0.0,0.0,0.0
548,49,143,7,290,True,False,35,35,0,0,0,0.0,0.0,0.0,0.0,0.0
548,50,143,7,318,True,True,35,35,12,36,2,0.0,4.0,1.0285714285714285,0.34285714285714286,1.0285714285714285
548,51,143,7,347,True,True,35,35,12,166,2,2.0,8.0,4.742857142857143,0.34285714285714286,4.742857142857143
548,52,143,7,474,True,False,35,35,0,0,0,0.0,0.0,0.0,0.0,0.0
548,53,143,7,509,True,False,35,35,0,0,0,0.0,0.0,0.0,0.0,0.0
549,384,143,88,23,True,False,7,7,0,0,0,0.0,0.0,0.0,0.0,0.0
549,385,143,88,157,True,False,7,7,0,0,0,0.0,0.0,0.0,0.0,0.0
549,386,143,88,161,True,False,7,7,0,0,0,0.0,0.0,0.0,0.0,0.0
550,500,143,133,7,True,False,13,13,0,0,0,0.0,0.0,0.0,0.0,0.0
550,501,143,133,157,True,False,13,13,0,0,0,0.0,0.0,0.0,0.0,0.0
550,502,143,133,196,True,False,13,13,0,0,0,0.0,0.0,0.0,0.0,0.0
550,503,143,133,222,True,False,13,13,0,0,0,0.0,0.0,0.0,0.0,0.0
550,504,143,133,415,True,False,13,13,0,0,0,0.0,0.0,0.0,0.0,0.0
550,505,143,133,432,True,False,13,13,0,0,0,0.0,0.0,0.0,0.0,0.0
551,656,143,161,28,True,False,6,6,0,0,0,0.0,0.0,0.0,0.0,0.0
551,657,143,161,143,True,True,6,6,1,5,1,0.0,0.0,0.8333333333333334,0.16666666666666666,0.8333333333333334
551,658,143,161,157,True,False,6,6,0,0,0,0.0,0.0,0.0,0.0,0.0
551,659,143,161,167,True,False,6,6,0,0,0,0.0,0.0,0.0,0.0,0.0
551,660,143,161,369,True,False,6,6,0,0,0,0.0,0.0,0.0,0.0,0.0
551,661,143,161,375,True,False,6,6,0,0,0,0.0,0.0,0.0,0.0,0.0
551,662,143,161,398,True,False,6,6,0,0,0,0.0,0.0,0.0,0.0,0.0
551,663,143,161,440,True,True,6,6,1,2,1,0.0,0.0,0.3333333333333333,0.16666666666666666,0.3333333333333333
551,664,143,161,485,True,False,6,6,0,0,0,0.0,0.0,0.0,0.0,0.0
552,665,143,163,259,True,True,13,13,4,8,1,0.0,0.0,0.6153846153846154,0.3076923076923077,0.6153846153846154
552,666,143,163,288,True,False,13,13,0,0,0,0.0,0.0,0.0,0.0,0.0
552,667,143,163,371,True,False,13,13,0,0,0,0.0,0.0,0.0,0.0,0.0
552,668,143,163,410,True,False,13,13,0,0,0,0.0,0.0,0.0,0.0,0.0
553,927,143,233,23,True,True,11,11,1,1,1,3.0,3.0,0.09090909090909091,0.09090909090909091,0.09090909090909091
553,928,143,233,88,True,True,11,11,4,40,2,0.0,5.0,3.6363636363636362,0.36363636363636365,3.6363636363636362
553,929,143,233,157,True,False,11,11,0,0,0,0.0,0.0,0.0,0.0,0.0
553,930,143,233,261,True,False,11,11,0,0,0,0.0,0.0,0.0,0.0,0.0
553,931,143,233,279,True,True,11,11,6,54,2,0.0,6.0,4.909090909090909,0.5454545454545454,4.909090909090909
554,1145,143,279,23,True,False,57,57,0,0,0,0.0,0.0,0.0,0.0,0.0
554,1146,143,279,143,True,False,57,57,0,0,0,0.0,0.0,0.0,0.0,0.0
554,1147,143,279,157,True,False,57,57,0,0,0,0.0,0.0,0.0,0.0,0.0
554,1148,143,279,161,True,False,57,57,0,0,0,0.0,0.0,0.0,0.0,0.0
554,1149,143,279,208,True,True,57,57,12,12,1,0.0,1.0,0.21052631578947367,0.21052631578947367,0.21052631578947367
554,1150,143,279,440,True,False,57,57,0,0,0,0.0,0.0,0.0,0.0,0.0
554,1151,143,279,474,True,True,57,57,4,24,1,0.0,0.0,0.42105263157894735,0.07017543859649122,0.42105263157894735
554,1152,143,279,509,True,False,57,57,0,0,0,0.0,0.0,0.0,0.0,0.0
555,1678,143,432,7,True,True,362,362,44,336,4,0.0,1.0,0.9281767955801105,0.12154696132596685,0.9281767955801105
555,1679,143,432,88,True,True,362,362,2,14,1,0.0,0.0,0.03867403314917127,0.0055248618784530384,0.03867403314917127
555,1680,143,432,143,True,True,362,362,98,735,10,0.0,4.0,2.0303867403314917,0.27071823204419887,2.0303867403314917
555,1681,143,432,157,True,False,362,362,0,0,0,0.0,0.0,0.0,0.0,0.0
555,1682,143,432,161,True,True,362,362,28,69,3,0.0,7.0,0.19060773480662985,0.07734806629834254,0.19060773480662985
555,1683,143,432,233,True,True,362,362,14,24,2,0.0,0.0,0.06629834254143646,0.03867403314917127,0.06629834254143646
555,1684,143,432,279,True,True,362,362,35,186,3,0.0,3.0,0.5138121546961326,0.09668508287292818,0.5138121546961326
555,1685,143,432,440,True,True,362,362,11,51,1,0.0,9.0,0.1408839779005525,0.03038674033149171,0.1408839779005525
555,1686,143,432,474,True,True,362,362,12,107,1,0.0,4.0,0.2955801104972376,0.03314917127071823,0.2955801104972376
556,1703,143,440,7,True,False,6,6,0,0,0,0.0,0.0,0.0,0.0,0.0
556,1704,143,440,28,True,False,6,6,0,0,0,0.0,0.0,0.0,0.0,0.0
556,1705,143,440,143,True,True,6,6,4,14,2,0.0,0.0,2.3333333333333335,0.6666666666666666,2.3333333333333335
556,1706,143,440,161,True,True,6,6,1,1,1,0.0,0.0,0.16666666666666666,0.16666666666666666,0.16666666666666666
556,1707,143,440,167,True,False,6,6,0,0,0,0.0,0.0,0.0,0.0,0.0
556,1708,143,440,261,True,False,6,6,0,0,0,0.0,0.0,0.0,0.0,0.0
556,1709,143,440,263,True,False,6,6,0,0,0,0.0,0.0,0.0,0.0,0.0
556,1710,143,440,318,True,False,6,6,0,0,0,0.0,0.0,0.0,0.0,0.0
556,1711,143,440,321,True,False,6,6,0,0,0,0.0,0.0,0.0,0.0,0.0
556,1712,143,440,509,True,True,6,6,3,6,1,0.0,0.0,1.0,0.5,1.0
557,1782,143,474,7,True,True,22,22,5,20,1,0.0,0.0,0.9090909090909091,0.22727272727272727,0.9090909090909091
557,1783,143,474,37,True,False,22,22,0,0,0,0.0,0.0,0.0,0.0,0.0
557,1784,143,474,39,True,False,22,22,0,0,0,0.0,0.0,0.0,0.0,0.0
557,1785,143,474,58,True,False,22,22,0,0,0,0.0,0.0,0.0,0.0,0.0
557,1786,143,474,84,True,False,22,22,0,0,0,0.0,0.0,0.0,0.0,0.0
557,1787,143,474,88,True,True,22,22,12,165,1,0.0,2.0,7.5,0.5454545454545454,7.5
557,1788,143,474,115,True,False,22,22,0,0,0,0.0,0.0,0.0,0.0,0.0
557,1789,143,474,125,True,False,22,22,0,0,0,0.0,0.0,0.0,0.0,0.0
557,1790,143,474,143,True,True,22,22,5,5,1,0.0,0.0,0.22727272727272727,0.22727272727272727,0.22727272727272727
557,1791,143,474,217,True,False,22,22,0,0,0,0.0,0.0,0.0,0.0,0.0
557,1792,143,474,243,True,False,22,22,0,0,0,0.0,0.0,0.0,0.0,0.0
557,1793,143,474,261,True,False,22,22,0,0,0,0.0,0.0,0.0,0.0,0.0
557,1794,143,474,279,True,True,22,22,5,16,1,0.0,1.0,0.7272727272727273,0.22727272727272727,0.7272727272727273
557,1795,143,474,309,True,False,22,22,0,0,0,0.0,0.0,0.0,0.0,0.0
557,1796,143,474,317,True,False,22,22,0,0,0,0.0,0.0,0.0,0.0,0.0
557,1797,143,474,321,True,False,22,22,0,0,0,0.0,0.0,0.0,0.0,0.0
557,1798,143,474,385,True,False,22,22,0,0,0,0.0,0.0,0.0,0.0,0.0
557,1799,143,474,389,True,False,22,22,0,0,0,0.0,0.0,0.0,0.0,0.0
557,1800,143,474,402,True,False,22,22,0,0,0,0.0,0.0,0.0,0.0,0.0
558,13,144,2,21,True,True,35,35,16,31,1,0.0,3.0,0.8857142857142857,0.45714285714285713,0.8857142857142857
558,14,144,2,31,True,True,35,35,16,16,1,0.0,4.0,0.45714285714285713,0.45714285714285713,0.45714285714285713
558,15,144,2,43,True,False,35,35,0,0,0,0.0,0.0,0.0,0.0,0.0
558,16,144,2,61,True,True,35,35,31,60,2,0.0,3.0,1.7142857142857142,0.8857142857142857,1.7142857142857142
558,17,144,2,74,True,False,35,35,0,0,0,0.0,0.0,0.0,0.0,0.0
558,18,144,2,126,True,False,35,35,0,0,0,0.0,0.0,0.0,0.0,0.0
558,19,144,2,144,True,True,35,35,34,326,3,0.0,2.0,9.314285714285715,0.9714285714285714,9.314285714285715
558,20,144,2,175,True,False,35,35,0,0,0,0.0,0.0,0.0,0.0,0.0
558,21,144,2,179,True,True,35,35,1,4,1,7.0,8.5,0.11428571428571428,0.02857142857142857,0.11428571428571428
558,22,144,2,186,True,False,35,35,0,0,0,0.0,0.0,0.0,0.0,0.0
558,23,144,2,313,True,False,35,35,0,0,0,0.0,0.0,0.0,0.0,0.0
558,24,144,2,488,True,True,35,35,1,6,1,8.0,9.5,0.17142857142857143,0.02857142857142857,0.17142857142857143
559,117,144,21,12,True,False,26,26,0,0,0,0.0,0.0,0.0,0.0,0.0
559,118,144,21,31,True,True,26,26,26,63,6,0.0,0.0,2.423076923076923,1.0,2.423076923076923
559,119,144,21,74,True,True,26,26,14,14,5,0.0,0.0,0.5384615384615384,0.5384615384615384,0.5384615384615384
559,120,144,21,121,True,False,26,26,0,0,0,0.0,0.0,0.0,0.0,0.0
559,121,144,21,141,True,False,26,26,0,0,0,0.0,0.0,0.0,0.0,0.0
559,122,144,21,156,True,False,26,26,0,0,0,0.0,0.0,0.0,0.0,0.0
559,123,144,21,186,True,False,26,26,0,0,0,0.0,0.0,0.0,0.0,0.0
559,124,144,21,248,True,True,26,26,26,41,6,0.0,0.0,1.5769230769230769,1.0,1.5769230769230769
559,125,144,21,319,True,False,26,26,0,0,0,0.0,0.0,0.0,0.0,0.0
559,126,144,21,381,True,False,26,26,0,0,0,0.0,0.0,0.0,0.0,0.0
559,127,144,21,449,True,False,26,26,0,0,0,0.0,0.0,0.0,0.0,0.0
559,128,144,21,463,True,True,26,26,10,12,4,0.0,0.0,0.46153846153846156,0.38461538461538464,0.46153846153846156
560,129,144,22,21,True,False,6,6,0,0,0,0.0,0.0,0.0,0.0,0.0
560,130,144,22,31,True,False,6,6,0,0,0,0.0,0.0,0.0,0.0,0.0
560,131,144,22,43,True,False,6,6,0,0,0,0.0,0.0,0.0,0.0,0.0
560,132,144,22,61,True,False,6,6,0,0,0,0.0,0.0,0.0,0.0,0.0
560,133,144,22,74,True,False,6,6,0,0,0,0.0,0.0,0.0,0.0,0.0
560,134,144,22,79,True,False,6,6,0,0,0,0.0,0.0,0.0,0.0,0.0
560,135,144,22,139,True,True,6,6,5,17,1,0.0,0.0,2.8333333333333335,0.8333333333333334,2.8333333333333335
560,136,144,22,144,True,True,6,6,6,21,2,0.0,0.0,3.5,1.0,3.5
560,137,144,22,175,True,False,6,6,0,0,0,0.0,0.0,0.0,0.0,0.0
560,138,144,22,179,True,False,6,6,0,0,0,0.0,0.0,0.0,0.0,0.0
560,139,144,22,186,True,False,6,6,0,0,0,0.0,0.0,0.0,0.0,0.0
560,140,144,22,273,True,False,6,6,0,0,0,0.0,0.0,0.0,0.0,0.0
561,193,144,31,12,True,True,80,80,25,38,5,0.0,0.0,0.475,0.3125,0.475
561,194,144,31,74,True,True,80,80,42,66,11,0.0,0.0,0.825,0.525,0.825
561,195,144,31,121,True,False,80,80,0,0,0,0.0,0.0,0.0,0.0,0.0
561,196,144,31,169,True,True,80,80,2,2,1,0.0,0.0,0.025,0.025,0.025
561,197,144,31,248,True,True,80,80,80,234,12,0.0,0.0,2.925,1.0,2.925
561,198,144,31,262,True,False,80,80,0,0,0,0.0,0.0,0.0,0.0,0.0
561,199,144,31,281,True,False,80,80,0,0,0,0.0,0.0,0.0,0.0,0.0
561,200,144,31,335,True,True,80,80,78,130,12,0.0,1.0,1.625,0.975,1.625
561,201,144,31,383,True,False,80,80,0,0,0,0.0,0.0,0.0,0.0,0.0
561,202,144,31,433,True,False,80,80,0,0,0,0.0,0.0,0.0,0.0,0.0
561,203,144,31,455,True,False,80,80,0,0,0,0.0,0.0,0.0,0.0,0.0
561,204,144,31,463,True,True,80,80,75,185,11,0.0,0.0,2.3125,0.9375,2.3125
562,293,144,61,12,True,True,75,75,10,10,2,0.0,0.0,0.13333333333333333,0.13333333333333333,0.13333333333333333
562,294,144,61,21,True,True,75,75,32,37,6,0.0,0.0,0.49333333333333335,0.4266666666666667,0.49333333333333335
562,295,144,61,31,True,True,75,75,75,179,11,0.0,0.0,2.3866666666666667,1.0,2.3866666666666667
562,296,144,61,74,True,True,75,75,47,57,9,0.0,0.0,0.76,0.6266666666666667,0.76
562,297,144,61,121,True,False,75,75,0,0,0,0.0,0.0,0.0,0.0,0.0
562,298,144,61,141,True,False,75,75,0,0,0,0.0,0.0,0.0,0.0,0.0
562,299,144,61,156,True,False,75,75,0,0,0,0.0,0.0,0.0,0.0,0.0
562,300,144,61,186,True,True,75,75,22,27,3,0.0,0.0,0.36,0.29333333333333333,0.36
562,301,144,61,248,True,True,75,75,66,80,10,0.0,0.0,1.0666666666666667,0.88,1.0666666666666667
562,302,144,61,381,True,False,75,75,0,0,0,0.0,0.0,0.0,0.0,0.0
562,303,144,61,463,True,True,75,75,2,2,1,0.0,0.0,0.02666666666666667,0.02666666666666667,0.02666666666666667
563,318,144,74,2,True,False,11,11,0,0,0,0.0,0.0,0.0,0.0,0.0
563,319,144,74,6,True,False,11,11,0,0,0,0.0,0.0,0.0,0.0,0.0
563,320,144,74,12,True,True,11,11,6,6,5,0.0,0.0,0.5454545454545454,0.5454545454545454,0.5454545454545454
563,321,144,74,58,True,False,11,11,0,0,0,0.0,0.0,0.0,0.0,0.0
563,322,144,74,121,True,False,11,11,0,0,0,0.0,0.0,0.0,0.0,0.0
563,323,144,74,139,True,False,11,11,0,0,0,0.0,0.0,0.0,0.0,0.0
563,324,144,74,169,True,True,11,11,2,4,1,0.0,0.0,0.36363636363636365,0.18181818181818182,0.36363636363636365
563,325,144,74,175,True,False,11,11,0,0,0,0.0,0.0,0.0,0.0,0.0
563,326,144,74,243,True,False,11,11,0,0,0,0.0,0.0,0.0,0.0,0.0
563,327,144,74,248,True,True,11,11,11,14,8,0.0,0.0,1.2727272727272727,1.0,1.2727272727272727
563,328,144,74,281,True,False,11,11,0,0,0,0.0,0.0,0.0,0.0,0.0
563,329,144,74,335,True,True,11,11,9,17,8,0.0,0.0,1.5454545454545454,0.8181818181818182,1.5454545454545454
563,330,144,74,361,True,False,11,11,0,0,0,0.0,0.0,0.0,0.0,0.0
563,331,144,74,383,True,False,11,11,0,0,0,0.0,0.0,0.0,0.0,0.0
563,332,144,74,433,True,False,11,11,0,0,0,0.0,0.0,0.0,0.0,0.0
563,333,144,74,449,True,False,11,11,0,0,0,0.0,0.0,0.0,0.0,0.0
563,334,144,74,455,True,False,11,11,0,0,0,0.0,0.0,0.0,0.0,0.0
563,335,144,74,463,True,True,11,11,10,13,7,0.0,0.0,1.1818181818181819,0.9090909090909091,1.1818181818181819
563,336,144,74,508,True,False,11,11,0,0,0,0.0,0.0,0.0,0.0,0.0
564,339,144,79,8,True,True,82,82,4,12,1,0.0,0.0,0.14634146341463414,0.04878048780487805,0.14634146341463414
564,340,144,79,22,True,False,82,82,0,0,0,0.0,0.0,0.0,0.0,0.0
564,341,144,79,100,True,True,82,82,45,494,4,0.0,4.0,6.024390243902439,0.5487804878048781,6.024390243902439
564,342,144,79,149,True,False,82,82,0,0,0,0.0,0.0,0.0,0.0,0.0
564,343,144,79,164,True,True,82,82,15,15,1,3.0,6.0,0.18292682926829268,0.18292682926829268,0.18292682926829268
564,344,144,79,171,True,True,82,82,42,359,3,0.0,5.0,4.378048780487805,0.5121951219512195,4.378048780487805
564,345,144,79,184,True,False,82,82,0,0,0,0.0,0.0,0.0,0.0,0.0
564,346,144,79,230,True,False,82,82,0,0,0,0.0,0.0,0.0,0.0,0.0
564,347,144,79,271,True,False,82,82,0,0,0,0.0,0.0,0.0,0.0,0.0
564,348,144,79,288,True,False,82,82,0,0,0,0.0,0.0,0.0,0.0,0.0
564,349,144,79,311,True,False,82,82,0,0,0,0.0,0.0,0.0,0.0,0.0
564,350,144,79,390,True,False,82,82,0,0,0,0.0,0.0,0.0,0.0,0.0
564,351,144,79,485,True,True,82,82,1,2,1,0.0,0.0,0.024390243902439025,0.012195121951219513,0.024390243902439025
565,482,144,126,2,True,True,184,184,44,579,3,0.0,5.0,3.1467391304347827,0.2391304347826087,3.1467391304347827
565,483,144,126,79,True,False,184,184,0,0,0,0.0,0.0,0.0,0.0,0.0
565,484,144,126,80,True,False,184,184,0,0,0,0.0,0.0,0.0,0.0,0.0
565,485,144,126,144,True,True,184,184,35,515,3,0.0,5.0,2.7989130434782608,0.19021739130434784,2.7989130434782608
565,486,144,126,175,True,False,184,184,0,0,0,0.0,0.0,0.0,0.0,0.0
565,487,144,126,258,True,False,184,184,0,0,0,0.0,0.0,0.0,0.0,0.0
565,488,144,126,371,True,True,184,184,15,75,1,1.0,6.0,0.4076086956521739,0.08152173913043478,0.4076086956521739
566,514,144,139,22,True,False,24,24,0,0,0,0.0,0.0,0.0,0.0,0.0
566,515,144,139,79,True,True,24,24,8,17,1,0.0,1.0,0.7083333333333334,0.3333333333333333,0.7083333333333334
566,516,144,139,80,True,False,24,24,0,0,0,0.0,0.0,0.0,0.0,0.0
566,517,144,139,126,True,True,24,24,11,65,1,0.0,1.0,2.7083333333333335,0.4583333333333333,2.7083333333333335
566,518,144,139,144,True,True,24,24,11,15,2,0.0,0.0,0.625,0.4583333333333333,0.625
566,519,144,139,149,True,False,24,24,0,0,0,0.0,0.0,0.0,0.0,0.0
566,520,144,139,151,True,False,24,24,0,0,0,0.0,0.0,0.0,0.0,0.0
566,521,144,139,175,True,False,24,24,0,0,0,0.0,0.0,0.0,0.0,0.0
566,522,144,139,184,True,False,24,24,0,0,0,0.0,0.0,0.0,0.0,0.0
566,523,144,139,199,True,False,24,24,0,0,0,0.0,0.0,0.0,0.0,0.0
566,524,144,139,229,True,True,24,24,5,60,1,0.0,2.0,2.5,0.20833333333333334,2.5
566,525,144,139,230,True,False,24,24,0,0,0,0.0,0.0,0.0,0.0,0.0
566,526,144,139,258,True,False,24,24,0,0,0,0.0,0.0,0.0,0.0,0.0
566,527,144,139,273,True,False,24,24,0,0,0,0.0,0.0,0.0,0.0,0.0
566,528,144,139,311,True,False,24,24,0,0,0,0.0,0.0,0.0,0.0,0.0
566,529,144,139,315,True,False,24,24,0,0,0,0.0,0.0,0.0,0.0,0.0
566,530,144,139,390,True,False,24,24,0,0,0,0.0,0.0,0.0,0.0,0.0
566,531,144,139,415,True,False,24,24,0,0,0,0.0,0.0,0.0,0.0,0.0
567,780,144,179,13,True,False,35,35,0,0,0,0.0,0.0,0.0,0.0,0.0
567,781,144,179,34,True,False,35,35,0,0,0,0.0,0.0,0.0,0.0,0.0
567,782,144,179,43,True,True,35,35,4,8,1,0.0,0.0,0.22857142857142856,0.11428571428571428,0.22857142857142856
567,783,144,179,129,True,False,35,35,0,0,0,0.0,0.0,0.0,0.0,0.0
567,784,144,179,245,True,False,35,35,0,0,0,0.0,0.0,0.0,0.0,0.0
567,785,144,179,253,True,False,35,35,0,0,0,0.0,0.0,0.0,0.0,0.0
567,786,144,179,256,True,False,35,35,0,0,0,0.0,0.0,0.0,0.0,0.0
567,787,144,179,313,True,False,35,35,0,0,0,0.0,0.0,0.0,0.0,0.0
567,788,144,179,353,True,False,35,35,0,0,0,0.0,0.0,0.0,0.0,0.0
567,789,144,179,472,True,False,35,35,0,0,0,0.0,0.0,0.0,0.0,0.0
567,790,144,179,488,True,True,35,35,35,112,8,0.0,0.0,3.2,1.0,3.2
568,808,144,186,12,True,False,24,24,0,0,0,0.0,0.0,0.0,0.0,0.0
568,809,144,186,21,True,True,24,24,4,4,1,0.0,0.0,0.16666666666666666,0.16666666666666666,0.16666666666666666
568,810,144,186,31,True,True,24,24,24,49,3,0.0,0.0,2.0416666666666665,1.0,2.0416666666666665
568,811,144,186,74,True,True,24,24,14,18,3,0.0,0.0,0.75,0.5833333333333334,0.75
568,812,144,186,121,True,False,24,24,0,0,0,0.0,0.0,0.0,0.0,0.0
568,813,144,186,141,True,False,24,24,0,0,0,0.0,0.0,0.0,0.0,0.0
568,814,144,186,156,True,False,24,24,0,0,0,0.0,0.0,0.0,0.0,0.0
568,815,144,186,248,True,True,24,24,24,49,3,0.0,0.0,2.0416666666666665,1.0,2.0416666666666665
568,816,144,186,319,True,False,24,24,0,0,0,0.0,0.0,0.0,0.0,0.0
568,817,144,186,381,True,False,24,24,0,0,0,0.0,0.0,0.0,0.0,0.0
568,818,144,186,449,True,False,24,24,0,0,0,0.0,0.0,0.0,0.0,0.0
568,819,144,186,463,True,True,24,24,16,16,3,0.0,0.0,0.6666666666666666,0.6666666666666666,0.6666666666666666
569,905,144,229,79,True,True,29,29,14,155,1,0.0,1.0,5.344827586206897,0.4827586206896552,5.344827586206897
569,906,144,229,126,True,False,29,29,0,0,0,0.0,0.0,0.0,0.0,0.0
569,907,144,229,149,True,False,29,29,0,0,0,0.0,0.0,0.0,0.0,0.0
569,908,144,229,157,True,False,29,29,0,0,0,0.0,0.0,0.0,0.0,0.0
569,909,144,229,184,True,False,29,29,0,0,0,0.0,0.0,0.0,0.0,0.0
569,910,144,229,230,True,False,29,29,0,0,0,0.0,0.0,0.0,0.0,0.0
569,911,144,229,315,True,False,29,29,0,0,0,0.0,0.0,0.0,0.0,0.0
570,980,144,248,2,True,False,3,3,0,0,0,0.0,0.0,0.0,0.0,0.0
570,981,144,248,12,True,True,3,3,2,2,2,0.0,0.0,0.6666666666666666,0.6666666666666666,0.6666666666666666
570,982,144,248,22,True,False,3,3,0,0,0,0.0,0.0,0.0,0.0,0.0
570,983,144,248,121,True,False,3,3,0,0,0,0.0,0.0,0.0,0.0,0.0
570,984,144,248,139,True,False,3,3,0,0,0,0.0,0.0,0.0,0.0,0.0
570,985,144,248,144,True,False,3,3,0,0,0,0.0,0.0,0.0,0.0,0.0
570,986,144,248,169,True,True,3,3,1,3,1,0.0,0.0,1.0,0.3333333333333333,1.0
570,987,144,248,175,True,False,3,3,0,0,0,0.0,0.0,0.0,0.0,0.0
570,988,144,248,262,True,False,3,3,0,0,0,0.0,0.0,0.0,0.0,0.0
570,989,144,248,273,True,False,3,3,0,0,0,0.0,0.0,0.0,0.0,0.0
570,990,144,248,281,True,False,3,3,0,0,0,0.0,0.0,0.0,0.0,0.0
570,991,144,248,335,True,True,3,3,2,6,2,0.0,0.0,2.0,0.6666666666666666,2.0
570,992,144,248,383,True,False,3,3,0,0,0,0.0,0.0,0.0,0.0,0.0
570,993,144,248,433,True,False,3,3,0,0,0,0.0,0.0,0.0,0.0,0.0
570,994,144,248,455,True,False,3,3,0,0,0,0.0,0.0,0.0,0.0,0.0
570,995,144,248,463,True,True,3,3,3,4,2,0.0,0.0,1.3333333333333333,1.0,1.3333333333333333
570,996,144,248,508,True,False,3,3,0,0,0,0.0,0.0,0.0,0.0,0.0
571,1263,144,315,50,True,False,13,13,0,0,0,0.0,0.0,0.0,0.0,0.0
571,1264,144,315,100,True,True,13,13,13,130,2,0.0,5.0,10.0,1.0,10.0
571,1265,144,315,184,True,False,13,13,0,0,0,0.0,0.0,0.0,0.0,0.0
571,1266,144,315,229,True,False,13,13,0,0,0,0.0,0.0,0.0,0.0,0.0
571,1267,144,315,230,True,False,13,13,0,0,0,0.0,0.0,0.0,0.0,0.0
571,1268,144,315,485,True,False,13,13,0,0,0,0.0,0.0,0.0,0.0,0.0
572,1833,144,488,2,True,False,66,66,0,0,0,0.0,0.0,0.0,0.0,0.0
572,1834,144,488,13,True,False,66,66,0,0,0,0.0,0.0,0.0,0.0,0.0
572,1835,144,488,43,True,True,66,66,3,6,1,0.0,0.0,0.09090909090909091,0.045454545454545456,0.09090909090909091
572,1836,144,488,144,True,False,66,66,0,0,0,0.0,0.0,0.0,0.0,0.0
572,1837,144,488,253,True,False,66,66,0,0,0,0.0,0.0,0.0,0.0,0.0
572,1838,144,488,256,True,False,66,66,0,0,0,0.0,0.0,0.0,0.0,0.0
572,1839,144,488,321,True,True,66,66,24,47,3,0.0,2.0,0.7121212121212122,0.36363636363636365,0.7121212121212122
572,1840,144,488,335,True,False,66,66,0,0,0,0.0,0.0,0.0,0.0,0.0
572,1841,144,488,353,True,True,66,66,63,192,8,0.0,1.0,2.909090909090909,0.9545454545454546,2.909090909090909
572,1842,144,488,472,True,False,66,66,0,0,0,0.0,0.0,0.0,0.0,0.0
572,1843,144,488,481,True,False,66,66,0,0,0,0.0,0.0,0.0,0.0,0.0
573,54,146,8,22,True,True,495,495,30,314,2,3.0,9.0,0.6343434343434343,0.06060606060606061,0.6343434343434343
573,55,146,8,79,True,True,495,495,245,2614,15,0.0,4.0,5.280808080808081,0.494949494949495,5.280808080808081
573,56,146,8,80,True,False,495,495,0,0,0,0.0,0.0,0.0,0.0,0.0
573,57,146,8,100,True,True,495,495,29,69,2,0.0,2.0,0.1393939393939394,0.05858585858585859,0.1393939393939394
573,58,146,8,126,True,True,495,495,15,205,1,0.0,3.0,0.41414141414141414,0.030303030303030304,0.41414141414141414
573,59,146,8,144,True,False,495,495,0,0,0,0.0,0.0,0.0,0.0,0.0
573,60,146,8,149,True,True,495,495,12,59,1,0.0,1.0,0.1191919191919192,0.024242424242424242,0.1191919191919192
573,61,146,8,171,True,False,495,495,0,0,0,0.0,0.0,0.0,0.0,0.0
573,62,146,8,184,True,True,495,495,38,160,3,0.0,3.0,0.32323232323232326,0.07676767676767676,0.32323232323232326
573,63,146,8,229,True,True,495,495,112,795,7,0.0,3.0,1.606060606060606,0.22626262626262628,1.606060606060606
573,64,146,8,230,True,True,495,495,123,1074,8,0.0,2.0,2.16969696969697,0.24848484848484848,2.16969696969697
573,65,146,8,258,True,False,495,495,0,0,0,0.0,0.0,0.0,0.0,0.0
573,66,146,8,311,True,False,495,495,0,0,0,0.0,0.0,0.0,0.0,0.0
573,67,146,8,315,True,True,495,495,24,99,2,0.0,2.0,0.2,0.048484848484848485,0.2
573,68,146,8,390,True,False,495,495,0,0,0,0.0,0.0,0.0,0.0,0.0
574,246,146,42,8,True,False,10,10,0,0,0,0.0,0.0,0.0,0.0,0.0
574,247,146,42,10,True,False,10,10,0,0,0,0.0,0.0,0.0,0.0,0.0
574,248,146,42,149,True,False,10,10,0,0,0,0.0,0.0,0.0,0.0,0.0
574,249,146,42,151,True,False,10,10,0,0,0,0.0,0.0,0.0,0.0,0.0
574,250,146,42,258,True,False,10,10,0,0,0,0.0,0.0,0.0,0.0,0.0
574,251,146,42,390,True,False,10,10,0,0,0,0.0,0.0,0.0,0.0,0.0
574,252,146,42,405,True,True,10,10,10,94,2,0.0,1.0,9.4,1.0,9.4
574,253,146,42,415,True,False,10,10,0,0,0,0.0,0.0,0.0,0.0,0.0
575,392,146,100,8,True,False,8,8,0,0,0,0.0,0.0,0.0,0.0,0.0
575,393,146,100,50,True,False,8,8,0,0,0,0.0,0.0,0.0,0.0,0.0
575,394,146,100,109,True,False,8,8,0,0,0,0.0,0.0,0.0,0.0,0.0
575,395,146,100,146,True,False,8,8,0,0,0,0.0,0.0,0.0,0.0,0.0
575,396,146,100,164,True,True,8,8,2,6,1,8.0,9.5,0.75,0.25,0.75
575,397,146,100,171,True,False,8,8,0,0,0,0.0,0.0,0.0,0.0,0.0
575,398,146,100,173,True,False,8,8,0,0,0,0.0,0.0,0.0,0.0,0.0
575,399,146,100,180,True,True,8,8,1,1,1,10.0,10.0,0.125,0.125,0.125
575,400,146,100,271,True,False,8,8,0,0,0,0.0,0.0,0.0,0.0,0.0
575,401,146,100,315,True,True,8,8,3,5,1,0.0,0.0,0.625,0.375,0.625
575,402,146,100,405,True,False,8,8,0,0,0,0.0,0.0,0.0,0.0,0.0
575,403,146,100,410,True,False,8,8,0,0,0,0.0,0.0,0.0,0.0,0.0
576,605,146,151,8,True,True,19,19,5,25,1,0.0,0.0,1.3157894736842106,0.2631578947368421,1.3157894736842106
576,606,146,151,10,True,False,19,19,0,0,0,0.0,0.0,0.0,0.0,0.0
576,607,146,151,22,True,False,19,19,0,0,0,0.0,0.0,0.0,0.0,0.0
576,608,146,151,79,True,False,19,19,0,0,0,0.0,0.0,0.0,0.0,0.0
576,609,146,151,80,True,False,19,19,0,0,0,0.0,0.0,0.0,0.0,0.0
576,610,146,151,117,True,False,19,19,0,0,0,0.0,0.0,0.0,0.0,0.0
576,611,146,151,149,True,False,19,19,0,0,0,0.0,0.0,0.0,0.0,0.0
576,612,146,151,171,True,False,19,19,0,0,0,0.0,0.0,0.0,0.0,0.0
576,613,146,151,184,True,False,19,19,0,0,0,0.0,0.0,0.0,0.0,0.0
576,614,146,151,230,True,False,19,19,0,0,0,0.0,0.0,0.0,0.0,0.0
576,615,146,151,258,True,False,19,19,0,0,0,0.0,0.0,0.0,0.0,0.0
576,616,146,151,268,True,False,19,19,0,0,0,0.0,0.0,0.0,0.0,0.0
576,617,146,151,311,True,False,19,19,0,0,0,0.0,0.0,0.0,0.0,0.0
576,618,146,151,390,True,False,19,19,0,0,0,0.0,0.0,0.0,0.0,0.0
576,619,146,151,494,True,False,19,19,0,0,0,0.0,0.0,0.0,0.0,0.0
577,912,146,230,4,True,False,40,40,0,0,0,0.0,0.0,0.0,0.0,0.0
577,913,146,230,8,True,True,40,40,19,127,3,0.0,3.0,3.175,0.475,3.175
577,914,146,230,22,True,True,40,40,9,9,1,4.0,7.0,0.225,0.225,0.225
577,915,146,230,50,True,True,40,40,3,22,1,7.0,9.0,0.55,0.075,0.55
577,916,146,230,79,True,False,40,40,0,0,0,0.0,0.0,0.0,0.0,0.0
577,917,146,230,80,True,False,40,40,0,0,0,0.0,0.0,0.0,0.0,0.0
577,918,146,230,100,True,False,40,40,0,0,0,0.0,0.0,0.0,0.0,0.0
577,919,146,230,149,True,True,40,40,1,5,1,0.0,0.0,0.125,0.025,0.125
577,920,146,230,151,True,False,40,40,0,0,0,0.0,0.0,0.0,0.0,0.0
577,921,146,230,171,True,True,40,40,3,9,1,6.0,7.0,0.225,0.075,0.225
577,922,146,230,184,True,True,40,40,4,49,2,0.0,1.0,1.225,0.1,1.225
577,923,146,230,288,True,False,40,40,0,0,0,0.0,0.0,0.0,0.0,0.0
577,924,146,230,311,True,False,40,40,0,0,0,0.0,0.0,0.0,0.0,0.0
577,925,146,230,390,True,False,40,40,0,0,0,0.0,0.0,0.0,0.0,0.0
577,926,146,230,485,True,True,40,40,9,28,1,0.0,0.0,0.7,0.225,0.7
578,1263,146,315,50,True,False,7,7,0,0,0,0.0,0.0,0.0,0.0,0.0
578,1264,146,315,100,True,True,7,7,1,5,1,0.0,0.0,0.7142857142857143,0.14285714285714285,0.7142857142857143
578,1265,146,315,184,True,False,7,7,0,0,0,0.0,0.0,0.0,0.0,0.0
578,1266,146,315,229,True,False,7,7,0,0,0,0.0,0.0,0.0,0.0,0.0
578,1267,146,315,230,True,False,7,7,0,0,0,0.0,0.0,0.0,0.0,0.0
578,1268,146,315,485,True,False,7,7,0,0,0,0.0,0.0,0.0,0.0,0.0
579,1598,146,404,10,True,False,19,19,0,0,0,0.0,0.0,0.0,0.0,0.0
579,1599,146,404,39,True,False,19,19,0,0,0,0.0,0.0,0.0,0.0,0.0
579,1600,146,404,84,True,False,19,19,0,0,0,0.0,0.0,0.0,0.0,0.0
579,1601,146,404,115,True,False,19,19,0,0,0,0.0,0.0,0.0,0.0,0.0
579,1602,146,404,117,True,False,19,19,0,0,0,0.0,0.0,0.0,0.0,0.0
579,1603,146,404,169,True,False,19,19,0,0,0,0.0,0.0,0.0,0.0,0.0
579,1604,146,404,199,True,False,19,19,0,0,0,0.0,0.0,0.0,0.0,0.0
579,1605,146,404,217,True,False,19,19,0,0,0,0.0,0.0,0.0,0.0,0.0
579,1606,146,404,262,True,False,19,19,0,0,0,0.0,0.0,0.0,0.0,0.0
579,1607,146,404,294,True,False,19,19,0,0,0,0.0,0.0,0.0,0.0,0.0
579,1608,146,404,309,True,False,19,19,0,0,0,0.0,0.0,0.0,0.0,0.0
579,1609,146,404,316,True,False,19,19,0,0,0,0.0,0.0,0.0,0.0,0.0
579,1610,146,404,317,True,False,19,19,0,0,0,0.0,0.0,0.0,0.0,0.0
579,1611,146,404,383,True,False,19,19,0,0,0,0.0,0.0,0.0,0.0,0.0
579,1612,146,404,385,True,False,19,19,0,0,0,0.0,0.0,0.0,0.0,0.0
579,1613,146,404,387,True,False,19,19,0,0,0,0.0,0.0,0.0,0.0,0.0
579,1614,146,404,389,True,False,19,19,0,0,0,0.0,0.0,0.0,0.0,0.0
579,1615,146,404,433,True,False,19,19,0,0,0,0.0,0.0,0.0,0.0,0.0
579,1616,146,404,474,True,False,19,19,0,0,0,0.0,0.0,0.0,0.0,0.0
579,1617,146,404,494,True,False,19,19,0,0,0,0.0,0.0,0.0,0.0,0.0
580,1618,146,405,10,True,False,343,343,0,0,0,0.0,0.0,0.0,0.0,0.0
580,1619,146,405,80,True,False,343,343,0,0,0,0.0,0.0,0.0,0.0,0.0
580,1620,146,405,100,True,True,343,343,57,457,5,0.0,3.0,1.3323615160349853,0.1661807580174927,1.3323615160349853
580,1621,146,405,117,True,False,343,343,0,0,0,0.0,0.0,0.0,0.0,0.0
580,1622,146,405,258,True,False,343,343,0,0,0,0.0,0.0,0.0,0.0,0.0
580,1623,146,405,311,True,False,343,343,0,0,0,0.0,0.0,0.0,0.0,0.0
580,1624,146,405,315,True,True,343,343,265,2318,10,0.0,3.0,6.75801749271137,0.7725947521865889,6.75801749271137
580,1625,146,405,390,True,False,343,343,0,0,0,0.0,0.0,0.0,0.0,0.0
580,1626,146,405,404,True,True,343,343,9,17,2,0.0,0.0,0.04956268221574344,0.026239067055393587,0.04956268221574344
580,1627,146,405,485,True,True,343,343,15,23,3,0.0,0.0,0.06705539358600583,0.043731778425655975,0.06705539358600583
581,1808,146,485,8,True,False,242,242,0,0,0,0.0,0.0,0.0,0.0,0.0
581,1809,146,485,79,True,False,242,242,0,0,0,0.0,0.0,0.0,0.0,0.0
581,1810,146,485,100,True,True,242,242,27,157,2,0.0,3.0,0.6487603305785123,0.1115702479338843,0.6487603305785123
581,1811,146,485,149,True,True,242,242,15,29,1,0.0,2.0,0.11983471074380166,0.06198347107438017,0.11983471074380166
581,1812,146,485,151,True,False,242,242,0,0,0,0.0,0.0,0.0,0.0,0.0
581,1813,146,485,161,True,False,242,242,0,0,0,0.0,0.0,0.0,0.0,0.0
581,1814,146,485,167,True,False,242,242,0,0,0,0.0,0.0,0.0,0.0,0.0
581,1815,146,485,170,True,False,242,242,0,0,0,0.0,0.0,0.0,0.0,0.0
581,1816,146,485,230,True,True,242,242,85,696,7,0.0,2.0,2.87603305785124,0.3512396694214876,2.87603305785124
581,1817,146,485,315,True,True,242,242,121,706,5,0.0,3.0,2.9173553719008263,0.5,2.9173553719008263
581,1818,146,485,405,True,True,242,242,100,587,7,0.0,1.0,2.425619834710744,0.4132231404958678,2.425619834710744
582,30,147,6,13,True,False,26,26,0,0,0,0.0,0.0,0.0,0.0,0.0
582,31,147,6,21,True,False,26,26,0,0,0,0.0,0.0,0.0,0.0,0.0
582,32,147,6,125,True,False,26,26,0,0,0,0.0,0.0,0.0,0.0,0.0
582,33,147,6,156,True,True,26,26,6,6,2,8.0,9.0,0.23076923076923078,0.23076923076923078,0.23076923076923078
582,34,147,6,179,True,True,26,26,14,45,3,2.0,6.0,1.7307692307692308,0.5384615384615384,1.7307692307692308
582,35,147,6,186,True,True,26,26,1,3,1,8.0,9.0,0.11538461538461539,0.038461538461538464,0.11538461538461539
582,36,147,6,243,True,False,26,26,0,0,0,0.0,0.0,0.0,0.0,0.0
582,37,147,6,245,True,True,26,26,3,9,1,7.0,9.0,0.34615384615384615,0.11538461538461539,0.34615384615384615
582,38,147,6,309,True,False,26,26,0,0,0,0.0,0.0,0.0,0.0,0.0
582,39,147,6,313,True,True,26,26,15,47,4,3.0,7.0,1.8076923076923077,0.5769230769230769,1.8076923076923077
582,40,147,6,319,True,True,26,26,7,15,2,7.0,9.0,0.5769230769230769,0.2692307692307692,0.5769230769230769
582,41,147,6,381,True,True,26,26,10,31,3,6.0,9.0,1.1923076923076923,0.38461538461538464,1.1923076923076923
583,156,147,24,37,True,False,35,35,0,0,0,0.0,0.0,0.0,0.0,0.0
583,157,147,24,84,True,False,35,35,0,0,0,0.0,0.0,0.0,0.0,0.0
583,158,147,24,224,True,True,35,35,13,144,2,1.0,6.0,4.114285714285714,0.37142857142857144,4.114285714285714
583,159,147,24,227,True,True,35,35,22,156,2,0.0,0.0,4.457142857142857,0.6285714285714286,4.457142857142857
583,160,147,24,304,True,False,35,35,0,0,0,0.0,0.0,0.0,0.0,0.0
584,878,147,217,6,True,True,7,7,1,5,1,2.0,4.0,0.7142857142857143,0.14285714285714285,0.7142857142857143
584,879,147,217,13,True,False,7,7,0,0,0,0.0,0.0,0.0,0.0,0.0
584,880,147,217,21,True,True,7,7,1,3,1,5.0,6.0,0.42857142857142855,0.14285714285714285,0.42857142857142855
584,881,147,217,58,True,False,7,7,0,0,0,0.0,0.0,0.0,0.0,0.0
584,882,147,217,129,True,True,7,7,1,6,1,6.0,7.5,0.8571428571428571,0.14285714285714285,0.8571428571428571
584,883,147,217,156,True,True,7,7,1,1,1,8.0,8.0,0.14285714285714285,0.14285714285714285,0.14285714285714285
584,884,147,217,179,True,False,7,7,0,0,0,0.0,0.0,0.0,0.0,0.0
584,885,147,217,186,True,False,7,7,0,0,0,0.0,0.0,0.0,0.0,0.0
584,886,147,217,243,True,False,7,7,0,0,0,0.0,0.0,0.0,0.0,0.0
584,887,147,217,319,True,True,7,7,1,3,1,6.0,8.0,0.42857142857142855,0.14285714285714285,0.42857142857142855
584,888,147,217,385,True,False,7,7,0,0,0,0.0,0.0,0.0,0.0,0.0
585,901,147,227,26,True,False,39,39,0,0,0,0.0,0.0,0.0,0.0,0.0
585,902,147,227,213,True,False,39,39,0,0,0,0.0,0.0,0.0,0.0,0.0
585,903,147,227,304,True,False,39,39,0,0,0,0.0,0.0,0.0,0.0,0.0
585,904,147,227,430,True,False,39,39,0,0,0,0.0,0.0,0.0,0.0,0.0
586,1228,147,309,6,True,True,187,187,113,1224,9,0.0,2.0,6.545454545454546,0.6042780748663101,6.545454545454546
586,1229,147,309,24,True,True,187,187,10,60,1,2.0,5.0,0.32085561497326204,0.053475935828877004,0.32085561497326204
586,1230,147,309,125,True,False,187,187,0,0,0,0.0,0.0,0.0,0.0,0.0
586,1231,147,309,147,True,True,187,187,31,217,4,0.0,1.0,1.160427807486631,0.1657754010695187,1.160427807486631
586,1232,147,309,217,True,True,187,187,12,59,1,0.0,1.0,0.3155080213903743,0.06417112299465241,0.3155080213903743
586,1233,147,309,224,True,True,187,187,15,15,1,5.0,8.0,0.08021390374331551,0.08021390374331551,0.08021390374331551
586,1234,147,309,227,True,True,187,187,1,13,1,0.0,3.0,0.06951871657754011,0.0053475935828877,0.06951871657754011
586,1235,147,309,316,True,False,187,187,0,0,0,0.0,0.0,0.0,0.0,0.0
586,1236,147,309,352,True,False,187,187,0,0,0,0.0,0.0,0.0,0.0,0.0
586,1237,147,309,361,True,False,187,187,0,0,0,0.0,0.0,0.0,0.0,0.0
586,1238,147,309,387,True,True,187,187,13,22,2,0.0,0.0,0.11764705882352941,0.06951871657754011,0.11764705882352941
586,1239,147,309,474,True,False,187,187,0,0,0,0.0,0.0,0.0,0.0,0.0
587,1269,147,316,84,True,False,30,30,0,0,0,0.0,0.0,0.0,0.0,0.0
587,1270,147,316,115,True,False,30,30,0,0,0,0.0,0.0,0.0,0.0,0.0
587,1271,147,316,125,True,False,30,30,0,0,0,0.0,0.0,0.0,0.0,0.0
587,1272,147,316,147,True,True,30,30,6,86,2,0.0,3.0,2.8666666666666667,0.2,2.8666666666666667
587,1273,147,316,217,True,True,30,30,24,304,2,0.0,2.0,10.133333333333333,0.8,10.133333333333333
587,1274,147,316,309,True,False,30,30,0,0,0,0.0,0.0,0.0,0.0,0.0
587,1275,147,316,341,True,False,30,30,0,0,0,0.0,0.0,0.0,0.0,0.0
587,1276,147,316,361,True,False,30,30,0,0,0,0.0,0.0,0.0,0.0,0.0
587,1277,147,316,385,True,False,30,30,0,0,0,0.0,0.0,0.0,0.0,0.0
587,1278,147,316,389,True,False,30,30,0,0,0,0.0,0.0,0.0,0.0,0.0
587,1279,147,316,402,True,False,30,30,0,0,0,0.0,0.0,0.0,0.0,0.0
587,1280,147,316,404,True,False,30,30,0,0,0,0.0,0.0,0.0,0.0,0.0
587,1281,147,316,474,True,False,30,30,0,0,0,0.0,0.0,0.0,0.0,0.0
588,1534,147,387,6,True,True,18,18,18,97,3,0.0,0.0,5.388888888888889,1.0,5.388888888888889
588,1535,147,387,10,True,False,18,18,0,0,0,0.0,0.0,0.0,0.0,0.0
588,1536,147,387,117,True,False,18,18,0,0,0,0.0,0.0,0.0,0.0,0.0
588,1537,147,387,175,True,False,18,18,0,0,0,0.0,0.0,0.0,0.0,0.0
588,1538,147,387,281,True,False,18,18,0,0,0,0.0,0.0,0.0,0.0,0.0
588,1539,147,387,294,True,False,18,18,0,0,0,0.0,0.0,0.0,0.0,0.0
588,1540,147,387,309,True,True,18,18,3,9,1,0.0,0.0,0.5,0.16666666666666666,0.5
588,1541,147,387,383,True,False,18,18,0,0,0,0.0,0.0,0.0,0.0,0.0
588,1542,147,387,455,True,False,18,18,0,0,0,0.0,0.0,0.0,0.0,0.0
589,1583,147,402,7,True,False,110,110,0,0,0,0.0,0.0,0.0,0.0,0.0
589,1584,147,402,24,True,True,110,110,16,110,2,0.0,2.0,1.0,0.14545454545454545,1.0
589,1585,147,402,77,True,False,110,110,0,0,0,0.0,0.0,0.0,0.0,0.0
589,1586,147,402,84,True,False,110,110,0,0,0,0.0,0.0,0.0,0.0,0.0
589,1587,147,402,98,True,False,110,110,0,0,0,0.0,0.0,0.0,0.0,0.0
589,1588,147,402,115,True,False,110,110,0,0,0,0.0,0.0,0.0,0.0,0.0
589,1589,147,402,147,True,True,110,110,56,448,5,0.0,2.0,4.072727272727272,0.509090909090909,4.072727272727272
589,1590,147,402,217,True,False,110,110,0,0,0,0.0,0.0,0.0,0.0,0.0
589,1591,147,402,247,True,False,110,110,0,0,0,0.0,0.0,0.0,0.0,0.0
589,1592,147,402,309,True,False,110,110,0,0,0,0.0,0.0,0.0,0.0,0.0
589,1593,147,402,316,True,True,110,110,26,334,2,0.0,3.0,3.036363636363636,0.23636363636363636,3.036363636363636
589,1594,147,402,352,True,False,110,110,0,0,0,0.0,0.0,0.0,0.0,0.0
589,1595,147,402,375,True,False,110,110,0,0,0,0.0,0.0,0.0,0.0,0.0
589,1596,147,402,385,True,False,110,110,0,0,0,0.0,0.0,0.0,0.0,0.0
589,1597,147,402,474,True,False,110,110,0,0,0,0.0,0.0,0.0,0.0,0.0
590,1782,147,474,7,True,False,22,22,0,0,0,0.0,0.0,0.0,0.0,0.0
590,1783,147,474,37,True,False,22,22,0,0,0,0.0,0.0,0.0,0.0,0.0
590,1784,147,474,39,True,False,22,22,0,0,0,0.0,0.0,0.0,0.0,0.0
590,1785,147,474,58,True,False,22,22,0,0,0,0.0,0.0,0.0,0.0,0.0
590,1786,147,474,84,True,False,22,22,0,0,0,0.0,0.0,0.0,0.0,0.0
590,1787,147,474,88,True,False,22,22,0,0,0,0.0,0.0,0.0,0.0,0.0
590,1788,147,474,115,True,False,22,22,0,0,0,0.0,0.0,0.0,0.0,0.0
590,1789,147,474,125,True,True,22,22,9,130,1,0.0,3.0,5.909090909090909,0.4090909090909091,5.909090909090909
590,1790,147,474,143,True,False,22,22,0,0,0,0.0,0.0,0.0,0.0,0.0
590,1791,147,474,217,True,True,22,22,13,141,1,0.0,1.0,6.409090909090909,0.5909090909090909,6.409090909090909
590,1792,147,474,243,True,False,22,22,0,0,0,0.0,0.0,0.0,0.0,0.0
590,1793,147,474,261,True,False,22,22,0,0,0,0.0,0.0,0.0,0.0,0.0
590,1794,147,474,279,True,False,22,22,0,0,0,0.0,0.0,0.0,0.0,0.0
590,1795,147,474,309,True,False,22,22,0,0,0,0.0,0.0,0.0,0.0,0.0
590,1796,147,474,317,True,False,22,22,0,0,0,0.0,0.0,0.0,0.0,0.0
590,1797,147,474,321,True,False,22,22,0,0,0,0.0,0.0,0.0,0.0,0.0
590,1798,147,474,385,True,False,22,22,0,0,0,0.0,0.0,0.0,0.0,0.0
590,1799,147,474,389,True,False,22,22,0,0,0,0.0,0.0,0.0,0.0,0.0
590,1800,147,474,402,True,False,22,22,0,0,0,0.0,0.0,0.0,0.0,0.0
591,54,149,8,22,True,True,25,25,10,150,1,2.0,7.0,6.0,0.4,6.0
591,55,149,8,79,True,False,25,25,0,0,0,0.0,0.0,0.0,0.0,0.0
591,56,149,8,80,True,False,25,25,0,0,0,0.0,0.0,0.0,0.0,0.0
591,57,149,8,100,True,False,25,25,0,0,0,0.0,0.0,0.0,0.0,0.0
591,58,149,8,126,True,False,25,25,0,0,0,0.0,0.0,0.0,0.0,0.0
591,59,149,8,144,True,False,25,25,0,0,0,0.0,0.0,0.0,0.0,0.0
591,60,149,8,149,True,False,25,25,0,0,0,0.0,0.0,0.0,0.0,0.0
591,61,149,8,171,True,True,25,25,13,40,2,0.0,0.0,1.6,0.52,1.6
591,62,149,8,184,True,False,25,25,0,0,0,0.0,0.0,0.0,0.0,0.0
591,63,149,8,229,True,True,25,25,6,90,1,0.0,4.0,3.6,0.24,3.6
591,64,149,8,230,True,False,25,25,0,0,0,0.0,0.0,0.0,0.0,0.0
591,65,149,8,258,True,False,25,25,0,0,0,0.0,0.0,0.0,0.0,0.0
591,66,149,8,311,True,False,25,25,0,0,0,0.0,0.0,0.0,0.0,0.0
591,67,149,8,315,True,False,25,25,0,0,0,0.0,0.0,0.0,0.0,0.0
591,68,149,8,390,True,False,25,25,0,0,0,0.0,0.0,0.0,0.0,0.0
592,246,149,42,8,True,False,5,5,0,0,0,0.0,0.0,0.0,0.0,0.0
592,247,149,42,10,True,False,5,5,0,0,0,0.0,0.0,0.0,0.0,0.0
592,248,149,42,149,True,True,5,5,1,2,1,0.0,0.0,0.4,0.2,0.4
592,249,149,42,151,True,False,5,5,0,0,0,0.0,0.0,0.0,0.0,0.0
592,250,149,42,258,True,False,5,5,0,0,0,0.0,0.0,0.0,0.0,0.0
592,251,149,42,390,True,True,5,5,5,22,2,0.0,0.0,4.4,1.0,4.4
592,252,149,42,405,True,False,5,5,0,0,0,0.0,0.0,0.0,0.0,0.0
592,253,149,42,415,True,False,5,5,0,0,0,0.0,0.0,0.0,0.0,0.0
593,339,149,79,8,True,False,16,16,0,0,0,0.0,0.0,0.0,0.0,0.0
593,340,149,79,22,True,False,16,16,0,0,0,0.0,0.0,0.0,0.0,0.0
593,341,149,79,100,True,False,16,16,0,0,0,0.0,0.0,0.0,0.0,0.0
593,342,149,79,149,True,True,16,16,3,15,1,0.0,3.0,0.9375,0.1875,0.9375
593,343,149,79,164,True,False,16,16,0,0,0,0.0,0.0,0.0,0.0,0.0
593,344,149,79,171,True,True,16,16,2,14,1,0.0,0.0,0.875,0.125,0.875
593,345,149,79,184,True,True,16,16,4,12,1,0.0,0.0,0.75,0.25,0.75
593,346,149,79,230,True,True,16,16,13,67,5,0.0,0.0,4.1875,0.8125,4.1875
593,347,149,79,271,True,False,16,16,0,0,0,0.0,0.0,0.0,0.0,0.0
593,348,149,79,288,True,True,16,16,4,4,1,0.0,6.5,0.25,0.25,0.25
593,349,149,79,311,True,False,16,16,0,0,0,0.0,0.0,0.0,0.0,0.0
593,350,149,79,390,True,False,16,16,0,0,0,0.0,0.0,0.0,0.0,0.0
593,351,149,79,485,True,False,16,16,0,0,0,0.0,0.0,0.0,0.0,0.0
594,352,149,80,10,True,False,5,5,0,0,0,0.0,0.0,0.0,0.0,0.0
594,353,149,80,79,True,False,5,5,0,0,0,0.0,0.0,0.0,0.0,0.0
594,354,149,80,118,True,False,5,5,0,0,0,0.0,0.0,0.0,0.0,0.0
594,355,149,80,138,True,False,5,5,0,0,0,0.0,0.0,0.0,0.0,0.0
594,356,149,80,149,True,False,5,5,0,0,0,0.0,0.0,0.0,0.0,0.0
594,357,149,80,151,True,False,5,5,0,0,0,0.0,0.0,0.0,0.0,0.0
594,358,149,80,171,True,True,5,5,1,1,1,0.0,0.0,0.2,0.2,0.2
594,359,149,80,230,True,False,5,5,0,0,0,0.0,0.0,0.0,0.0,0.0
594,360,149,80,258,True,False,5,5,0,0,0,0.0,0.0,0.0,0.0,0.0
594,361,149,80,268,True,True,5,5,4,31,2,0.0,0.0,6.2,0.8,6.2
594,362,149,80,297,True,False,5,5,0,0,0,0.0,0.0,0.0,0.0,0.0
594,363,149,80,311,True,False,5,5,0,0,0,0.0,0.0,0.0,0.0,0.0
594,364,149,80,390,True,False,5,5,0,0,0,0.0,0.0,0.0,0.0,0.0
594,365,149,80,415,True,False,5,5,0,0,0,0.0,0.0,0.0,0.0,0.0
595,392,149,100,8,True,False,11,11,0,0,0,0.0,0.0,0.0,0.0,0.0
595,393,149,100,50,True,False,11,11,0,0,0,0.0,0.0,0.0,0.0,0.0
595,394,149,100,109,True,False,11,11,0,0,0,0.0,0.0,0.0,0.0,0.0
595,395,149,100,146,True,False,11,11,0,0,0,0.0,0.0,0.0,0.0,0.0
595,396,149,100,164,True,False,11,11,0,0,0,0.0,0.0,0.0,0.0,0.0
595,397,149,100,171,True,False,11,11,0,0,0,0.0,0.0,0.0,0.0,0.0
595,398,149,100,173,True,False,11,11,0,0,0,0.0,0.0,0.0,0.0,0.0
595,399,149,100,180,True,True,11,11,2,9,1,8.0,10.0,0.8181818181818182,0.18181818181818182,0.8181818181818182
595,400,149,100,271,True,True,11,11,2,16,1,6.0,8.5,1.4545454545454546,0.18181818181818182,1.4545454545454546
595,401,149,100,315,True,False,11,11,0,0,0,0.0,0.0,0.0,0.0,0.0
595,402,149,100,405,True,True,11,11,9,42,1,0.0,0.0,3.8181818181818183,0.8181818181818182,3.8181818181818183
595,403,149,100,410,True,False,11,11,0,0,0,0.0,0.0,0.0,0.0,0.0
596,605,149,151,8,True,False,23,23,0,0,0,0.0,0.0,0.0,0.0,0.0
596,606,149,151,10,True,False,23,23,0,0,0,0.0,0.0,0.0,0.0,0.0
596,607,149,151,22,True,False,23,23,0,0,0,0.0,0.0,0.0,0.0,0.0
596,608,149,151,79,True,False,23,23,0,0,0,0.0,0.0,0.0,0.0,0.0
596,609,149,151,80,True,False,23,23,0,0,0,0.0,0.0,0.0,0.0,0.0
596,610,149,151,117,True,False,23,23,0,0,0,0.0,0.0,0.0,0.0,0.0
596,611,149,151,149,True,False,23,23,0,0,0,0.0,0.0,0.0,0.0,0.0
596,612,149,151,171,True,False,23,23,0,0,0,0.0,0.0,0.0,0.0,0.0
596,613,149,151,184,True,False,23,23,0,0,0,0.0,0.0,0.0,0.0,0.0
596,614,149,151,230,True,False,23,23,0,0,0,0.0,0.0,0.0,0.0,0.0
596,615,149,151,258,True,False,23,23,0,0,0,0.0,0.0,0.0,0.0,0.0
596,616,149,151,268,True,False,23,23,0,0,0,0.0,0.0,0.0,0.0,0.0
596,617,149,151,311,True,True,23,23,5,66,1,0.0,3.0,2.869565217391304,0.21739130434782608,2.869565217391304
596,618,149,151,390,True,False,23,23,0,0,0,0.0,0.0,0.0,0.0,0.0
596,619,149,151,494,True,False,23,23,0,0,0,0.0,0.0,0.0,0.0,0.0
597,722,149,171,4,True,True,186,186,21,248,2,3.0,8.0,1.3333333333333333,0.11290322580645161,1.3333333333333333
597,723,149,171,8,True,True,186,186,4,20,1,0.0,0.0,0.10752688172043011,0.021505376344086023,0.10752688172043011
597,724,149,171,26,True,False,186,186,0,0,0,0.0,0.0,0.0,0.0,0.0
597,725,149,171,42,True,False,186,186,0,0,0,0.0,0.0,0.0,0.0,0.0
597,726,149,171,109,True,False,186,186,0,0,0,0.0,0.0,0.0,0.0,0.0
597,727,149,171,118,True,False,186,186,0,0,0,0.0,0.0,0.0,0.0,0.0
597,728,149,171,138,True,True,186,186,15,225,1,0.0,5.0,1.2096774193548387,0.08064516129032258,1.2096774193548387
597,729,149,171,151,True,True,186,186,4,20,1,0.0,0.0,0.10752688172043011,0.021505376344086023,0.10752688172043011
597,730,149,171,163,True,False,186,186,0,0,0,0.0,0.0,0.0,0.0,0.0
597,731,149,171,164,True,True,186,186,49,251,6,0.0,1.0,1.3494623655913978,0.26344086021505375,1.3494623655913978
597,732,149,171,172,True,True,186,186,53,311,5,0.0,2.0,1.6720430107526882,0.2849462365591398,1.6720430107526882
597,733,149,171,173,True,True,186,186,42,259,4,0.0,2.0,1.39247311827957,0.22580645161290322,1.39247311827957
597,734,149,171,180,True,True,186,186,86,517,9,0.0,3.0,2.7795698924731185,0.46236559139784944,2.7795698924731185
597,735,149,171,259,True,False,186,186,0,0,0,0.0,0.0,0.0,0.0,0.0
597,736,149,171,271,True,True,186,186,14,40,1,0.0,1.0,0.21505376344086022,0.07526881720430108,0.21505376344086022
597,737,149,171,288,True,False,186,186,0,0,0,0.0,0.0,0.0,0.0,0.0
597,738,149,171,297,True,False,186,186,0,0,0,0.0,0.0,0.0,0.0,0.0
597,739,149,171,410,True,True,186,186,15,49,2,0.0,2.0,0.26344086021505375,0.08064516129032258,0.26344086021505375
598,795,149,184,4,True,True,19,19,6,75,1,5.0,9.0,3.9473684210526314,0.3157894736842105,3.9473684210526314
598,796,149,184,8,True,False,19,19,0,0,0,0.0,0.0,0.0,0.0,0.0
598,797,149,184,22,True,True,19,19,10,132,4,0.0,5.0,6.947368421052632,0.5263157894736842,6.947368421052632
598,798,149,184,50,True,True,19,19,3,45,2,2.0,7.0,2.3684210526315788,0.15789473684210525,2.3684210526315788
598,799,149,184,79,True,False,19,19,0,0,0,0.0,0.0,0.0,0.0,0.0
598,800,149,184,139,True,False,19,19,0,0,0,0.0,0.0,0.0,0.0,0.0
598,801,149,184,229,True,False,19,19,0,0,0,0.0,0.0,0.0,0.0,0.0
598,802,149,184,230,True,False,19,19,0,0,0,0.0,0.0,0.0,0.0,0.0
598,803,149,184,273,True,True,19,19,7,7,1,5.0,7.0,0.3684210526315789,0.3684210526315789,0.3684210526315789
598,804,149,184,288,True,False,19,19,0,0,0,0.0,0.0,0.0,0.0,0.0
598,805,149,184,290,True,False,19,19,0,0,0,0.0,0.0,0.0,0.0,0.0
598,806,149,184,315,True,False,19,19,0,0,0,0.0,0.0,0.0,0.0,0.0
598,807,149,184,383,True,False,19,19,0,0,0,0.0,0.0,0.0,0.0,0.0
599,912,149,230,4,True,True,214,214,9,83,1,5.0,9.0,0.3878504672897196,0.04205607476635514,0.3878504672897196
599,913,149,230,8,True,True,214,214,12,83,2,0.0,0.0,0.3878504672897196,0.056074766355140186,0.3878504672897196
599,914,149,230,22,True,True,214,214,24,255,3,0.0,3.0,1.191588785046729,0.11214953271028037,1.191588785046729
599,915,149,230,50,True,False,214,214,0,0,0,0.0,0.0,0.0,0.0,0.0
599,916,149,230,79,True,True,214,214,11,38,2,0.0,1.0,0.17757009345794392,0.0514018691588785,0.17757009345794392
599,917,149,230,80,True,False,214,214,0,0,0,0.0,0.0,0.0,0.0,0.0
599,918,149,230,100,True,True,214,214,2,14,1,0.0,0.0,0.06542056074766354,0.009345794392523364,0.06542056074766354
599,919,149,230,149,True,True,214,214,4,4,1,0.0,0.0,0.018691588785046728,0.018691588785046728,0.018691588785046728
599,920,149,230,151,True,True,214,214,14,97,2,0.0,1.0,0.4532710280373832,0.06542056074766354,0.4532710280373832
599,921,149,230,171,True,True,214,214,4,40,1,1.0,6.0,0.18691588785046728,0.018691588785046728,0.18691588785046728
599,922,149,230,184,True,True,214,214,88,864,11,0.0,2.0,4.037383177570093,0.411214953271028,4.037383177570093
599,923,149,230,288,True,True,214,214,37,203,5,0.0,4.0,0.9485981308411215,0.17289719626168223,0.9485981308411215
599,924,149,230,311,True,True,214,214,14,54,2,0.0,3.0,0.2523364485981308,0.06542056074766354,0.2523364485981308
599,925,149,230,390,True,False,214,214,0,0,0,0.0,0.0,0.0,0.0,0.0
599,926,149,230,485,True,False,214,214,0,0,0,0.0,0.0,0.0,0.0,0.0
600,1099,149,268,112,True,True,189,189,5,25,1,2.0,6.0,0.13227513227513227,0.026455026455026454,0.13227513227513227
600,1100,149,268,171,True,True,189,189,13,76,2,0.0,0.0,0.4021164021164021,0.06878306878306878,0.4021164021164021
600,1101,149,268,173,True,True,189,189,9,9,1,0.0,1.0,0.047619047619047616,0.047619047619047616,0.047619047619047616
600,1102,149,268,205,True,True,189,189,20,85,2,0.0,3.0,0.4497354497354497,0.10582010582010581,0.4497354497354497
600,1103,149,268,271,True,True,189,189,121,435,11,0.0,3.0,2.3015873015873014,0.6402116402116402,2.3015873015873014
600,1104,149,268,297,True,True,189,189,138,952,10,0.0,3.0,5.037037037037037,0.7301587301587301,5.037037037037037
600,1105,149,268,371,True,True,189,189,15,15,1,1.0,4.0,0.07936507936507936,0.07936507936507936,0.07936507936507936
600,1106,149,268,390,True,False,189,189,0,0,0,0.0,0.0,0.0,0.0,0.0
600,1107,149,268,410,True,True,189,189,30,142,2,0.0,3.0,0.7513227513227513,0.15873015873015872,0.7513227513227513
601,1240,149,311,4,True,False,36,36,0,0,0,0.0,0.0,0.0,0.0,0.0
601,1241,149,311,80,True,False,36,36,0,0,0,0.0,0.0,0.0,0.0,0.0
601,1242,149,311,118,True,True,36,36,26,227,2,1.0,7.0,6.305555555555555,0.7222222222222222,6.305555555555555
601,1243,149,311,138,True,False,36,36,0,0,0,0.0,0.0,0.0,0.0,0.0
601,1244,149,311,149,True,True,36,36,10,50,2,0.0,0.0,1.3888888888888888,0.2777777777777778,1.3888888888888888
601,1245,149,311,151,True,True,36,36,1,2,1,0.0,0.0,0.05555555555555555,0.027777777777777776,0.05555555555555555
601,1246,149,311,163,True,False,36,36,0,0,0,0.0,0.0,0.0,0.0,0.0
601,1247,149,311,171,True,True,36,36,1,8,1,4.0,6.5,0.2222222222222222,0.027777777777777776,0.2222222222222222
601,1248,149,311,288,True,False,36,36,0,0,0,0.0,0.0,0.0,0.0,0.0
601,1249,149,311,371,True,False,36,36,0,0,0,0.0,0.0,0.0,0.0,0.0
601,1250,149,311,390,True,False,36,36,0,0,0,0.0,0.0,0.0,0.0,0.0
601,1251,149,311,415,True,False,36,36,0,0,0,0.0,0.0,0.0,0.0,0.0
602,1263,149,315,50,True,False,3,3,0,0,0,0.0,0.0,0.0,0.0,0.0
602,1264,149,315,100,True,True,3,3,1,3,1,0.0,0.0,1.0,0.3333333333333333,1.0
602,1265,149,315,184,True,False,3,3,0,0,0,0.0,0.0,0.0,0.0,0.0
602,1266,149,315,229,True,False,3,3,0,0,0,0.0,0.0,0.0,0.0,0.0
602,1267,149,315,230,True,True,3,3,3,5,2,0.0,0.0,1.6666666666666667,1.0,1.6666666666666667
602,1268,149,315,485,True,False,3,3,0,0,0,0.0,0.0,0.0,0.0,0.0
603,1553,149,390,2,True,False,133,133,0,0,0,0.0,0.0,0.0,0.0,0.0
603,1554,149,390,8,True,False,133,133,0,0,0,0.0,0.0,0.0,0.0,0.0
603,1555,149,390,22,True,True,133,133,14,21,2,0.0,3.0,0.15789473684210525,0.10526315789473684,0.15789473684210525
603,1556,149,390,79,True,False,133,133,0,0,0,0.0,0.0,0.0,0.0,0.0
603,1557,149,390,80,True,True,133,133,1,3,1,0.0,0.0,0.022556390977443608,0.007518796992481203,0.022556390977443608
603,1558,149,390,138,True,True,133,133,12,96,1,0.0,4.0,0.7218045112781954,0.09022556390977443,0.7218045112781954
603,1559,149,390,149,True,True,133,133,5,10,2,0.0,0.0,0.07518796992481203,0.03759398496240601,0.07518796992481203
603,1560,149,390,151,True,True,133,133,9,47,2,0.0,0.0,0.3533834586466165,0.06766917293233082,0.3533834586466165
603,1561,149,390,171,True,True,133,133,16,105,2,0.0,3.0,0.7894736842105263,0.12030075187969924,0.7894736842105263
603,1562,149,390,175,True,True,133,133,12,12,1,2.0,4.5,0.09022556390977443,0.09022556390977443,0.09022556390977443
603,1563,149,390,230,True,False,133,133,0,0,0,0.0,0.0,0.0,0.0,0.0
603,1564,149,390,258,True,True,133,133,50,672,5,0.0,3.0,5.052631578947368,0.37593984962406013,5.052631578947368
603,1565,149,390,268,True,True,133,133,16,198,3,0.0,2.5,1.4887218045112782,0.12030075187969924,1.4887218045112782
603,1566,149,390,294,True,True,133,133,10,139,1,0.0,4.0,1.0451127819548873,0.07518796992481203,1.0451127819548873
603,1567,149,390,311,True,True,133,133,30,276,3,0.0,1.0,2.075187969924812,0.22556390977443608,2.075187969924812
604,1651,149,415,7,True,False,13,13,0,0,0,0.0,0.0,0.0,0.0,0.0
604,1652,149,415,80,True,False,13,13,0,0,0,0.0,0.0,0.0,0.0,0.0
604,1653,149,415,117,True,False,13,13,0,0,0,0.0,0.0,0.0,0.0,0.0
604,1654,149,415,133,True,False,13,13,0,0,0,0.0,0.0,0.0,0.0,0.0
604,1655,149,415,149,True,True,13,13,3,6,1,0.0,0.0,0.46153846153846156,0.23076923076923078,0.46153846153846156
604,1656,149,415,151,True,True,13,13,10,34,2,0.0,2.0,2.6153846153846154,0.7692307692307693,2.6153846153846154
604,1657,149,415,175,True,False,13,13,0,0,0,0.0,0.0,0.0,0.0,0.0
604,1658,149,415,196,True,False,13,13,0,0,0,0.0,0.0,0.0,0.0,0.0
604,1659,149,415,258,True,False,13,13,0,0,0,0.0,0.0,0.0,0.0,0.0
604,1660,149,415,263,True,False,13,13,0,0,0,0.0,0.0,0.0,0.0,0.0
604,1661,149,415,268,True,False,13,13,0,0,0,0.0,0.0,0.0,0.0,0.0
604,1662,149,415,311,True,False,13,13,0,0,0,0.0,0.0,0.0,0.0,0.0
604,1663,149,415,315,True,False,13,13,0,0,0,0.0,0.0,0.0,0.0,0.0
604,1664,149,415,387,True,False,13,13,0,0,0,0.0,0.0,0.0,0.0,0.0
604,1665,149,415,390,True,True,13,13,3,9,1,0.0,0.0,0.6923076923076923,0.23076923076923078,0.6923076923076923
604,1666,149,415,509,True,False,13,13,0,0,0,0.0,0.0,0.0,0.0,0.0
605,54,151,8,22,True,True,55,55,14,48,3,0.0,1.0,0.8727272727272727,0.2545454545454545,0.8727272727272727
605,55,151,8,79,True,True,55,55,10,38,4,0.0,0.0,0.6909090909090909,0.18181818181818182,0.6909090909090909
605,56,151,8,80,True,False,55,55,0,0,0,0.0,0.0,0.0,0.0,0.0
605,57,151,8,100,True,False,55,55,0,0,0,0.0,0.0,0.0,0.0,0.0
605,58,151,8,126,True,False,55,55,0,0,0,0.0,0.0,0.0,0.0,0.0
605,59,151,8,144,True,False,55,55,0,0,0,0.0,0.0,0.0,0.0,0.0
605,60,151,8,149,True,True,55,55,3,3,1,0.0,1.0,0.05454545454545454,0.05454545454545454,0.05454545454545454
605,61,151,8,171,True,True,55,55,1,9,1,0.0,3.0,0.16363636363636364,0.01818181818181818,0.16363636363636364
605,62,151,8,184,True,True,55,55,14,130,2,0.0,1.0,2.3636363636363638,0.2545454545454545,2.3636363636363638
605,63,151,8,229,True,False,55,55,0,0,0,0.0,0.0,0.0,0.0,0.0
605,64,151,8,230,True,True,55,55,6,30,2,0.0,0.0,0.5454545454545454,0.10909090909090909,0.5454545454545454
605,65,151,8,258,True,False,55,55,0,0,0,0.0,0.0,0.0,0.0,0.0
605,66,151,8,311,True,False,55,55,0,0,0,0.0,0.0,0.0,0.0,0.0
605,67,151,8,315,True,False,55,55,0,0,0,0.0,0.0,0.0,0.0,0.0
605,68,151,8,390,True,False,55,55,0,0,0,0.0,0.0,0.0,0.0,0.0
606,69,151,10,109,True,False,15,15,0,0,0,0.0,0.0,0.0,0.0,0.0
606,70,151,10,112,True,False,15,15,0,0,0,0.0,0.0,0.0,0.0,0.0
606,71,151,10,117,True,False,15,15,0,0,0,0.0,0.0,0.0,0.0,0.0
606,72,151,10,173,True,False,15,15,0,0,0,0.0,0.0,0.0,0.0,0.0
606,73,151,10,238,True,False,15,15,0,0,0,0.0,0.0,0.0,0.0,0.0
606,74,151,10,268,True,False,15,15,0,0,0,0.0,0.0,0.0,0.0,0.0
606,75,151,10,281,True,False,15,15,0,0,0,0.0,0.0,0.0,0.0,0.0
606,76,151,10,294,True,True,15,15,6,53,1,0.0,1.0,3.533333333333333,0.4,3.533333333333333
606,77,151,10,324,True,False,15,15,0,0,0,0.0,0.0,0.0,0.0,0.0
606,78,151,10,378,True,False,15,15,0,0,0,0.0,0.0,0.0,0.0,0.0
606,79,151,10,387,True,True,15,15,9,124,1,0.0,3.0,8.266666666666667,0.6,8.266666666666667
606,80,151,10,462,True,False,15,15,0,0,0,0.0,0.0,0.0,0.0,0.0
606,81,151,10,497,True,False,15,15,0,0,0,0.0,0.0,0.0,0.0,0.0
607,129,151,22,21,True,False,4,4,0,0,0,0.0,0.0,0.0,0.0,0.0
607,130,151,22,31,True,True,4,4,3,9,1,8.0,9.0,2.25,0.75,2.25
607,131,151,22,43,True,True,4,4,1,3,1,9.0,10.0,0.75,0.25,0.75
607,132,151,22,61,True,True,4,4,3,12,1,6.0,8.0,3.0,0.75,3.0
607,133,151,22,74,True,False,4,4,0,0,0,0.0,0.0,0.0,0.0,0.0
607,134,151,22,79,True,False,4,4,0,0,0,0.0,0.0,0.0,0.0,0.0
607,135,151,22,139,True,False,4,4,0,0,0,0.0,0.0,0.0,0.0,0.0
607,136,151,22,144,True,False,4,4,0,0,0,0.0,0.0,0.0,0.0,0.0
607,137,151,22,175,True,False,4,4,0,0,0,0.0,0.0,0.0,0.0,0.0
607,138,151,22,179,True,True,4,4,1,3,1,8.0,9.0,0.75,0.25,0.75
607,139,151,22,186,True,True,4,4,3,9,1,7.0,9.0,2.25,0.75,2.25
607,140,151,22,273,True,True,4,4,3,15,1,5.0,8.0,3.75,0.75,3.75
608,339,151,79,8,True,False,58,58,0,0,0,0.0,0.0,0.0,0.0,0.0
608,340,151,79,22,True,True,58,58,7,18,2,0.0,0.0,0.3103448275862069,0.1206896551724138,0.3103448275862069
608,341,151,79,100,True,False,58,58,0,0,0,0.0,0.0,0.0,0.0,0.0
608,342,151,79,149,True,True,58,58,12,69,3,0.0,0.0,1.1896551724137931,0.20689655172413793,1.1896551724137931
608,343,151,79,164,True,False,58,58,0,0,0,0.0,0.0,0.0,0.0,0.0
608,344,151,79,171,True,True,58,58,12,62,2,0.0,2.5,1.0689655172413792,0.20689655172413793,1.0689655172413792
608,345,151,79,184,True,True,58,58,3,9,1,0.0,0.0,0.15517241379310345,0.05172413793103448,0.15517241379310345
608,346,151,79,230,True,True,58,58,26,142,5,0.0,1.0,2.4482758620689653,0.4482758620689655,2.4482758620689653
608,347,151,79,271,True,False,58,58,0,0,0,0.0,0.0,0.0,0.0,0.0
608,348,151,79,288,True,False,58,58,0,0,0,0.0,0.0,0.0,0.0,0.0
608,349,151,79,311,True,True,58,58,9,20,1,0.0,1.0,0.3448275862068966,0.15517241379310345,0.3448275862068966
608,350,151,79,390,True,True,58,58,5,5,1,0.0,0.0,0.08620689655172414,0.08620689655172414,0.08620689655172414
608,351,151,79,485,True,False,58,58,0,0,0,0.0,0.0,0.0,0.0,0.0
609,352,151,80,10,True,False,73,73,0,0,0,0.0,0.0,0.0,0.0,0.0
609,353,151,80,79,True,False,73,73,0,0,0,0.0,0.0,0.0,0.0,0.0
609,354,151,80,118,True,False,73,73,0,0,0,0.0,0.0,0.0,0.0,0.0
609,355,151,80,138,True,True,73,73,3,3,1,3.0,4.0,0.0410958904109589,0.0410958904109589,0.0410958904109589
609,356,151,80,149,True,True,73,73,18,109,4,0.0,1.0,1.4931506849315068,0.2465753424657534,1.4931506849315068
609,357,151,80,151,True,True,73,73,11,57,3,0.0,0.0,0.7808219178082192,0.1506849315068493,0.7808219178082192
609,358,151,80,171,True,True,73,73,13,74,2,0.0,3.0,1.0136986301369864,0.1780821917808219,1.0136986301369864
609,359,151,80,230,True,True,73,73,5,13,1,0.0,1.0,0.1780821917808219,0.0684931506849315,0.1780821917808219
609,360,151,80,258,True,False,73,73,0,0,0,0.0,0.0,0.0,0.0,0.0
609,361,151,80,268,True,True,73,73,32,399,5,0.0,4.0,5.465753424657534,0.4383561643835616,5.465753424657534
609,362,151,80,297,True,False,73,73,0,0,0,0.0,0.0,0.0,0.0,0.0
609,363,151,80,311,True,True,73,73,8,54,3,0.0,2.0,0.7397260273972602,0.1095890410958904,0.7397260273972602
609,364,151,80,390,True,True,73,73,10,53,3,0.0,0.0,0.726027397260274,0.136986301369863,0.726027397260274
609,365,151,80,415,True,False,73,73,0,0,0,0.0,0.0,0.0,0.0,0.0
610,446,151,117,10,True,False,13,13,0,0,0,0.0,0.0,0.0,0.0,0.0
610,447,151,117,16,True,False,13,13,0,0,0,0.0,0.0,0.0,0.0,0.0
610,448,151,117,80,True,False,13,13,0,0,0,0.0,0.0,0.0,0.0,0.0
610,449,151,117,199,True,False,13,13,0,0,0,0.0,0.0,0.0,0.0,0.0
610,450,151,117,238,True,False,13,13,0,0,0,0.0,0.0,0.0,0.0,0.0
610,451,151,117,268,True,False,13,13,0,0,0,0.0,0.0,0.0,0.0,0.0
610,452,151,117,281,True,False,13,13,0,0,0,0.0,0.0,0.0,0.0,0.0
610,453,151,117,294,True,False,13,13,0,0,0,0.0,0.0,0.0,0.0,0.0
610,454,151,117,317,True,False,13,13,0,0,0,0.0,0.0,0.0,0.0,0.0
610,455,151,117,324,True,False,13,13,0,0,0,0.0,0.0,0.0,0.0,0.0
610,456,151,117,378,True,False,13,13,0,0,0,0.0,0.0,0.0,0.0,0.0
610,457,151,117,383,True,False,13,13,0,0,0,0.0,0.0,0.0,0.0,0.0
610,458,151,117,387,True,False,13,13,0,0,0,0.0,0.0,0.0,0.0,0.0
610,459,151,117,455,True,False,13,13,0,0,0,0.0,0.0,0.0,0.0,0.0
610,460,151,117,462,True,True,13,13,6,90,1,3.0,7.0,6.923076923076923,0.46153846153846156,6.923076923076923
610,461,151,117,494,True,True,13,13,7,51,1,0.0,0.0,3.923076923076923,0.5384615384615384,3.923076923076923
611,591,151,149,8,True,False,105,105,0,0,0,0.0,0.0,0.0,0.0,0.0
611,592,151,149,42,True,False,105,105,0,0,0,0.0,0.0,0.0,0.0,0.0
611,593,151,149,79,True,False,105,105,0,0,0,0.0,0.0,0.0,0.0,0.0
611,594,151,149,80,True,True,105,105,3,3,1,0.0,0.0,0.02857142857142857,0.02857142857142857,0.02857142857142857
611,595,151,149,100,True,False,105,105,0,0,0,0.0,0.0,0.0,0.0,0.0
611,596,151,149,151,True,False,105,105,0,0,0,0.0,0.0,0.0,0.0,0.0
611,597,151,149,171,True,True,105,105,4,32,2,0.0,3.0,0.3047619047619048,0.0380952380952381,0.3047619047619048
611,598,151,149,184,True,False,105,105,0,0,0,0.0,0.0,0.0,0.0,0.0
611,599,151,149,230,True,True,105,105,3,9,2,0.0,2.0,0.08571428571428572,0.02857142857142857,0.08571428571428572
611,600,151,149,268,True,True,105,105,80,929,8,0.0,3.0,8.847619047619048,0.7619047619047619,8.847619047619048
611,601,151,149,311,True,False,105,105,0,0,0,0.0,0.0,0.0,0.0,0.0
611,602,151,149,315,True,False,105,105,0,0,0,0.0,0.0,0.0,0.0,0.0
611,603,151,149,390,True,True,105,105,5,5,1,0.0,0.0,0.047619047619047616,0.047619047619047616,0.047619047619047616
611,604,151,149,415,True,False,105,105,0,0,0,0.0,0.0,0.0,0.0,0.0
612,722,151,171,4,True,True,28,28,3,5,1,9.0,10.0,0.17857142857142858,0.10714285714285714,0.17857142857142858
612,723,151,171,8,True,True,28,28,10,69,1,0.0,2.0,2.4642857142857144,0.35714285714285715,2.4642857142857144
612,724,151,171,26,True,False,28,28,0,0,0,0.0,0.0,0.0,0.0,0.0
612,725,151,171,42,True,False,28,28,0,0,0,0.0,0.0,0.0,0.0,0.0
612,726,151,171,109,True,False,28,28,0,0,0,0.0,0.0,0.0,0.0,0.0
612,727,151,171,118,True,False,28,28,0,0,0,0.0,0.0,0.0,0.0,0.0
612,728,151,171,138,True,True,28,28,11,165,2,0.0,7.0,5.892857142857143,0.39285714285714285,5.892857142857143
612,729,151,171,151,True,False,28,28,0,0,0,0.0,0.0,0.0,0.0,0.0
612,730,151,171,163,True,False,28,28,0,0,0,0.0,0.0,0.0,0.0,0.0
612,731,151,171,164,True,False,28,28,0,0,0,0.0,0.0,0.0,0.0,0.0
612,732,151,171,172,True,False,28,28,0,0,0,0.0,0.0,0.0,0.0,0.0
612,733,151,171,173,True,False,28,28,0,0,0,0.0,0.0,0.0,0.0,0.0
612,734,151,171,180,True,True,28,28,6,15,1,8.0,10.0,0.5357142857142857,0.21428571428571427,0.5357142857142857
612,735,151,171,259,True,False,28,28,0,0,0,0.0,0.0,0.0,0.0,0.0
612,736,151,171,271,True,True,28,28,6,22,1,6.0,9.0,0.7857142857142857,0.21428571428571427,0.7857142857142857
612,737,151,171,288,True,False,28,28,0,0,0,0.0,0.0,0.0,0.0,0.0
612,738,151,171,297,True,False,28,28,0,0,0,0.0,0.0,0.0,0.0,0.0
612,739,151,171,410,True,False,28,28,0,0,0,0.0,0.0,0.0,0.0,0.0
613,795,151,184,4,True,False,10,10,0,0,0,0.0,0.0,0.0,0.0,0.0
613,796,151,184,8,True,False,10,10,0,0,0,0.0,0.0,0.0,0.0,0.0
613,797,151,184,22,True,True,10,10,10,145,2,0.0,3.0,14.5,1.0,14.5
613,798,151,184,50,True,False,10,10,0,0,0,0.0,0.0,0.0,0.0,0.0
613,799,151,184,79,True,False,10,10,0,0,0,0.0,0.0,0.0,0.0,0.0
613,800,151,184,139,True,False,10,10,0,0,0,0.0,0.0,0.0,0.0,0.0
613,801,151,184,229,True,False,10,10,0,0,0,0.0,0.0,0.0,0.0,0.0
613,802,151,184,230,True,False,10,10,0,0,0,0.0,0.0,0.0,0.0,0.0
613,803,151,184,273,True,False,10,10,0,0,0,0.0,0.0,0.0,0.0,0.0
613,804,151,184,288,True,False,10,10,0,0,0,0.0,0.0,0.0,0.0,0.0
613,805,151,184,290,True,False,10,10,0,0,0,0.0,0.0,0.0,0.0,0.0
613,806,151,184,315,True,False,10,10,0,0,0,0.0,0.0,0.0,0.0,0.0
613,807,151,184,383,True,False,10,10,0,0,0,0.0,0.0,0.0,0.0,0.0
614,912,151,230,4,True,True,96,96,25,124,3,2.0,8.0,1.2916666666666667,0.2604166666666667,1.2916666666666667
614,913,151,230,8,True,True,96,96,6,30,1,0.0,0.5,0.3125,0.0625,0.3125
614,914,151,230,22,True,True,96,96,32,193,5,0.0,1.0,2.0104166666666665,0.3333333333333333,2.0104166666666665
614,915,151,230,50,True,False,96,96,0,0,0,0.0,0.0,0.0,0.0,0.0
614,916,151,230,79,True,True,96,96,5,10,1,0.0,0.0,0.10416666666666667,0.052083333333333336,0.10416666666666667
614,917,151,230,80,True,False,96,96,0,0,0,0.0,0.0,0.0,0.0,0.0
614,918,151,230,100,True,False,96,96,0,0,0,0.0,0.0,0.0,0.0,0.0
614,919,151,230,149,True,True,96,96,19,78,5,0.0,0.0,0.8125,0.19791666666666666,0.8125
614,920,151,230,151,True,True,96,96,2,4,2,0.0,0.0,0.041666666666666664,0.020833333333333332,0.041666666666666664
614,921,151,230,171,True,False,96,96,0,0,0,0.0,0.0,0.0,0.0,0.0
614,922,151,230,184,True,True,96,96,16,107,3,0.0,1.0,1.1145833333333333,0.16666666666666666,1.1145833333333333
614,923,151,230,288,True,True,96,96,10,36,2,1.0,4.0,0.375,0.10416666666666667,0.375
614,924,151,230,311,True,True,96,96,22,239,4,0.0,3.0,2.4895833333333335,0.22916666666666666,2.4895833333333335
614,925,151,230,390,True,True,96,96,27,128,3,0.0,1.0,1.3333333333333333,0.28125,1.3333333333333333
614,926,151,230,485,True,False,96,96,0,0,0,0.0,0.0,0.0,0.0,0.0
615,1039,151,258,2,True,False,64,64,0,0,0,0.0,0.0,0.0,0.0,0.0
615,1040,151,258,22,True,True,64,64,7,97,2,0.0,2.0,1.515625,0.109375,1.515625
615,1041,151,258,61,True,False,64,64,0,0,0,0.0,0.0,0.0,0.0,0.0
615,1042,151,258,80,True,True,64,64,38,223,5,0.0,1.0,3.484375,0.59375,3.484375
615,1043,151,258,126,True,True,64,64,9,36,1,0.0,2.0,0.5625,0.140625,0.5625
615,1044,151,258,151,True,True,64,64,4,30,1,0.0,1.0,0.46875,0.0625,0.46875
615,1045,151,258,175,True,True,64,64,10,30,2,0.0,3.0,0.46875,0.15625,0.46875
615,1046,151,258,311,True,True,64,64,4,10,2,0.0,0.0,0.15625,0.0625,0.15625
615,1047,151,258,390,True,True,64,64,13,33,3,0.0,0.0,0.515625,0.203125,0.515625
615,1048,151,258,415,True,False,64,64,0,0,0,0.0,0.0,0.0,0.0,0.0
616,1099,151,268,112,True,False,19,19,0,0,0,0.0,0.0,0.0,0.0,0.0
616,1100,151,268,171,True,False,19,19,0,0,0,0.0,0.0,0.0,0.0,0.0
616,1101,151,268,173,True,False,19,19,0,0,0,0.0,0.0,0.0,0.0,0.0
616,1102,151,268,205,True,False,19,19,0,0,0,0.0,0.0,0.0,0.0,0.0
616,1103,151,268,271,True,True,19,19,19,68,5,6.0,9.0,3.5789473684210527,1.0,3.5789473684210527
616,1104,151,268,297,True,True,19,19,19,75,5,5.0,8.0,3.9473684210526314,1.0,3.9473684210526314
616,1105,151,268,371,True,False,19,19,0,0,0,0.0,0.0,0.0,0.0,0.0
616,1106,151,268,390,True,False,19,19,0,0,0,0.0,0.0,0.0,0.0,0.0
616,1107,151,268,410,True,False,19,19,0,0,0,0.0,0.0,0.0,0.0,0.0
617,1240,151,311,4,True,False,126,126,0,0,0,0.0,0.0,0.0,0.0,0.0
617,1241,151,311,80,True,True,126,126,9,25,2,0.0,0.0,0.1984126984126984,0.07142857142857142,0.1984126984126984
617,1242,151,311,118,True,True,126,126,28,244,2,0.0,4.0,1.9365079365079365,0.2222222222222222,1.9365079365079365
617,1243,151,311,138,True,True,126,126,2,11,2,8.0,9.0,0.0873015873015873,0.015873015873015872,0.0873015873015873
617,1244,151,311,149,True,True,126,126,5,25,1,0.0,0.0,0.1984126984126984,0.03968253968253968,0.1984126984126984
617,1245,151,311,151,True,True,126,126,7,9,3,0.0,0.0,0.07142857142857142,0.05555555555555555,0.07142857142857142
617,1246,151,311,163,True,True,126,126,14,42,1,0.0,4.0,0.3333333333333333,0.1111111111111111,0.3333333333333333
617,1247,151,311,171,True,True,126,126,36,288,4,0.0,1.0,2.2857142857142856,0.2857142857142857,2.2857142857142856
617,1248,151,311,288,True,True,126,126,9,103,1,0.0,2.0,0.8174603174603174,0.07142857142857142,0.8174603174603174
617,1249,151,311,371,True,True,126,126,15,41,1,0.0,2.0,0.3253968253968254,0.11904761904761904,0.3253968253968254
617,1250,151,311,390,True,True,126,126,9,37,2,0.0,0.0,0.29365079365079366,0.07142857142857142,0.29365079365079366
617,1251,151,311,415,True,False,126,126,0,0,0,0.0,0.0,0.0,0.0,0.0
618,1553,151,390,2,True,False,203,203,0,0,0,0.0,0.0,0.0,0.0,0.0
618,1554,151,390,8,True,True,203,203,2,6,1,0.0,0.0,0.029556650246305417,0.009852216748768473,0.029556650246305417
618,1555,151,390,22,True,True,203,203,77,841,7,0.0,4.0,4.142857142857143,0.3793103448275862,4.142857142857143
618,1556,151,390,79,True,True,203,203,10,95,2,0.0,1.0,0.46798029556650245,0.04926108374384237,0.46798029556650245
618,1557,151,390,80,True,True,203,203,33,151,5,0.0,0.0,0.7438423645320197,0.1625615763546798,0.7438423645320197
618,1558,151,390,138,True,False,203,203,0,0,0,0.0,0.0,0.0,0.0,0.0
618,1559,151,390,149,True,True,203,203,30,73,5,0.0,0.0,0.35960591133004927,0.1477832512315271,0.35960591133004927
618,1560,151,390,151,True,True,203,203,1,3,1,0.0,0.0,0.014778325123152709,0.0049261083743842365,0.014778325123152709
618,1561,151,390,171,True,False,203,203,0,0,0,0.0,0.0,0.0,0.0,0.0
618,1562,151,390,175,True,True,203,203,6,89,1,0.0,3.0,0.43842364532019706,0.029556650246305417,0.43842364532019706
618,1563,151,390,230,True,True,203,203,3,35,1,0.0,2.0,0.1724137931034483,0.014778325123152709,0.1724137931034483
618,1564,151,390,258,True,True,203,203,45,343,5,0.0,2.0,1.6896551724137931,0.22167487684729065,1.6896551724137931
618,1565,151,390,268,True,True,203,203,28,119,5,0.0,0.0,0.5862068965517241,0.13793103448275862,0.5862068965517241
618,1566,151,390,294,True,True,203,203,5,55,1,0.0,1.0,0.270935960591133,0.024630541871921183,0.270935960591133
618,1567,151,390,311,True,True,203,203,23,166,3,0.0,2.0,0.8177339901477833,0.11330049261083744,0.8177339901477833
619,1844,151,494,16,True,False,42,42,0,0,0,0.0,0.0,0.0,0.0,0.0
619,1845,151,494,39,True,False,42,42,0,0,0,0.0,0.0,0.0,0.0,0.0
619,1846,151,494,109,True,False,42,42,0,0,0,0.0,0.0,0.0,0.0,0.0
619,1847,151,494,117,True,True,42,42,28,213,3,0.0,1.0,5.071428571428571,0.6666666666666666,5.071428571428571
619,1848,151,494,169,True,False,42,42,0,0,0,0.0,0.0,0.0,0.0,0.0
619,1849,151,494,170,True,False,42,42,0,0,0,0.0,0.0,0.0,0.0,0.0
619,1850,151,494,176,True,False,42,42,0,0,0,0.0,0.0,0.0,0.0,0.0
619,1851,151,494,199,True,False,42,42,0,0,0,0.0,0.0,0.0,0.0,0.0
619,1852,151,494,238,True,True,42,42,9,36,1,0.0,2.0,0.8571428571428571,0.21428571428571427,0.8571428571428571
619,1853,151,494,252,True,False,42,42,0,0,0,0.0,0.0,0.0,0.0,0.0
619,1854,151,494,294,True,False,42,42,0,0,0,0.0,0.0,0.0,0.0,0.0
619,1855,151,494,311,True,True,42,42,9,72,1,5.0,8.0,1.7142857142857142,0.21428571428571427,1.7142857142857142
619,1856,151,494,317,True,False,42,42,0,0,0,0.0,0.0,0.0,0.0,0.0
619,1857,151,494,383,True,False,42,42,0,0,0,0.0,0.0,0.0,0.0,0.0
619,1858,151,494,404,True,False,42,42,0,0,0,0.0,0.0,0.0,0.0,0.0
619,1859,151,494,455,True,False,42,42,0,0,0,0.0,0.0,0.0,0.0,0.0
619,1860,151,494,462,True,False,42,42,0,0,0,0.0,0.0,0.0,0.0,0.0
619,1861,151,494,474,True,False,42,42,0,0,0,0.0,0.0,0.0,0.0,0.0
620,82,156,12,6,True,False,196,196,0,0,0,0.0,0.0,0.0,0.0,0.0
620,83,156,12,58,True,True,196,196,3,3,2,0.0,0.0,0.015306122448979591,0.015306122448979591,0.015306122448979591
620,84,156,12,113,True,True,196,196,9,14,4,0.0,0.0,0.07142857142857142,0.04591836734693878,0.07142857142857142
620,85,156,12,121,True,True,196,196,13,13,10,0.0,0.0,0.0663265306122449,0.0663265306122449,0.0663265306122449
620,86,156,12,144,True,True,196,196,10,50,5,0.0,0.0,0.25510204081632654,0.05102040816326531,0.25510204081632654
620,87,156,12,243,True,True,196,196,6,15,4,0.0,0.0,0.07653061224489796,0.030612244897959183,0.07653061224489796
620,88,156,12,251,True,True,196,196,18,80,9,0.0,0.0,0.40816326530612246,0.09183673469387756,0.40816326530612246
620,89,156,12,321,True,True,196,196,57,333,16,0.0,0.0,1.6989795918367347,0.29081632653061223,1.6989795918367347
620,90,156,12,335,True,False,196,196,0,0,0,0.0,0.0,0.0,0.0,0.0
620,91,156,12,463,True,True,196,196,8,8,6,0.0,0.0,0.04081632653061224,0.04081632653061224,0.04081632653061224
620,92,156,12,481,True,True,196,196,34,215,7,0.0,0.0,1.096938775510204,0.17346938775510204,1.096938775510204
621,129,156,22,21,True,False,3,3,0,0,0,0.0,0.0,0.0,0.0,0.0
621,130,156,22,31,True,False,3,3,0,0,0,0.0,0.0,0.0,0.0,0.0
621,131,156,22,43,True,False,3,3,0,0,0,0.0,0.0,0.0,0.0,0.0
621,132,156,22,61,True,False,3,3,0,0,0,0.0,0.0,0.0,0.0,0.0
621,133,156,22,74,True,False,3,3,0,0,0,0.0,0.0,0.0,0.0,0.0
621,134,156,22,79,True,True,3,3,1,1,1,5.0,5.0,0.3333333333333333,0.3333333333333333,0.3333333333333333
621,135,156,22,139,True,True,3,3,3,14,2,0.0,0.0,4.666666666666667,1.0,4.666666666666667
621,136,156,22,144,True,False,3,3,0,0,0,0.0,0.0,0.0,0.0,0.0
621,137,156,22,175,True,False,3,3,0,0,0,0.0,0.0,0.0,0.0,0.0
621,138,156,22,179,True,False,3,3,0,0,0,0.0,0.0,0.0,0.0,0.0
621,139,156,22,186,True,False,3,3,0,0,0,0.0,0.0,0.0,0.0,0.0
621,140,156,22,273,True,True,3,3,3,13,2,0.0,4.0,4.333333333333333,1.0,4.333333333333333
622,281,156,58,13,True,False,14,14,0,0,0,0.0,0.0,0.0,0.0,0.0
622,282,156,58,21,True,False,14,14,0,0,0,0.0,0.0,0.0,0.0,0.0
622,283,156,58,84,True,True,14,14,1,1,1,10.0,10.0,0.07142857142857142,0.07142857142857142,0.07142857142857142
622,284,156,58,129,True,False,14,14,0,0,0,0.0,0.0,0.0,0.0,0.0
622,285,156,58,156,True,False,14,14,0,0,0,0.0,0.0,0.0,0.0,0.0
622,286,156,58,179,True,False,14,14,0,0,0,0.0,0.0,0.0,0.0,0.0
622,287,156,58,186,True,False,14,14,0,0,0,0.0,0.0,0.0,0.0,0.0
622,288,156,58,243,True,False,14,14,0,0,0,0.0,0.0,0.0,0.0,0.0
622,289,156,58,245,True,False,14,14,0,0,0,0.0,0.0,0.0,0.0,0.0
622,290,156,58,381,True,False,14,14,0,0,0,0.0,0.0,0.0,0.0,0.0
622,291,156,58,389,True,False,14,14,0,0,0,0.0,0.0,0.0,0.0,0.0
622,292,156,58,449,True,False,14,14,0,0,0,0.0,0.0,0.0,0.0,0.0
623,425,156,113,7,True,True,27,27,3,25,3,2.0,5.0,0.9259259259259259,0.1111111111111111,0.9259259259259259
623,426,156,113,133,True,True,27,27,5,27,3,3.0,6.0,1.0,0.18518518518518517,1.0
623,427,156,113,143,True,False,27,27,0,0,0,0.0,0.0,0.0,0.0,0.0
623,428,156,113,157,True,True,27,27,1,3,1,5.0,6.0,0.1111111111111111,0.037037037037037035,0.1111111111111111
623,429,156,113,196,True,True,27,27,3,15,2,4.0,6.0,0.5555555555555556,0.1111111111111111,0.5555555555555556
623,430,156,113,279,True,False,27,27,0,0,0,0.0,0.0,0.0,0.0,0.0
623,431,156,113,318,True,False,27,27,0,0,0,0.0,0.0,0.0,0.0,0.0
623,432,156,113,440,True,True,27,27,1,15,1,1.0,4.0,0.5555555555555556,0.037037037037037035,0.5555555555555556
623,433,156,113,509,True,False,27,27,0,0,0,0.0,0.0,0.0,0.0,0.0
624,465,156,121,2,True,False,261,261,0,0,0,0.0,0.0,0.0,0.0,0.0
624,466,156,121,22,True,True,261,261,5,13,3,0.0,0.0,0.04980842911877394,0.019157088122605363,0.04980842911877394
624,467,156,121,113,True,True,261,261,43,201,18,0.0,0.0,0.7701149425287356,0.16475095785440613,0.7701149425287356
624,468,156,121,139,True,True,261,261,42,159,20,0.0,0.0,0.6091954022988506,0.16091954022988506,0.6091954022988506
624,469,156,121,144,True,True,261,261,18,110,8,0.0,0.0,0.421455938697318,0.06896551724137931,0.421455938697318
624,470,156,121,175,True,False,261,261,0,0,0,0.0,0.0,0.0,0.0,0.0
624,471,156,121,251,True,True,261,261,51,226,21,0.0,0.0,0.8659003831417624,0.19540229885057472,0.8659003831417624
624,472,156,121,273,True,True,261,261,55,248,25,0.0,0.0,0.9501915708812261,0.210727969348659,0.9501915708812261
624,473,156,121,481,True,True,261,261,2,3,1,0.0,0.0,0.011494252873563218,0.007662835249042145,0.011494252873563218
625,514,156,139,22,True,False,11,11,0,0,0,0.0,0.0,0.0,0.0,0.0
625,515,156,139,79,True,True,11,11,1,9,1,1.0,3.0,0.8181818181818182,0.09090909090909091,0.8181818181818182
625,516,156,139,80,True,False,11,11,0,0,0,0.0,0.0,0.0,0.0,0.0
625,517,156,139,126,True,False,11,11,0,0,0,0.0,0.0,0.0,0.0,0.0
625,518,156,139,144,True,False,11,11,0,0,0,0.0,0.0,0.0,0.0,0.0
625,519,156,139,149,True,True,11,11,9,81,4,1.0,5.0,7.363636363636363,0.8181818181818182,7.363636363636363
625,520,156,139,151,True,True,11,11,3,3,1,5.0,6.0,0.2727272727272727,0.2727272727272727,0.2727272727272727
625,521,156,139,175,True,False,11,11,0,0,0,0.0,0.0,0.0,0.0,0.0
625,522,156,139,184,True,True,11,11,1,10,1,3.0,5.0,0.9090909090909091,0.09090909090909091,0.9090909090909091
625,523,156,139,199,True,False,11,11,0,0,0,0.0,0.0,0.0,0.0,0.0
625,524,156,139,229,True,False,11,11,0,0,0,0.0,0.0,0.0,0.0,0.0
625,525,156,139,230,True,True,11,11,10,55,5,3.0,6.0,5.0,0.9090909090909091,5.0
625,526,156,139,258,True,False,11,11,0,0,0,0.0,0.0,0.0,0.0,0.0
625,527,156,139,273,True,False,11,11,0,0,0,0.0,0.0,0.0,0.0,0.0
625,528,156,139,311,True,False,11,11,0,0,0,0.0,0.0,0.0,0.0,0.0
625,529,156,139,315,True,False,11,11,0,0,0,0.0,0.0,0.0,0.0,0.0
625,530,156,139,390,True,False,11,11,0,0,0,0.0,0.0,0.0,0.0,0.0
625,531,156,139,415,True,False,11,11,0,0,0,0.0,0.0,0.0,0.0,0.0
626,558,156,144,2,True,True,33,33,2,6,1,8.0,9.5,0.18181818181818182,0.06060606060606061,0.18181818181818182
626,559,156,144,21,True,False,33,33,0,0,0,0.0,0.0,0.0,0.0,0.0
626,560,156,144,22,True,True,33,33,2,8,1,0.0,0.5,0.24242424242424243,0.06060606060606061,0.24242424242424243
626,561,156,144,31,True,False,33,33,0,0,0,0.0,0.0,0.0,0.0,0.0
626,562,156,144,61,True,False,33,33,0,0,0,0.0,0.0,0.0,0.0,0.0
626,563,156,144,74,True,False,33,33,0,0,0,0.0,0.0,0.0,0.0,0.0
626,564,156,144,79,True,True,33,33,8,64,4,4.0,8.0,1.9393939393939394,0.24242424242424243,1.9393939393939394
626,565,156,144,126,True,True,33,33,11,88,4,0.0,6.0,2.6666666666666665,0.3333333333333333,2.6666666666666665
626,566,156,144,139,True,True,33,33,2,16,1,0.0,4.0,0.48484848484848486,0.06060606060606061,0.48484848484848486
626,567,156,144,179,True,False,33,33,0,0,0,0.0,0.0,0.0,0.0,0.0
626,568,156,144,186,True,False,33,33,0,0,0,0.0,0.0,0.0,0.0,0.0
626,569,156,144,229,True,False,33,33,0,0,0,0.0,0.0,0.0,0.0,0.0
626,570,156,144,248,True,False,33,33,0,0,0,0.0,0.0,0.0,0.0,0.0
626,571,156,144,315,True,True,33,33,1,8,1,2.0,5.0,0.24242424242424243,0.030303030303030304,0.24242424242424243
626,572,156,144,488,True,False,33,33,0,0,0,0.0,0.0,0.0,0.0,0.0
627,946,156,243,6,True,False,44,44,0,0,0,0.0,0.0,0.0,0.0,0.0
627,947,156,243,21,True,False,44,44,0,0,0,0.0,0.0,0.0,0.0,0.0
627,948,156,243,84,True,False,44,44,0,0,0,0.0,0.0,0.0,0.0,0.0
627,949,156,243,85,True,True,44,44,3,12,1,3.0,5.5,0.2727272727272727,0.06818181818181818,0.2727272727272727
627,950,156,243,115,True,True,44,44,5,51,2,2.0,6.0,1.1590909090909092,0.11363636363636363,1.1590909090909092
627,951,156,243,125,True,False,44,44,0,0,0,0.0,0.0,0.0,0.0,0.0
627,952,156,243,129,True,False,44,44,0,0,0,0.0,0.0,0.0,0.0,0.0
627,953,156,243,156,True,False,44,44,0,0,0,0.0,0.0,0.0,0.0,0.0
627,954,156,243,179,True,False,44,44,0,0,0,0.0,0.0,0.0,0.0,0.0
627,955,156,243,199,True,False,44,44,0,0,0,0.0,0.0,0.0,0.0,0.0
627,956,156,243,217,True,True,44,44,4,19,2,0.0,7.0,0.4318181818181818,0.09090909090909091,0.4318181818181818
627,957,156,243,319,True,False,44,44,0,0,0,0.0,0.0,0.0,0.0,0.0
627,958,156,243,385,True,True,44,44,8,72,4,2.0,6.0,1.6363636363636365,0.18181818181818182,1.6363636363636365
627,959,156,243,402,True,True,44,44,7,7,2,0.0,2.0,0.1590909090909091,0.1590909090909091,0.1590909090909091
627,960,156,243,508,True,True,44,44,4,48,2,0.0,2.0,1.0909090909090908,0.09090909090909091,1.0909090909090908
628,980,156,248,2,True,True,64,64,1,3,1,0.0,0.0,0.046875,0.015625,0.046875
628,981,156,248,12,True,True,64,64,10,12,6,0.0,0.0,0.1875,0.15625,0.1875
628,982,156,248,22,True,True,64,64,3,4,3,0.0,0.0,0.0625,0.046875,0.0625
628,983,156,248,121,True,True,64,64,56,93,37,0.0,0.0,1.453125,0.875,1.453125
628,984,156,248,139,True,True,64,64,19,34,16,0.0,0.0,0.53125,0.296875,0.53125
628,985,156,248,144,True,True,64,64,16,50,9,0.0,0.0,0.78125,0.25,0.78125
628,986,156,248,169,True,False,64,64,0,0,0,0.0,0.0,0.0,0.0,0.0
628,987,156,248,175,True,False,64,64,0,0,0,0.0,0.0,0.0,0.0,0.0
628,988,156,248,262,True,False,64,64,0,0,0,0.0,0.0,0.0,0.0,0.0
628,989,156,248,273,True,True,64,64,34,101,25,0.0,0.0,1.578125,0.53125,1.578125
628,990,156,248,281,True,False,64,64,0,0,0,0.0,0.0,0.0,0.0,0.0
628,991,156,248,335,True,False,64,64,0,0,0,0.0,0.0,0.0,0.0,0.0
628,992,156,248,383,True,False,64,64,0,0,0,0.0,0.0,0.0,0.0,0.0
628,993,156,248,433,True,False,64,64,0,0,0,0.0,0.0,0.0,0.0,0.0
628,994,156,248,455,True,False,64,64,0,0,0,0.0,0.0,0.0,0.0,0.0
628,995,156,248,463,True,False,64,64,0,0,0,0.0,0.0,0.0,0.0,0.0
628,996,156,248,508,True,False,64,64,0,0,0,0.0,0.0,0.0,0.0,0.0
629,997,156,251,21,True,False,65,65,0,0,0,0.0,0.0,0.0,0.0,0.0
629,998,156,251,88,True,True,65,65,2,18,1,2.0,4.5,0.27692307692307694,0.03076923076923077,0.27692307692307694
629,999,156,251,113,True,True,65,65,12,77,5,0.0,2.0,1.1846153846153846,0.18461538461538463,1.1846153846153846
629,1000,156,251,156,True,False,65,65,0,0,0,0.0,0.0,0.0,0.0,0.0
629,1001,156,251,157,True,True,65,65,2,2,1,5.0,5.5,0.03076923076923077,0.03076923076923077,0.03076923076923077
629,1002,156,251,161,True,True,65,65,6,24,3,0.0,6.0,0.36923076923076925,0.09230769230769231,0.36923076923076925
629,1003,156,251,179,True,False,65,65,0,0,0,0.0,0.0,0.0,0.0,0.0
629,1004,156,251,186,True,False,65,65,0,0,0,0.0,0.0,0.0,0.0,0.0
629,1005,156,251,245,True,False,65,65,0,0,0,0.0,0.0,0.0,0.0,0.0
629,1006,156,251,253,True,False,65,65,0,0,0,0.0,0.0,0.0,0.0,0.0
629,1007,156,251,279,True,True,65,65,7,86,4,0.0,5.0,1.323076923076923,0.1076923076923077,1.323076923076923
629,1008,156,251,319,True,False,65,65,0,0,0,0.0,0.0,0.0,0.0,0.0
629,1009,156,251,381,True,False,65,65,0,0,0,0.0,0.0,0.0,0.0,0.0
629,1010,156,251,449,True,False,65,65,0,0,0,0.0,0.0,0.0,0.0,0.0
630,1075,156,262,13,True,False,4,4,0,0,0,0.0,0.0,0.0,0.0,0.0
630,1076,156,262,85,True,True,4,4,2,10,1,4.0,6.5,2.5,0.5,2.5
630,1077,156,262,129,True,False,4,4,0,0,0,0.0,0.0,0.0,0.0,0.0
630,1078,156,262,179,True,False,4,4,0,0,0,0.0,0.0,0.0,0.0,0.0
630,1079,156,262,247,True,True,4,4,2,30,1,5.0,8.0,7.5,0.5,7.5
630,1080,156,262,381,True,False,4,4,0,0,0,0.0,0.0,0.0,0.0,0.0
630,1081,156,262,487,True,False,4,4,0,0,0,0.0,0.0,0.0,0.0,0.0
631,1127,156,273,21,True,False,72,72,0,0,0,0.0,0.0,0.0,0.0,0.0
631,1128,156,273,22,True,True,72,72,9,37,4,0.0,5.0,0.5138888888888888,0.125,0.5138888888888888
631,1129,156,273,31,True,False,72,72,0,0,0,0.0,0.0,0.0,0.0,0.0
631,1130,156,273,43,True,False,72,72,0,0,0,0.0,0.0,0.0,0.0,0.0
631,1131,156,273,61,True,False,72,72,0,0,0,0.0,0.0,0.0,0.0,0.0
631,1132,156,273,74,True,False,72,72,0,0,0,0.0,0.0,0.0,0.0,0.0
631,1133,156,273,79,True,True,72,72,26,203,8,0.0,6.0,2.8194444444444446,0.3611111111111111,2.8194444444444446
631,1134,156,273,80,True,True,72,72,2,12,1,3.0,6.0,0.16666666666666666,0.027777777777777776,0.16666666666666666
631,1135,156,273,126,True,False,72,72,0,0,0,0.0,0.0,0.0,0.0,0.0
631,1136,156,273,139,True,True,72,72,41,313,17,0.0,1.0,4.347222222222222,0.5694444444444444,4.347222222222222
631,1137,156,273,144,True,False,72,72,0,0,0,0.0,0.0,0.0,0.0,0.0
631,1138,156,273,151,True,True,72,72,2,8,1,4.0,6.0,0.1111111111111111,0.027777777777777776,0.1111111111111111
631,1139,156,273,179,True,False,72,72,0,0,0,0.0,0.0,0.0,0.0,0.0
631,1140,156,273,184,True,True,72,72,5,34,2,4.0,7.0,0.4722222222222222,0.06944444444444445,0.4722222222222222
631,1141,156,273,186,True,False,72,72,0,0,0,0.0,0.0,0.0,0.0,0.0
631,1142,156,273,229,True,True,72,72,2,6,1,1.0,2.0,0.08333333333333333,0.027777777777777776,0.08333333333333333
631,1143,156,273,230,True,True,72,72,3,12,1,5.0,7.5,0.16666666666666666,0.041666666666666664,0.16666666666666666
631,1144,156,273,248,True,False,72,72,0,0,0,0.0,0.0,0.0,0.0,0.0
632,1312,156,321,21,True,False,41,41,0,0,0,0.0,0.0,0.0,0.0,0.0
632,1313,156,321,113,True,True,41,41,2,5,1,0.0,1.0,0.12195121951219512,0.04878048780487805,0.12195121951219512
632,1314,156,321,156,True,False,41,41,0,0,0,0.0,0.0,0.0,0.0,0.0
632,1315,156,321,179,True,False,41,41,0,0,0,0.0,0.0,0.0,0.0,0.0
632,1316,156,321,251,True,True,41,41,3,14,2,0.0,0.0,0.34146341463414637,0.07317073170731707,0.34146341463414637
632,1317,156,321,253,True,False,41,41,0,0,0,0.0,0.0,0.0,0.0,0.0
632,1318,156,321,261,True,True,41,41,13,145,4,0.0,6.0,3.5365853658536586,0.3170731707317073,3.5365853658536586
632,1319,156,321,319,True,False,41,41,0,0,0,0.0,0.0,0.0,0.0,0.0
632,1320,156,321,440,True,True,41,41,2,20,1,5.0,8.0,0.4878048780487805,0.04878048780487805,0.4878048780487805
632,1321,156,321,481,True,False,41,41,0,0,0,0.0,0.0,0.0,0.0,0.0
632,1322,156,321,488,True,False,41,41,0,0,0,0.0,0.0,0.0,0.0,0.0
633,1713,156,449,6,True,False,177,177,0,0,0,0.0,0.0,0.0,0.0,0.0
633,1714,156,449,12,True,True,177,177,58,97,33,0.0,0.0,0.5480225988700564,0.327683615819209,0.5480225988700564
633,1715,156,449,58,True,True,177,177,12,27,8,0.0,0.0,0.15254237288135594,0.06779661016949153,0.15254237288135594
633,1716,156,449,113,True,True,177,177,26,64,18,0.0,0.0,0.3615819209039548,0.14689265536723164,0.3615819209039548
633,1717,156,449,121,True,True,177,177,90,148,57,0.0,0.0,0.8361581920903954,0.5084745762711864,0.8361581920903954
633,1718,156,449,217,True,False,177,177,0,0,0,0.0,0.0,0.0,0.0,0.0
633,1719,156,449,243,True,True,177,177,26,76,19,0.0,0.0,0.4293785310734463,0.14689265536723164,0.4293785310734463
633,1720,156,449,251,True,True,177,177,34,86,24,0.0,0.0,0.4858757062146893,0.192090395480226,0.4858757062146893
633,1721,156,449,262,True,True,177,177,3,14,2,0.0,0.0,0.07909604519774012,0.01694915254237288,0.07909604519774012
633,1722,156,449,321,True,True,177,177,7,19,7,0.0,0.0,0.10734463276836158,0.03954802259887006,0.10734463276836158
633,1723,156,449,361,True,True,177,177,2,6,1,0.0,0.0,0.03389830508474576,0.011299435028248588,0.03389830508474576
633,1724,156,449,463,True,True,177,177,43,67,32,0.0,0.0,0.3785310734463277,0.24293785310734464,0.3785310734463277
633,1725,156,449,481,True,True,177,177,10,28,7,0.0,0.0,0.15819209039548024,0.05649717514124294,0.15819209039548024
634,1755,156,463,6,True,False,57,57,0,0,0,0.0,0.0,0.0,0.0,0.0
634,1756,156,463,58,True,True,57,57,15,41,8,0.0,0.0,0.7192982456140351,0.2631578947368421,0.7192982456140351
634,1757,156,463,117,True,False,57,57,0,0,0,0.0,0.0,0.0,0.0,0.0
634,1758,156,463,169,True,False,57,57,0,0,0,0.0,0.0,0.0,0.0,0.0
634,1759,156,463,199,True,False,57,57,0,0,0,0.0,0.0,0.0,0.0,0.0
634,1760,156,463,217,True,True,57,57,1,1,1,0.0,0.0,0.017543859649122806,0.017543859649122806,0.017543859649122806
634,1761,156,463,243,True,True,57,57,33,151,18,0.0,0.0,2.6491228070175437,0.5789473684210527,2.6491228070175437
634,1762,156,463,262,True,True,57,57,1,5,1,0.0,0.0,0.08771929824561403,0.017543859649122806,0.08771929824561403
634,1763,156,463,281,True,False,57,57,0,0,0,0.0,0.0,0.0,0.0,0.0
634,1764,156,463,335,True,False,57,57,0,0,0,0.0,0.0,0.0,0.0,0.0
634,1765,156,463,361,True,True,57,57,1,2,1,0.0,0.0,0.03508771929824561,0.017543859649122806,0.03508771929824561
634,1766,156,463,383,True,False,57,57,0,0,0,0.0,0.0,0.0,0.0,0.0
634,1767,156,463,433,True,False,57,57,0,0,0,0.0,0.0,0.0,0.0,0.0
634,1768,156,463,455,True,False,57,57,0,0,0,0.0,0.0,0.0,0.0,0.0
634,1769,156,463,508,True,True,57,57,2,2,1,0.0,0.5,0.03508771929824561,0.03508771929824561,0.03508771929824561
635,1801,156,481,21,True,False,31,31,0,0,0,0.0,0.0,0.0,0.0,0.0
635,1802,156,481,74,True,False,31,31,0,0,0,0.0,0.0,0.0,0.0,0.0
635,1803,156,481,113,True,True,31,31,5,31,3,0.0,1.0,1.0,0.16129032258064516,1.0
635,1804,156,481,179,True,False,31,31,0,0,0,0.0,0.0,0.0,0.0,0.0
635,1805,156,481,253,True,False,31,31,0,0,0,0.0,0.0,0.0,0.0,0.0
635,1806,156,481,261,True,False,31,31,0,0,0,0.0,0.0,0.0,0.0,0.0
635,1807,156,481,319,True,False,31,31,0,0,0,0.0,0.0,0.0,0.0,0.0
636,172,157,28,1,True,False,46,46,0,0,0,0.0,0.0,0.0,0.0,0.0
636,173,157,28,56,True,False,46,46,0,0,0,0.0,0.0,0.0,0.0,0.0
636,174,157,28,222,True,False,46,46,0,0,0,0.0,0.0,0.0,0.0,0.0
636,175,157,28,271,True,True,46,46,12,58,2,0.0,2.0,1.2608695652173914,0.2608695652173913,1.2608695652173914
636,176,157,28,318,True,False,46,46,0,0,0,0.0,0.0,0.0,0.0,0.0
636,177,157,28,326,True,False,46,46,0,0,0,0.0,0.0,0.0,0.0,0.0
636,178,157,28,347,True,False,46,46,0,0,0,0.0,0.0,0.0,0.0,0.0
636,179,157,28,355,True,True,46,46,34,264,4,0.0,2.0,5.739130434782608,0.7391304347826086,5.739130434782608
636,180,157,28,369,True,True,46,46,10,39,1,0.0,3.0,0.8478260869565217,0.21739130434782608,0.8478260869565217
636,181,157,28,410,True,True,46,46,12,60,2,0.0,4.0,1.3043478260869565,0.2608695652173913,1.3043478260869565
636,182,157,28,429,True,True,46,46,43,251,5,0.0,4.0,5.456521739130435,0.9347826086956522,5.456521739130435
637,337,157,77,163,True,False,51,51,0,0,0,0.0,0.0,0.0,0.0,0.0
637,338,157,77,205,True,False,51,51,0,0,0,0.0,0.0,0.0,0.0,0.0
638,339,157,79,8,True,True,22,22,11,99,1,0.0,1.0,4.5,0.5,4.5
638,340,157,79,22,True,False,22,22,0,0,0,0.0,0.0,0.0,0.0,0.0
638,341,157,79,100,True,True,22,22,11,115,1,0.0,1.0,5.2272727272727275,0.5,5.2272727272727275
638,342,157,79,149,True,False,22,22,0,0,0,0.0,0.0,0.0,0.0,0.0
638,343,157,79,164,True,False,22,22,0,0,0,0.0,0.0,0.0,0.0,0.0
638,344,157,79,171,True,False,22,22,0,0,0,0.0,0.0,0.0,0.0,0.0
638,345,157,79,184,True,False,22,22,0,0,0,0.0,0.0,0.0,0.0,0.0
638,346,157,79,230,True,False,22,22,0,0,0,0.0,0.0,0.0,0.0,0.0
638,347,157,79,271,True,False,22,22,0,0,0,0.0,0.0,0.0,0.0,0.0
638,348,157,79,288,True,False,22,22,0,0,0,0.0,0.0,0.0,0.0,0.0
638,349,157,79,311,True,False,22,22,0,0,0,0.0,0.0,0.0,0.0,0.0
638,350,157,79,390,True,False,22,22,0,0,0,0.0,0.0,0.0,0.0,0.0
638,351,157,79,485,True,False,22,22,0,0,0,0.0,0.0,0.0,0.0,0.0
639,366,157,84,24,True,False,7,7,0,0,0,0.0,0.0,0.0,0.0,0.0
639,367,157,84,58,True,False,7,7,0,0,0,0.0,0.0,0.0,0.0,0.0
639,368,157,84,115,True,True,7,7,4,20,1,0.0,0.0,2.857142857142857,0.5714285714285714,2.857142857142857
639,369,157,84,316,True,False,7,7,0,0,0,0.0,0.0,0.0,0.0,0.0
639,370,157,84,385,True,False,7,7,0,0,0,0.0,0.0,0.0,0.0,0.0
639,371,157,84,389,True,True,7,7,3,23,1,0.0,0.0,3.2857142857142856,0.42857142857142855,3.2857142857142856
639,372,157,84,402,True,False,7,7,0,0,0,0.0,0.0,0.0,0.0,0.0
639,373,157,84,474,True,False,7,7,0,0,0,0.0,0.0,0.0,0.0,0.0
640,374,157,85,84,True,True,15,15,6,24,1,0.0,0.5,1.6,0.4,1.6
640,375,157,85,98,True,False,15,15,0,0,0,0.0,0.0,0.0,0.0,0.0
640,376,157,85,115,True,False,15,15,0,0,0,0.0,0.0,0.0,0.0,0.0
640,377,157,85,167,True,False,15,15,0,0,0,0.0,0.0,0.0,0.0,0.0
640,378,157,85,240,True,False,15,15,0,0,0,0.0,0.0,0.0,0.0,0.0
640,379,157,85,262,True,False,15,15,0,0,0,0.0,0.0,0.0,0.0,0.0
640,380,157,85,309,True,False,15,15,0,0,0,0.0,0.0,0.0,0.0,0.0
640,381,157,85,352,True,False,15,15,0,0,0,0.0,0.0,0.0,0.0,0.0
640,382,157,85,375,True,True,15,15,9,49,1,0.0,2.0,3.2666666666666666,0.6,3.2666666666666666
640,383,157,85,389,True,True,15,15,6,28,1,0.0,1.0,1.8666666666666667,0.4,1.8666666666666667
641,384,157,88,23,True,False,46,46,0,0,0,0.0,0.0,0.0,0.0,0.0
641,385,157,88,157,True,True,46,46,8,42,3,0.0,0.0,0.9130434782608695,0.17391304347826086,0.9130434782608695
641,386,157,88,161,True,False,46,46,0,0,0,0.0,0.0,0.0,0.0,0.0
642,548,157,143,7,True,False,37,37,0,0,0,0.0,0.0,0.0,0.0,0.0
642,549,157,143,88,True,False,37,37,0,0,0,0.0,0.0,0.0,0.0,0.0
642,550,157,143,133,True,False,37,37,0,0,0,0.0,0.0,0.0,0.0,0.0
642,551,157,143,161,True,False,37,37,0,0,0,0.0,0.0,0.0,0.0,0.0
642,552,157,143,163,True,False,37,37,0,0,0,0.0,0.0,0.0,0.0,0.0
642,553,157,143,233,True,False,37,37,0,0,0,0.0,0.0,0.0,0.0,0.0
642,554,157,143,279,True,True,37,37,14,155,1,0.0,1.0,4.1891891891891895,0.3783783783783784,4.1891891891891895
642,555,157,143,432,True,False,37,37,0,0,0,0.0,0.0,0.0,0.0,0.0
642,556,157,143,440,True,False,37,37,0,0,0,0.0,0.0,0.0,0.0,0.0
642,557,157,143,474,True,True,37,37,6,52,1,0.0,1.0,1.4054054054054055,0.16216216216216217,1.4054054054054055
643,656,157,161,28,True,False,21,21,0,0,0,0.0,0.0,0.0,0.0,0.0
643,657,157,161,143,True,False,21,21,0,0,0,0.0,0.0,0.0,0.0,0.0
643,658,157,161,157,True,False,21,21,0,0,0,0.0,0.0,0.0,0.0,0.0
643,659,157,161,167,True,False,21,21,0,0,0,0.0,0.0,0.0,0.0,0.0
643,660,157,161,369,True,False,21,21,0,0,0,0.0,0.0,0.0,0.0,0.0
643,661,157,161,375,True,True,21,21,11,45,2,0.0,1.0,2.142857142857143,0.5238095238095238,2.142857142857143
643,662,157,161,398,True,False,21,21,0,0,0,0.0,0.0,0.0,0.0,0.0
643,663,157,161,440,True,False,21,21,0,0,0,0.0,0.0,0.0,0.0,0.0
643,664,157,161,485,True,False,21,21,0,0,0,0.0,0.0,0.0,0.0,0.0
644,688,157,167,7,True,False,10,10,0,0,0,0.0,0.0,0.0,0.0,0.0
644,689,157,167,88,True,False,10,10,0,0,0,0.0,0.0,0.0,0.0,0.0
644,690,157,167,133,True,False,10,10,0,0,0,0.0,0.0,0.0,0.0,0.0
644,691,157,167,143,True,False,10,10,0,0,0,0.0,0.0,0.0,0.0,0.0
644,692,157,167,157,True,False,10,10,0,0,0,0.0,0.0,0.0,0.0,0.0
644,693,157,167,161,True,False,10,10,0,0,0,0.0,0.0,0.0,0.0,0.0
644,694,157,167,196,True,False,10,10,0,0,0,0.0,0.0,0.0,0.0,0.0
644,695,157,167,261,True,False,10,10,0,0,0,0.0,0.0,0.0,0.0,0.0
644,696,157,167,279,True,True,10,10,3,45,1,2.0,6.0,4.5,0.3,4.5
644,697,157,167,290,True,False,10,10,0,0,0,0.0,0.0,0.0,0.0,0.0
644,698,157,167,316,True,False,10,10,0,0,0,0.0,0.0,0.0,0.0,0.0
644,699,157,167,432,True,False,10,10,0,0,0,0.0,0.0,0.0,0.0,0.0
644,700,157,167,440,True,False,10,10,0,0,0,0.0,0.0,0.0,0.0,0.0
644,701,157,167,474,True,True,10,10,7,40,1,0.0,0.0,4.0,0.7,4.0
644,702,157,167,509,True,False,10,10,0,0,0,0.0,0.0,0.0,0.0,0.0
645,820,157,196,1,True,True,22,22,6,10,1,8.0,10.0,0.45454545454545453,0.2727272727272727,0.45454545454545453
645,821,157,196,28,True,False,22,22,0,0,0,0.0,0.0,0.0,0.0,0.0
645,822,157,196,133,True,False,22,22,0,0,0,0.0,0.0,0.0,0.0,0.0
645,823,157,196,207,True,False,22,22,0,0,0,0.0,0.0,0.0,0.0,0.0
645,824,157,196,222,True,False,22,22,0,0,0,0.0,0.0,0.0,0.0,0.0
645,825,157,196,263,True,False,22,22,0,0,0,0.0,0.0,0.0,0.0,0.0
645,826,157,196,271,True,True,22,22,10,20,1,7.0,9.5,0.9090909090909091,0.45454545454545453,0.9090909090909091
645,827,157,196,299,True,False,22,22,0,0,0,0.0,0.0,0.0,0.0,0.0
645,828,157,196,318,True,False,22,22,0,0,0,0.0,0.0,0.0,0.0,0.0
645,829,157,196,429,True,True,22,22,3,5,1,9.0,10.0,0.22727272727272727,0.13636363636363635,0.22727272727272727
645,830,157,196,509,True,False,22,22,0,0,0,0.0,0.0,0.0,0.0,0.0
646,905,157,229,79,True,False,21,21,0,0,0,0.0,0.0,0.0,0.0,0.0
646,906,157,229,126,True,False,21,21,0,0,0,0.0,0.0,0.0,0.0,0.0
646,907,157,229,149,True,False,21,21,0,0,0,0.0,0.0,0.0,0.0,0.0
646,908,157,229,157,True,False,21,21,0,0,0,0.0,0.0,0.0,0.0,0.0
646,909,157,229,184,True,True,21,21,5,55,1,0.0,1.0,2.619047619047619,0.23809523809523808,2.619047619047619
646,910,157,229,230,True,False,21,21,0,0,0,0.0,0.0,0.0,0.0,0.0
646,911,157,229,315,True,False,21,21,0,0,0,0.0,0.0,0.0,0.0,0.0
647,912,157,230,4,True,False,13,13,0,0,0,0.0,0.0,0.0,0.0,0.0
647,913,157,230,8,True,False,13,13,0,0,0,0.0,0.0,0.0,0.0,0.0
647,914,157,230,22,True,False,13,13,0,0,0,0.0,0.0,0.0,0.0,0.0
647,915,157,230,50,True,False,13,13,0,0,0,0.0,0.0,0.0,0.0,0.0
647,916,157,230,79,True,False,13,13,0,0,0,0.0,0.0,0.0,0.0,0.0
647,917,157,230,80,True,False,13,13,0,0,0,0.0,0.0,0.0,0.0,0.0
647,918,157,230,100,True,False,13,13,0,0,0,0.0,0.0,0.0,0.0,0.0
647,919,157,230,149,True,False,13,13,0,0,0,0.0,0.0,0.0,0.0,0.0
647,920,157,230,151,True,False,13,13,0,0,0,0.0,0.0,0.0,0.0,0.0
647,921,157,230,171,True,False,13,13,0,0,0,0.0,0.0,0.0,0.0,0.0
647,922,157,230,184,True,True,13,13,4,27,1,0.0,1.0,2.076923076923077,0.3076923076923077,2.076923076923077
647,923,157,230,288,True,False,13,13,0,0,0,0.0,0.0,0.0,0.0,0.0
647,924,157,230,311,True,False,13,13,0,0,0,0.0,0.0,0.0,0.0,0.0
647,925,157,230,390,True,False,13,13,0,0,0,0.0,0.0,0.0,0.0,0.0
647,926,157,230,485,True,False,13,13,0,0,0,0.0,0.0,0.0,0.0,0.0
648,1145,157,279,23,True,False,29,29,0,0,0,0.0,0.0,0.0,0.0,0.0
648,1146,157,279,143,True,False,29,29,0,0,0,0.0,0.0,0.0,0.0,0.0
648,1147,157,279,157,True,False,29,29,0,0,0,0.0,0.0,0.0,0.0,0.0
648,1148,157,279,161,True,False,29,29,0,0,0,0.0,0.0,0.0,0.0,0.0
648,1149,157,279,208,True,False,29,29,0,0,0,0.0,0.0,0.0,0.0,0.0
648,1150,157,279,440,True,False,29,29,0,0,0,0.0,0.0,0.0,0.0,0.0
648,1151,157,279,474,True,False,29,29,0,0,0,0.0,0.0,0.0,0.0,0.0
648,1152,157,279,509,True,False,29,29,0,0,0,0.0,0.0,0.0,0.0,0.0
649,1263,157,315,50,True,False,5,5,0,0,0,0.0,0.0,0.0,0.0,0.0
649,1264,157,315,100,True,False,5,5,0,0,0,0.0,0.0,0.0,0.0,0.0
649,1265,157,315,184,True,False,5,5,0,0,0,0.0,0.0,0.0,0.0,0.0
649,1266,157,315,229,True,False,5,5,0,0,0,0.0,0.0,0.0,0.0,0.0
649,1267,157,315,230,True,True,5,5,5,11,2,0.0,0.0,2.2,1.0,2.2
649,1268,157,315,485,True,False,5,5,0,0,0,0.0,0.0,0.0,0.0,0.0
650,1462,157,375,28,True,False,41,41,0,0,0,0.0,0.0,0.0,0.0,0.0
650,1463,157,375,161,True,True,41,41,1,1,1,0.0,0.0,0.024390243902439025,0.024390243902439025,0.024390243902439025
650,1464,157,375,163,True,True,41,41,3,6,1,3.0,4.0,0.14634146341463414,0.07317073170731707,0.14634146341463414
650,1465,157,375,167,True,False,41,41,0,0,0,0.0,0.0,0.0,0.0,0.0
650,1466,157,375,271,True,True,41,41,9,46,5,0.0,3.0,1.1219512195121952,0.21951219512195122,1.1219512195121952
650,1467,157,375,355,True,False,41,41,0,0,0,0.0,0.0,0.0,0.0,0.0
650,1468,157,375,369,True,True,41,41,34,259,10,0.0,2.0,6.317073170731708,0.8292682926829268,6.317073170731708
650,1469,157,375,410,True,True,41,41,3,9,1,2.0,4.0,0.21951219512195122,0.07317073170731707,0.21951219512195122
650,1470,157,375,429,True,True,41,41,5,27,2,1.0,4.0,0.6585365853658537,0.12195121951219512,0.6585365853658537
651,1543,157,389,23,True,False,26,26,0,0,0,0.0,0.0,0.0,0.0,0.0
651,1544,157,389,58,True,True,26,26,14,195,2,0.0,3.0,7.5,0.5384615384615384,7.5
651,1545,157,389,84,True,False,26,26,0,0,0,0.0,0.0,0.0,0.0,0.0
651,1546,157,389,85,True,False,26,26,0,0,0,0.0,0.0,0.0,0.0,0.0
651,1547,157,389,115,True,False,26,26,0,0,0,0.0,0.0,0.0,0.0,0.0
651,1548,157,389,157,True,True,26,26,1,1,1,0.0,0.0,0.038461538461538464,0.038461538461538464,0.038461538461538464
651,1549,157,389,208,True,False,26,26,0,0,0,0.0,0.0,0.0,0.0,0.0
651,1550,157,389,296,True,True,26,26,3,4,1,9.0,10.0,0.15384615384615385,0.11538461538461539,0.15384615384615385
651,1551,157,389,385,True,False,26,26,0,0,0,0.0,0.0,0.0,0.0,0.0
651,1552,157,389,474,True,False,26,26,0,0,0,0.0,0.0,0.0,0.0,0.0
652,1583,157,402,7,True,False,9,9,0,0,0,0.0,0.0,0.0,0.0,0.0
652,1584,157,402,24,True,False,9,9,0,0,0,0.0,0.0,0.0,0.0,0.0
652,1585,157,402,77,True,False,9,9,0,0,0,0.0,0.0,0.0,0.0,0.0
652,1586,157,402,84,True,False,9,9,0,0,0,0.0,0.0,0.0,0.0,0.0
652,1587,157,402,98,True,False,9,9,0,0,0,0.0,0.0,0.0,0.0,0.0
652,1588,157,402,115,True,False,9,9,0,0,0,0.0,0.0,0.0,0.0,0.0
652,1589,157,402,147,True,False,9,9,0,0,0,0.0,0.0,0.0,0.0,0.0
652,1590,157,402,217,True,False,9,9,0,0,0,0.0,0.0,0.0,0.0,0.0
652,1591,157,402,247,True,False,9,9,0,0,0,0.0,0.0,0.0,0.0,0.0
652,1592,157,402,309,True,True,9,9,4,9,1,0.0,0.0,1.0,0.4444444444444444,1.0
652,1593,157,402,316,True,False,9,9,0,0,0,0.0,0.0,0.0,0.0,0.0
652,1594,157,402,352,True,False,9,9,0,0,0,0.0,0.0,0.0,0.0,0.0
652,1595,157,402,375,True,True,9,9,5,15,1,0.0,0.0,1.6666666666666667,0.5555555555555556,1.6666666666666667
652,1596,157,402,385,True,False,9,9,0,0,0,0.0,0.0,0.0,0.0,0.0
652,1597,157,402,474,True,True,9,9,4,4,1,0.0,0.5,0.4444444444444444,0.4444444444444444,0.4444444444444444
653,1678,157,432,7,True,False,14,14,0,0,0,0.0,0.0,0.0,0.0,0.0
653,1679,157,432,88,True,False,14,14,0,0,0,0.0,0.0,0.0,0.0,0.0
653,1680,157,432,143,True,False,14,14,0,0,0,0.0,0.0,0.0,0.0,0.0
653,1681,157,432,157,True,True,14,14,3,6,1,0.0,0.5,0.42857142857142855,0.21428571428571427,0.42857142857142855
653,1682,157,432,161,True,False,14,14,0,0,0,0.0,0.0,0.0,0.0,0.0
653,1683,157,432,233,True,False,14,14,0,0,0,0.0,0.0,0.0,0.0,0.0
653,1684,157,432,279,True,False,14,14,0,0,0,0.0,0.0,0.0,0.0,0.0
653,1685,157,432,440,True,False,14,14,0,0,0,0.0,0.0,0.0,0.0,0.0
653,1686,157,432,474,True,False,14,14,0,0,0,0.0,0.0,0.0,0.0,0.0
654,1703,157,440,7,True,False,14,14,0,0,0,0.0,0.0,0.0,0.0,0.0
654,1704,157,440,28,True,True,14,14,10,150,2,1.0,6.0,10.714285714285714,0.7142857142857143,10.714285714285714
654,1705,157,440,143,True,False,14,14,0,0,0,0.0,0.0,0.0,0.0,0.0
654,1706,157,440,161,True,False,14,14,0,0,0,0.0,0.0,0.0,0.0,0.0
654,1707,157,440,167,True,True,14,14,2,14,1,0.0,0.0,1.0,0.14285714285714285,1.0
654,1708,157,440,261,True,False,14,14,0,0,0,0.0,0.0,0.0,0.0,0.0
654,1709,157,440,263,True,False,14,14,0,0,0,0.0,0.0,0.0,0.0,0.0
654,1710,157,440,318,True,False,14,14,0,0,0,0.0,0.0,0.0,0.0,0.0
654,1711,157,440,321,True,False,14,14,0,0,0,0.0,0.0,0.0,0.0,0.0
654,1712,157,440,509,True,False,14,14,0,0,0,0.0,0.0,0.0,0.0,0.0
655,1782,157,474,7,True,False,10,10,0,0,0,0.0,0.0,0.0,0.0,0.0
655,1783,157,474,37,True,False,10,10,0,0,0,0.0,0.0,0.0,0.0,0.0
655,1784,157,474,39,True,False,10,10,0,0,0,0.0,0.0,0.0,0.0,0.0
655,1785,157,474,58,True,False,10,10,0,0,0,0.0,0.0,0.0,0.0,0.0
655,1786,157,474,84,True,False,10,10,0,0,0,0.0,0.0,0.0,0.0,0.0
655,1787,157,474,88,True,True,10,10,4,60,2,0.0,3.0,6.0,0.4,6.0
655,1788,157,474,115,True,False,10,10,0,0,0,0.0,0.0,0.0,0.0,0.0
655,1789,157,474,125,True,False,10,10,0,0,0,0.0,0.0,0.0,0.0,0.0
655,1790,157,474,143,True,False,10,10,0,0,0,0.0,0.0,0.0,0.0,0.0
655,1791,157,474,217,True,False,10,10,0,0,0,0.0,0.0,0.0,0.0,0.0
655,1792,157,474,243,True,False,10,10,0,0,0,0.0,0.0,0.0,0.0,0.0
655,1793,157,474,261,True,False,10,10,0,0,0,0.0,0.0,0.0,0.0,0.0
655,1794,157,474,279,True,False,10,10,0,0,0,0.0,0.0,0.0,0.0,0.0
655,1795,157,474,309,True,False,10,10,0,0,0,0.0,0.0,0.0,0.0,0.0
655,1796,157,474,317,True,False,10,10,0,0,0,0.0,0.0,0.0,0.0,0.0
655,1797,157,474,321,True,True,10,10,3,45,1,0.0,4.0,4.5,0.3,4.5
655,1798,157,474,385,True,False,10,10,0,0,0,0.0,0.0,0.0,0.0,0.0
655,1799,157,474,389,True,False,10,10,0,0,0,0.0,0.0,0.0,0.0,0.0
655,1800,157,474,402,True,False,10,10,0,0,0,0.0,0.0,0.0,0.0,0.0
656,172,161,28,1,True,False,48,48,0,0,0,0.0,0.0,0.0,0.0,0.0
656,173,161,28,56,True,False,48,48,0,0,0,0.0,0.0,0.0,0.0,0.0
656,174,161,28,222,True,False,48,48,0,0,0,0.0,0.0,0.0,0.0,0.0
656,175,161,28,271,True,False,48,48,0,0,0,0.0,0.0,0.0,0.0,0.0
656,176,161,28,318,True,True,48,48,1,9,1,4.0,6.0,0.1875,0.020833333333333332,0.1875
656,177,161,28,326,True,False,48,48,0,0,0,0.0,0.0,0.0,0.0,0.0
656,178,161,28,347,True,True,48,48,3,36,2,3.0,6.0,0.75,0.0625,0.75
656,179,161,28,355,True,True,48,48,30,200,2,0.0,6.0,4.166666666666667,0.625,4.166666666666667
656,180,161,28,369,True,True,48,48,15,41,1,0.0,2.0,0.8541666666666666,0.3125,0.8541666666666666
656,181,161,28,410,True,True,48,48,15,50,1,0.0,2.0,1.0416666666666667,0.3125,1.0416666666666667
656,182,161,28,429,True,True,48,48,30,129,2,0.0,2.0,2.6875,0.625,2.6875
657,548,161,143,7,True,False,89,89,0,0,0,0.0,0.0,0.0,0.0,0.0
657,549,161,143,88,True,False,89,89,0,0,0,0.0,0.0,0.0,0.0,0.0
657,550,161,143,133,True,False,89,89,0,0,0,0.0,0.0,0.0,0.0,0.0
657,551,161,143,161,True,False,89,89,0,0,0,0.0,0.0,0.0,0.0,0.0
657,552,161,143,163,True,True,89,89,15,135,1,1.0,6.0,1.5168539325842696,0.16853932584269662,1.5168539325842696
657,553,161,143,233,True,False,89,89,0,0,0,0.0,0.0,0.0,0.0,0.0
657,554,161,143,279,True,True,89,89,1,15,1,0.0,3.0,0.16853932584269662,0.011235955056179775,0.16853932584269662
657,555,161,143,432,True,True,89,89,48,458,4,0.0,5.0,5.146067415730337,0.5393258426966292,5.146067415730337
657,556,161,143,440,True,True,89,89,5,5,1,0.0,0.0,0.056179775280898875,0.056179775280898875,0.056179775280898875
657,557,161,143,474,True,False,89,89,0,0,0,0.0,0.0,0.0,0.0,0.0
658,636,161,157,28,True,True,46,46,5,46,1,0.0,2.0,1.0,0.10869565217391304,1.0
658,637,161,157,77,True,False,46,46,0,0,0,0.0,0.0,0.0,0.0,0.0
658,638,161,157,79,True,False,46,46,0,0,0,0.0,0.0,0.0,0.0,0.0
658,639,161,157,84,True,False,46,46,0,0,0,0.0,0.0,0.0,0.0,0.0
658,640,161,157,85,True,False,46,46,0,0,0,0.0,0.0,0.0,0.0,0.0
658,641,161,157,88,True,False,46,46,0,0,0,0.0,0.0,0.0,0.0,0.0
658,642,161,157,143,True,False,46,46,0,0,0,0.0,0.0,0.0,0.0,0.0
658,643,161,157,161,True,True,46,46,4,12,1,0.0,0.0,0.2608695652173913,0.08695652173913043,0.2608695652173913
658,644,161,157,167,True,False,46,46,0,0,0,0.0,0.0,0.0,0.0,0.0
658,645,161,157,196,True,False,46,46,0,0,0,0.0,0.0,0.0,0.0,0.0
658,646,161,157,229,True,False,46,46,0,0,0,0.0,0.0,0.0,0.0,0.0
658,647,161,157,230,True,False,46,46,0,0,0,0.0,0.0,0.0,0.0,0.0
658,648,161,157,279,True,False,46,46,0,0,0,0.0,0.0,0.0,0.0,0.0
658,649,161,157,315,True,False,46,46,0,0,0,0.0,0.0,0.0,0.0,0.0
658,650,161,157,375,True,True,46,46,16,20,4,0.0,0.0,0.43478260869565216,0.34782608695652173,0.43478260869565216
658,651,161,157,389,True,False,46,46,0,0,0,0.0,0.0,0.0,0.0,0.0
658,652,161,157,402,True,False,46,46,0,0,0,0.0,0.0,0.0,0.0,0.0
658,653,161,157,432,True,False,46,46,0,0,0,0.0,0.0,0.0,0.0,0.0
658,654,161,157,440,True,False,46,46,0,0,0,0.0,0.0,0.0,0.0,0.0
658,655,161,157,474,True,False,46,46,0,0,0,0.0,0.0,0.0,0.0,0.0
659,688,161,167,7,True,False,48,48,0,0,0,0.0,0.0,0.0,0.0,0.0
659,689,161,167,88,True,True,48,48,1,14,1,0.0,2.0,0.2916666666666667,0.020833333333333332,0.2916666666666667
659,690,161,167,133,True,False,48,48,0,0,0,0.0,0.0,0.0,0.0,0.0
659,691,161,167,143,True,True,48,48,13,156,2,0.0,3.0,3.25,0.2708333333333333,3.25
659,692,161,167,157,True,False,48,48,0,0,0,0.0,0.0,0.0,0.0,0.0
659,693,161,167,161,True,False,48,48,0,0,0,0.0,0.0,0.0,0.0,0.0
659,694,161,167,196,True,False,48,48,0,0,0,0.0,0.0,0.0,0.0,0.0
659,695,161,167,261,True,False,48,48,0,0,0,0.0,0.0,0.0,0.0,0.0
659,696,161,167,279,True,False,48,48,0,0,0,0.0,0.0,0.0,0.0,0.0
659,697,161,167,290,True,False,48,48,0,0,0,0.0,0.0,0.0,0.0,0.0
659,698,161,167,316,True,False,48,48,0,0,0,0.0,0.0,0.0,0.0,0.0
659,699,161,167,432,True,False,48,48,0,0,0,0.0,0.0,0.0,0.0,0.0
659,700,161,167,440,True,True,48,48,1,5,1,0.0,0.0,0.10416666666666667,0.020833333333333332,0.10416666666666667
659,701,161,167,474,True,False,48,48,0,0,0,0.0,0.0,0.0,0.0,0.0
659,702,161,167,509,True,False,48,48,0,0,0,0.0,0.0,0.0,0.0,0.0
660,1441,161,369,56,True,False,21,21,0,0,0,0.0,0.0,0.0,0.0,0.0
660,1442,161,369,146,True,False,21,21,0,0,0,0.0,0.0,0.0,0.0,0.0
660,1443,161,369,163,True,False,21,21,0,0,0,0.0,0.0,0.0,0.0,0.0
660,1444,161,369,164,True,False,21,21,0,0,0,0.0,0.0,0.0,0.0,0.0
660,1445,161,369,207,True,False,21,21,0,0,0,0.0,0.0,0.0,0.0,0.0
660,1446,161,369,271,True,False,21,21,0,0,0,0.0,0.0,0.0,0.0,0.0
660,1447,161,369,329,True,False,21,21,0,0,0,0.0,0.0,0.0,0.0,0.0
660,1448,161,369,355,True,False,21,21,0,0,0,0.0,0.0,0.0,0.0,0.0
660,1449,161,369,371,True,True,21,21,9,44,1,0.0,3.0,2.0952380952380953,0.42857142857142855,2.0952380952380953
660,1450,161,369,375,True,True,21,21,12,51,1,0.0,1.0,2.4285714285714284,0.5714285714285714,2.4285714285714284
660,1451,161,369,410,True,False,21,21,0,0,0,0.0,0.0,0.0,0.0,0.0
660,1452,161,369,414,True,False,21,21,0,0,0,0.0,0.0,0.0,0.0,0.0
660,1453,161,369,429,True,True,21,21,9,36,1,0.0,4.0,1.7142857142857142,0.42857142857142855,1.7142857142857142
661,1462,161,375,28,True,False,69,69,0,0,0,0.0,0.0,0.0,0.0,0.0
661,1463,161,375,161,True,True,69,69,3,3,1,0.0,0.0,0.043478260869565216,0.043478260869565216,0.043478260869565216
661,1464,161,375,163,True,False,69,69,0,0,0,0.0,0.0,0.0,0.0,0.0
661,1465,161,375,167,True,True,69,69,3,9,1,0.0,0.0,0.13043478260869565,0.043478260869565216,0.13043478260869565
661,1466,161,375,271,True,True,69,69,23,97,5,0.0,3.0,1.4057971014492754,0.3333333333333333,1.4057971014492754
661,1467,161,375,355,True,False,69,69,0,0,0,0.0,0.0,0.0,0.0,0.0
661,1468,161,375,369,True,True,69,69,49,471,7,0.0,5.0,6.826086956521739,0.7101449275362319,6.826086956521739
661,1469,161,375,410,True,False,69,69,0,0,0,0.0,0.0,0.0,0.0,0.0
661,1470,161,375,429,True,False,69,69,0,0,0,0.0,0.0,0.0,0.0,0.0
662,1580,161,398,56,True,False,11,11,0,0,0,0.0,0.0,0.0,0.0,0.0
662,1581,161,398,207,True,False,11,11,0,0,0,0.0,0.0,0.0,0.0,0.0
662,1582,161,398,355,True,False,11,11,0,0,0,0.0,0.0,0.0,0.0,0.0
663,1703,161,440,7,True,False,35,35,0,0,0,0.0,0.0,0.0,0.0,0.0
663,1704,161,440,28,True,True,35,35,29,240,3,0.0,1.0,6.857142857142857,0.8285714285714286,6.857142857142857
663,1705,161,440,143,True,True,35,35,4,20,1,0.0,0.0,0.5714285714285714,0.11428571428571428,0.5714285714285714
663,1706,161,440,161,True,False,35,35,0,0,0,0.0,0.0,0.0,0.0,0.0
663,1707,161,440,167,True,False,35,35,0,0,0,0.0,0.0,0.0,0.0,0.0
663,1708,161,440,261,True,False,35,35,0,0,0,0.0,0.0,0.0,0.0,0.0
663,1709,161,440,263,True,False,35,35,0,0,0,0.0,0.0,0.0,0.0,0.0
663,1710,161,440,318,True,False,35,35,0,0,0,0.0,0.0,0.0,0.0,0.0
663,1711,161,440,321,True,False,35,35,0,0,0,0.0,0.0,0.0,0.0,0.0
663,1712,161,440,509,True,False,35,35,0,0,0,0.0,0.0,0.0,0.0,0.0
664,1808,161,485,8,True,False,19,19,0,0,0,0.0,0.0,0.0,0.0,0.0
664,1809,161,485,79,True,False,19,19,0,0,0,0.0,0.0,0.0,0.0,0.0
664,1810,161,485,100,True,False,19,19,0,0,0,0.0,0.0,0.0,0.0,0.0
664,1811,161,485,149,True,False,19,19,0,0,0,0.0,0.0,0.0,0.0,0.0
664,1812,161,485,151,True,False,19,19,0,0,0,0.0,0.0,0.0,0.0,0.0
664,1813,161,485,161,True,False,19,19,0,0,0,0.0,0.0,0.0,0.0,0.0
664,1814,161,485,167,True,True,19,19,3,15,1,0.0,0.0,0.7894736842105263,0.15789473684210525,0.7894736842105263
664,1815,161,485,170,True,False,19,19,0,0,0,0.0,0.0,0.0,0.0,0.0
664,1816,161,485,230,True,False,19,19,0,0,0,0.0,0.0,0.0,0.0,0.0
664,1817,161,485,315,True,False,19,19,0,0,0,0.0,0.0,0.0,0.0,0.0
664,1818,161,485,405,True,False,19,19,0,0,0,0.0,0.0,0.0,0.0,0.0
665,1049,163,259,1,True,False,87,87,0,0,0,0.0,0.0,0.0,0.0,0.0
665,1050,163,259,30,True,True,87,87,1,3,1,0.0,0.0,0.034482758620689655,0.011494252873563218,0.034482758620689655
665,1051,163,259,109,True,False,87,87,0,0,0,0.0,0.0,0.0,0.0,0.0
665,1052,163,259,146,True,False,87,87,0,0,0,0.0,0.0,0.0,0.0,0.0
665,1053,163,259,149,True,False,87,87,0,0,0,0.0,0.0,0.0,0.0,0.0
665,1054,163,259,163,True,True,87,87,4,5,2,0.0,0.0,0.05747126436781609,0.04597701149425287,0.05747126436781609
665,1055,163,259,247,True,True,87,87,3,12,2,0.0,0.0,0.13793103448275862,0.034482758620689655,0.13793103448275862
665,1056,163,259,252,True,True,87,87,1,3,1,0.0,0.0,0.034482758620689655,0.011494252873563218,0.034482758620689655
665,1057,163,259,263,True,True,87,87,1,1,1,0.0,0.0,0.011494252873563218,0.011494252873563218,0.011494252873563218
665,1058,163,259,288,True,True,87,87,5,23,2,0.0,0.0,0.26436781609195403,0.05747126436781609,0.26436781609195403
665,1059,163,259,297,True,True,87,87,1,1,1,0.0,0.0,0.011494252873563218,0.011494252873563218,0.011494252873563218
665,1060,163,259,328,True,True,87,87,6,24,5,0.0,0.0,0.27586206896551724,0.06896551724137931,0.27586206896551724
665,1061,163,259,346,True,True,87,87,1,4,1,0.0,0.0,0.04597701149425287,0.011494252873563218,0.04597701149425287
665,1062,163,259,352,True,True,87,87,7,12,4,0.0,0.0,0.13793103448275862,0.08045977011494253,0.13793103448275862
665,1063,163,259,371,True,False,87,87,0,0,0,0.0,0.0,0.0,0.0,0.0
665,1064,163,259,382,True,True,87,87,3,15,2,0.0,0.0,0.1724137931034483,0.034482758620689655,0.1724137931034483
665,1065,163,259,398,True,True,87,87,2,2,1,0.0,0.5,0.022988505747126436,0.022988505747126436,0.022988505747126436
665,1066,163,259,404,True,False,87,87,0,0,0,0.0,0.0,0.0,0.0,0.0
665,1067,163,259,405,True,False,87,87,0,0,0,0.0,0.0,0.0,0.0,0.0
665,1068,163,259,410,True,True,87,87,3,15,2,0.0,0.0,0.1724137931034483,0.034482758620689655,0.1724137931034483
665,1069,163,259,494,True,True,87,87,3,4,2,0.0,0.0,0.04597701149425287,0.034482758620689655,0.04597701149425287
666,1164,163,288,4,True,False,8,8,0,0,0,0.0,0.0,0.0,0.0,0.0
666,1165,163,288,50,True,False,8,8,0,0,0,0.0,0.0,0.0,0.0,0.0
666,1166,163,288,63,True,False,8,8,0,0,0,0.0,0.0,0.0,0.0,0.0
666,1167,163,288,138,True,True,8,8,2,14,1,0.0,0.0,1.75,0.25,1.75
666,1168,163,288,164,True,False,8,8,0,0,0,0.0,0.0,0.0,0.0,0.0
666,1169,163,288,172,True,False,8,8,0,0,0,0.0,0.0,0.0,0.0,0.0
666,1170,163,288,259,True,False,8,8,0,0,0,0.0,0.0,0.0,0.0,0.0
667,1454,163,371,39,True,False,3,3,0,0,0,0.0,0.0,0.0,0.0,0.0
667,1455,163,371,126,True,False,3,3,0,0,0,0.0,0.0,0.0,0.0,0.0
667,1456,163,371,146,True,False,3,3,0,0,0,0.0,0.0,0.0,0.0,0.0
667,1457,163,371,163,True,False,3,3,0,0,0,0.0,0.0,0.0,0.0,0.0
667,1458,163,371,247,True,False,3,3,0,0,0,0.0,0.0,0.0,0.0,0.0
667,1459,163,371,252,True,False,3,3,0,0,0,0.0,0.0,0.0,0.0,0.0
667,1460,163,371,259,True,True,3,3,2,3,2,0.0,0.0,1.0,0.6666666666666666,1.0
667,1461,163,371,385,True,False,3,3,0,0,0,0.0,0.0,0.0,0.0,0.0
668,1629,163,410,146,True,False,5,5,0,0,0,0.0,0.0,0.0,0.0,0.0
668,1630,163,410,151,True,False,5,5,0,0,0,0.0,0.0,0.0,0.0,0.0
668,1631,163,410,164,True,True,5,5,2,9,1,0.0,2.0,1.8,0.4,1.8
668,1632,163,410,180,True,False,5,5,0,0,0,0.0,0.0,0.0,0.0,0.0
668,1633,163,410,205,True,False,5,5,0,0,0,0.0,0.0,0.0,0.0,0.0
668,1634,163,410,207,True,False,5,5,0,0,0,0.0,0.0,0.0,0.0,0.0
668,1635,163,410,271,True,False,5,5,0,0,0,0.0,0.0,0.0,0.0,0.0
668,1636,163,410,297,True,False,5,5,0,0,0,0.0,0.0,0.0,0.0,0.0
668,1637,163,410,355,True,False,5,5,0,0,0,0.0,0.0,0.0,0.0,0.0
668,1638,163,410,369,True,False,5,5,0,0,0,0.0,0.0,0.0,0.0,0.0
668,1639,163,410,405,True,False,5,5,0,0,0,0.0,0.0,0.0,0.0,0.0
668,1640,163,410,414,True,False,5,5,0,0,0,0.0,0.0,0.0,0.0,0.0
668,1641,163,410,429,True,False,5,5,0,0,0,0.0,0.0,0.0,0.0,0.0
668,1642,163,410,485,True,False,5,5,0,0,0,0.0,0.0,0.0,0.0,0.0
669,28,164,4,63,True,True,16,16,4,40,1,0.0,1.0,2.5,0.25,2.5
669,29,164,4,138,True,False,16,16,0,0,0,0.0,0.0,0.0,0.0,0.0
670,54,164,8,22,True,False,10,10,0,0,0,0.0,0.0,0.0,0.0,0.0
670,55,164,8,79,True,True,10,10,8,104,7,1.0,5.0,10.4,0.8,10.4
670,56,164,8,80,True,False,10,10,0,0,0,0.0,0.0,0.0,0.0,0.0
670,57,164,8,100,True,False,10,10,0,0,0,0.0,0.0,0.0,0.0,0.0
670,58,164,8,126,True,False,10,10,0,0,0,0.0,0.0,0.0,0.0,0.0
670,59,164,8,144,True,False,10,10,0,0,0,0.0,0.0,0.0,0.0,0.0
670,60,164,8,149,True,False,10,10,0,0,0,0.0,0.0,0.0,0.0,0.0
670,61,164,8,171,True,False,10,10,0,0,0,0.0,0.0,0.0,0.0,0.0
670,62,164,8,184,True,False,10,10,0,0,0,0.0,0.0,0.0,0.0,0.0
670,63,164,8,229,True,True,10,10,3,35,2,2.0,5.0,3.5,0.3,3.5
670,64,164,8,230,True,False,10,10,0,0,0,0.0,0.0,0.0,0.0,0.0
670,65,164,8,258,True,False,10,10,0,0,0,0.0,0.0,0.0,0.0,0.0
670,66,164,8,311,True,False,10,10,0,0,0,0.0,0.0,0.0,0.0,0.0
670,67,164,8,315,True,False,10,10,0,0,0,0.0,0.0,0.0,0.0,0.0
670,68,164,8,390,True,False,10,10,0,0,0,0.0,0.0,0.0,0.0,0.0
671,246,164,42,8,True,True,26,26,15,160,2,0.0,2.0,6.153846153846154,0.5769230769230769,6.153846153846154
671,247,164,42,10,True,False,26,26,0,0,0,0.0,0.0,0.0,0.0,0.0
671,248,164,42,149,True,False,26,26,0,0,0,0.0,0.0,0.0,0.0,0.0
671,249,164,42,151,True,True,26,26,14,111,4,0.0,1.0,4.269230769230769,0.5384615384615384,4.269230769230769
671,250,164,42,258,True,False,26,26,0,0,0,0.0,0.0,0.0,0.0,0.0
671,251,164,42,390,True,False,26,26,0,0,0,0.0,0.0,0.0,0.0,0.0
671,252,164,42,405,True,False,26,26,0,0,0,0.0,0.0,0.0,0.0,0.0
671,253,164,42,415,True,False,26,26,0,0,0,0.0,0.0,0.0,0.0,0.0
672,268,164,50,146,True,True,9,9,5,71,1,0.0,3.0,7.888888888888889,0.5555555555555556,7.888888888888889
672,269,164,50,288,True,False,9,9,0,0,0,0.0,0.0,0.0,0.0,0.0
672,270,164,50,315,True,False,9,9,0,0,0,0.0,0.0,0.0,0.0,0.0
673,304,164,63,8,True,True,36,36,16,99,2,0.0,3.0,2.75,0.4444444444444444,2.75
673,305,164,63,42,True,True,36,36,20,148,3,0.0,3.0,4.111111111111111,0.5555555555555556,4.111111111111111
673,306,164,63,80,True,False,36,36,0,0,0,0.0,0.0,0.0,0.0,0.0
673,307,164,63,118,True,False,36,36,0,0,0,0.0,0.0,0.0,0.0,0.0
673,308,164,63,138,True,False,36,36,0,0,0,0.0,0.0,0.0,0.0,0.0
673,309,164,63,146,True,True,36,36,15,121,1,0.0,2.0,3.361111111111111,0.4166666666666667,3.361111111111111
673,310,164,63,149,True,True,36,36,15,90,1,0.0,4.0,2.5,0.4166666666666667,2.5
673,311,164,63,151,True,True,36,36,5,11,3,0.0,0.0,0.3055555555555556,0.1388888888888889,0.3055555555555556
673,312,164,63,230,True,False,36,36,0,0,0,0.0,0.0,0.0,0.0,0.0
673,313,164,63,238,True,False,36,36,0,0,0,0.0,0.0,0.0,0.0,0.0
673,314,164,63,258,True,False,36,36,0,0,0,0.0,0.0,0.0,0.0,0.0
673,315,164,63,311,True,False,36,36,0,0,0,0.0,0.0,0.0,0.0,0.0
673,316,164,63,390,True,False,36,36,0,0,0,0.0,0.0,0.0,0.0,0.0
673,317,164,63,415,True,False,36,36,0,0,0,0.0,0.0,0.0,0.0,0.0
674,392,164,100,8,True,False,4,4,0,0,0,0.0,0.0,0.0,0.0,0.0
674,393,164,100,50,True,False,4,4,0,0,0,0.0,0.0,0.0,0.0,0.0
674,394,164,100,109,True,False,4,4,0,0,0,0.0,0.0,0.0,0.0,0.0
674,395,164,100,146,True,True,4,4,4,20,3,0.0,0.0,5.0,1.0,5.0
674,396,164,100,164,True,False,4,4,0,0,0,0.0,0.0,0.0,0.0,0.0
674,397,164,100,171,True,False,4,4,0,0,0,0.0,0.0,0.0,0.0,0.0
674,398,164,100,173,True,False,4,4,0,0,0,0.0,0.0,0.0,0.0,0.0
674,399,164,100,180,True,False,4,4,0,0,0,0.0,0.0,0.0,0.0,0.0
674,400,164,100,271,True,False,4,4,0,0,0,0.0,0.0,0.0,0.0,0.0
674,401,164,100,315,True,False,4,4,0,0,0,0.0,0.0,0.0,0.0,0.0
674,402,164,100,405,True,False,4,4,0,0,0,0.0,0.0,0.0,0.0,0.0
674,403,164,100,410,True,False,4,4,0,0,0,0.0,0.0,0.0,0.0,0.0
675,573,164,146,8,True,True,417,417,300,3521,22,0.0,3.0,8.443645083932854,0.7194244604316546,8.443645083932854
675,574,164,146,42,True,False,417,417,0,0,0,0.0,0.0,0.0,0.0,0.0
675,575,164,146,100,True,False,417,417,0,0,0,0.0,0.0,0.0,0.0,0.0
675,576,164,146,151,True,True,417,417,13,76,2,0.0,1.0,0.18225419664268586,0.03117505995203837,0.18225419664268586
675,577,164,146,230,True,True,417,417,60,174,4,0.0,7.0,0.4172661870503597,0.14388489208633093,0.4172661870503597
675,578,164,146,315,True,False,417,417,0,0,0,0.0,0.0,0.0,0.0,0.0
675,579,164,146,404,True,False,417,417,0,0,0,0.0,0.0,0.0,0.0,0.0
675,580,164,146,405,True,True,417,417,20,229,4,0.0,2.0,0.5491606714628298,0.047961630695443645,0.5491606714628298
675,581,164,146,485,True,True,417,417,34,456,4,0.0,5.0,1.0935251798561152,0.0815347721822542,1.0935251798561152
676,605,164,151,8,True,True,4,4,2,14,1,0.0,0.0,3.5,0.5,3.5
676,606,164,151,10,True,False,4,4,0,0,0,0.0,0.0,0.0,0.0,0.0
676,607,164,151,22,True,False,4,4,0,0,0,0.0,0.0,0.0,0.0,0.0
676,608,164,151,79,True,False,4,4,0,0,0,0.0,0.0,0.0,0.0,0.0
676,609,164,151,80,True,False,4,4,0,0,0,0.0,0.0,0.0,0.0,0.0
676,610,164,151,117,True,False,4,4,0,0,0,0.0,0.0,0.0,0.0,0.0
676,611,164,151,149,True,False,4,4,0,0,0,0.0,0.0,0.0,0.0,0.0
676,612,164,151,171,True,False,4,4,0,0,0,0.0,0.0,0.0,0.0,0.0
676,613,164,151,184,True,False,4,4,0,0,0,0.0,0.0,0.0,0.0,0.0
676,614,164,151,230,True,False,4,4,0,0,0,0.0,0.0,0.0,0.0,0.0
676,615,164,151,258,True,False,4,4,0,0,0,0.0,0.0,0.0,0.0,0.0
676,616,164,151,268,True,False,4,4,0,0,0,0.0,0.0,0.0,0.0,0.0
676,617,164,151,311,True,False,4,4,0,0,0,0.0,0.0,0.0,0.0,0.0
676,618,164,151,390,True,False,4,4,0,0,0,0.0,0.0,0.0,0.0,0.0
676,619,164,151,494,True,False,4,4,0,0,0,0.0,0.0,0.0,0.0,0.0
677,722,164,171,4,True,False,5,5,0,0,0,0.0,0.0,0.0,0.0,0.0
677,723,164,171,8,True,True,5,5,1,1,1,0.0,0.0,0.2,0.2,0.2
677,724,164,171,26,True,False,5,5,0,0,0,0.0,0.0,0.0,0.0,0.0
677,725,164,171,42,True,True,5,5,2,6,1,0.0,0.0,1.2,0.4,1.2
677,726,164,171,109,True,False,5,5,0,0,0,0.0,0.0,0.0,0.0,0.0
677,727,164,171,118,True,False,5,5,0,0,0,0.0,0.0,0.0,0.0,0.0
677,728,164,171,138,True,False,5,5,0,0,0,0.0,0.0,0.0,0.0,0.0
677,729,164,171,151,True,True,5,5,2,2,1,0.0,0.0,0.4,0.4,0.4
677,730,164,171,163,True,False,5,5,0,0,0,0.0,0.0,0.0,0.0,0.0
677,731,164,171,164,True,True,5,5,2,5,2,0.0,0.0,1.0,0.4,1.0
677,732,164,171,172,True,False,5,5,0,0,0,0.0,0.0,0.0,0.0,0.0
677,733,164,171,173,True,False,5,5,0,0,0,0.0,0.0,0.0,0.0,0.0
677,734,164,171,180,True,True,5,5,1,5,1,0.0,0.0,1.0,0.2,1.0
677,735,164,171,259,True,False,5,5,0,0,0,0.0,0.0,0.0,0.0,0.0
677,736,164,171,271,True,False,5,5,0,0,0,0.0,0.0,0.0,0.0,0.0
677,737,164,171,288,True,True,5,5,1,1,1,0.0,0.0,0.2,0.2,0.2
677,738,164,171,297,True,False,5,5,0,0,0,0.0,0.0,0.0,0.0,0.0
677,739,164,171,410,True,False,5,5,0,0,0,0.0,0.0,0.0,0.0,0.0
678,740,164,172,4,True,False,7,7,0,0,0,0.0,0.0,0.0,0.0,0.0
678,741,164,172,118,True,False,7,7,0,0,0,0.0,0.0,0.0,0.0,0.0
678,742,164,172,138,True,False,7,7,0,0,0,0.0,0.0,0.0,0.0,0.0
678,743,164,172,164,True,True,7,7,6,41,2,0.0,0.0,5.857142857142857,0.8571428571428571,5.857142857142857
678,744,164,172,173,True,False,7,7,0,0,0,0.0,0.0,0.0,0.0,0.0
678,745,164,172,180,True,True,7,7,1,5,1,0.0,0.0,0.7142857142857143,0.14285714285714285,0.7142857142857143
678,746,164,172,288,True,False,7,7,0,0,0,0.0,0.0,0.0,0.0,0.0
679,791,164,180,146,True,True,508,508,70,442,6,0.0,3.0,0.8700787401574803,0.1377952755905512,0.8700787401574803
679,792,164,180,297,True,False,508,508,0,0,0,0.0,0.0,0.0,0.0,0.0
679,793,164,180,410,True,True,508,508,417,2460,36,0.0,2.0,4.84251968503937,0.8208661417322834,4.84251968503937
679,794,164,180,414,True,True,508,508,277,2191,26,0.0,3.0,4.312992125984252,0.5452755905511811,4.312992125984252
680,1108,164,271,1,True,False,9,9,0,0,0,0.0,0.0,0.0,0.0,0.0
680,1109,164,271,28,True,False,9,9,0,0,0,0.0,0.0,0.0,0.0,0.0
680,1110,164,271,42,True,False,9,9,0,0,0,0.0,0.0,0.0,0.0,0.0
680,1111,164,271,56,True,False,9,9,0,0,0,0.0,0.0,0.0,0.0,0.0
680,1112,164,271,63,True,False,9,9,0,0,0,0.0,0.0,0.0,0.0,0.0
680,1113,164,271,146,True,True,9,9,1,3,1,0.0,0.0,0.3333333333333333,0.1111111111111111,0.3333333333333333
680,1114,164,271,164,True,True,9,9,3,3,3,0.0,0.0,0.3333333333333333,0.3333333333333333,0.3333333333333333
680,1115,164,271,171,True,False,9,9,0,0,0,0.0,0.0,0.0,0.0,0.0
680,1116,164,271,173,True,False,9,9,0,0,0,0.0,0.0,0.0,0.0,0.0
680,1117,164,271,180,True,True,9,9,8,40,7,0.0,0.0,4.444444444444445,0.8888888888888888,4.444444444444445
680,1118,164,271,196,True,False,9,9,0,0,0,0.0,0.0,0.0,0.0,0.0
680,1119,164,271,207,True,False,9,9,0,0,0,0.0,0.0,0.0,0.0,0.0
680,1120,164,271,222,True,False,9,9,0,0,0,0.0,0.0,0.0,0.0,0.0
680,1121,164,271,297,True,False,9,9,0,0,0,0.0,0.0,0.0,0.0,0.0
680,1122,164,271,355,True,False,9,9,0,0,0,0.0,0.0,0.0,0.0,0.0
680,1123,164,271,369,True,False,9,9,0,0,0,0.0,0.0,0.0,0.0,0.0
680,1124,164,271,410,True,True,9,9,2,2,2,0.0,0.0,0.2222222222222222,0.2222222222222222,0.2222222222222222
680,1125,164,271,429,True,False,9,9,0,0,0,0.0,0.0,0.0,0.0,0.0
681,1164,164,288,4,True,False,18,18,0,0,0,0.0,0.0,0.0,0.0,0.0
681,1165,164,288,50,True,False,18,18,0,0,0,0.0,0.0,0.0,0.0,0.0
681,1166,164,288,63,True,True,18,18,13,155,2,0.0,2.0,8.61111111111111,0.7222222222222222,8.61111111111111
681,1167,164,288,138,True,False,18,18,0,0,0,0.0,0.0,0.0,0.0,0.0
681,1168,164,288,164,True,True,18,18,5,25,2,0.0,0.0,1.3888888888888888,0.2777777777777778,1.3888888888888888
681,1169,164,288,172,True,False,18,18,0,0,0,0.0,0.0,0.0,0.0,0.0
681,1170,164,288,259,True,False,18,18,0,0,0,0.0,0.0,0.0,0.0,0.0
682,1629,164,410,146,True,True,18,18,6,58,3,0.0,3.0,3.2222222222222223,0.3333333333333333,3.2222222222222223
682,1630,164,410,151,True,False,18,18,0,0,0,0.0,0.0,0.0,0.0,0.0
682,1631,164,410,164,True,False,18,18,0,0,0,0.0,0.0,0.0,0.0,0.0
682,1632,164,410,180,True,True,18,18,13,59,7,0.0,0.0,3.2777777777777777,0.7222222222222222,3.2777777777777777
682,1633,164,410,205,True,False,18,18,0,0,0,0.0,0.0,0.0,0.0,0.0
682,1634,164,410,207,True,False,18,18,0,0,0,0.0,0.0,0.0,0.0,0.0
682,1635,164,410,271,True,False,18,18,0,0,0,0.0,0.0,0.0,0.0,0.0
682,1636,164,410,297,True,False,18,18,0,0,0,0.0,0.0,0.0,0.0,0.0
682,1637,164,410,355,True,False,18,18,0,0,0,0.0,0.0,0.0,0.0,0.0
682,1638,164,410,369,True,False,18,18,0,0,0,0.0,0.0,0.0,0.0,0.0
682,1639,164,410,405,True,False,18,18,0,0,0,0.0,0.0,0.0,0.0,0.0
682,1640,164,410,414,True,True,18,18,9,93,5,0.0,6.0,5.166666666666667,0.5,5.166666666666667
682,1641,164,410,429,True,False,18,18,0,0,0,0.0,0.0,0.0,0.0,0.0
682,1642,164,410,485,True,True,18,18,8,10,4,2.0,3.0,0.5555555555555556,0.4444444444444444,0.5555555555555556
683,506,166,138,42,True,False,4,4,0,0,0,0.0,0.0,0.0,0.0,0.0
683,507,166,138,63,True,False,4,4,0,0,0,0.0,0.0,0.0,0.0,0.0
683,508,166,138,151,True,False,4,4,0,0,0,0.0,0.0,0.0,0.0,0.0
683,509,166,138,171,True,False,4,4,0,0,0,0.0,0.0,0.0,0.0,0.0
683,510,166,138,258,True,False,4,4,0,0,0,0.0,0.0,0.0,0.0,0.0
683,511,166,138,288,True,False,4,4,0,0,0,0.0,0.0,0.0,0.0,0.0
683,512,166,138,340,True,False,4,4,0,0,0,0.0,0.0,0.0,0.0,0.0
683,513,166,138,415,True,False,4,4,0,0,0,0.0,0.0,0.0,0.0,0.0
684,740,166,172,4,True,True,485,485,39,309,4,3.0,8.0,0.6371134020618556,0.08041237113402062,0.6371134020618556
684,741,166,172,118,True,True,485,485,73,767,6,0.0,7.0,1.581443298969072,0.15051546391752577,1.581443298969072
684,742,166,172,138,True,True,485,485,226,2777,11,0.0,5.0,5.725773195876289,0.465979381443299,5.725773195876289
684,743,166,172,164,True,True,485,485,60,510,4,1.0,7.0,1.0515463917525774,0.12371134020618557,1.0515463917525774
684,744,166,172,173,True,True,485,485,7,51,1,0.0,0.0,0.10515463917525773,0.01443298969072165,0.10515463917525773
684,745,166,172,180,True,False,485,485,0,0,0,0.0,0.0,0.0,0.0,0.0
684,746,166,172,288,True,True,485,485,115,990,6,1.0,8.0,2.0412371134020617,0.23711340206185566,2.0412371134020617
685,747,166,173,1,True,False,16,16,0,0,0,0.0,0.0,0.0,0.0,0.0
685,748,166,173,42,True,False,16,16,0,0,0,0.0,0.0,0.0,0.0,0.0
685,749,166,173,118,True,True,16,16,3,36,1,3.0,6.0,2.25,0.1875,2.25
685,750,166,173,138,True,True,16,16,3,40,3,2.0,6.5,2.5,0.1875,2.5
685,751,166,173,146,True,False,16,16,0,0,0,0.0,0.0,0.0,0.0,0.0
685,752,166,173,171,True,False,16,16,0,0,0,0.0,0.0,0.0,0.0,0.0
685,753,166,173,222,True,False,16,16,0,0,0,0.0,0.0,0.0,0.0,0.0
685,754,166,173,271,True,False,16,16,0,0,0,0.0,0.0,0.0,0.0,0.0
685,755,166,173,297,True,False,16,16,0,0,0,0.0,0.0,0.0,0.0,0.0
685,756,166,173,340,True,True,16,16,4,14,2,6.0,7.5,0.875,0.25,0.875
685,757,166,173,405,True,False,16,16,0,0,0,0.0,0.0,0.0,0.0,0.0
686,1345,166,332,4,True,False,557,557,0,0,0,0.0,0.0,0.0,0.0,0.0
686,1346,166,332,118,True,True,557,557,45,280,3,0.0,4.0,0.5026929982046678,0.0807899461400359,0.5026929982046678
686,1347,166,332,138,True,True,557,557,19,24,2,0.0,1.0,0.04308797127468582,0.03411131059245961,0.04308797127468582
686,1348,166,332,172,True,True,557,557,225,2008,18,0.0,2.0,3.6050269299820465,0.40394973070017953,3.6050269299820465
686,1349,166,332,173,True,True,557,557,86,723,7,0.0,3.0,1.2980251346499103,0.15439856373429084,1.2980251346499103
687,1454,166,371,39,True,False,19,19,0,0,0,0.0,0.0,0.0,0.0,0.0
687,1455,166,371,126,True,False,19,19,0,0,0,0.0,0.0,0.0,0.0,0.0
687,1456,166,371,146,True,False,19,19,0,0,0,0.0,0.0,0.0,0.0,0.0
687,1457,166,371,163,True,False,19,19,0,0,0,0.0,0.0,0.0,0.0,0.0
687,1458,166,371,247,True,False,19,19,0,0,0,0.0,0.0,0.0,0.0,0.0
687,1459,166,371,252,True,False,19,19,0,0,0,0.0,0.0,0.0,0.0,0.0
687,1460,166,371,259,True,False,19,19,0,0,0,0.0,0.0,0.0,0.0,0.0
687,1461,166,371,385,True,False,19,19,0,0,0,0.0,0.0,0.0,0.0,0.0
688,42,167,7,28,True,False,14,14,0,0,0,0.0,0.0,0.0,0.0,0.0
688,43,167,7,77,True,False,14,14,0,0,0,0.0,0.0,0.0,0.0,0.0
688,44,167,7,133,True,False,14,14,0,0,0,0.0,0.0,0.0,0.0,0.0
688,45,167,7,143,True,False,14,14,0,0,0,0.0,0.0,0.0,0.0,0.0
688,46,167,7,167,True,False,14,14,0,0,0,0.0,0.0,0.0,0.0,0.0
688,47,167,7,196,True,True,14,14,1,14,1,0.0,2.0,1.0,0.07142857142857142,1.0
688,48,167,7,222,True,False,14,14,0,0,0,0.0,0.0,0.0,0.0,0.0
688,49,167,7,290,True,False,14,14,0,0,0,0.0,0.0,0.0,0.0,0.0
688,50,167,7,318,True,True,14,14,7,13,1,9.0,10.0,0.9285714285714286,0.5,0.9285714285714286
688,51,167,7,347,True,False,14,14,0,0,0,0.0,0.0,0.0,0.0,0.0
688,52,167,7,474,True,False,14,14,0,0,0,0.0,0.0,0.0,0.0,0.0
688,53,167,7,509,True,True,14,14,1,1,1,0.0,0.0,0.07142857142857142,0.07142857142857142,0.07142857142857142
689,384,167,88,23,True,False,90,90,0,0,0,0.0,0.0,0.0,0.0,0.0
689,385,167,88,157,True,True,90,90,14,155,1,0.0,1.0,1.7222222222222223,0.15555555555555556,1.7222222222222223
689,386,167,88,161,True,False,90,90,0,0,0,0.0,0.0,0.0,0.0,0.0
690,500,167,133,7,True,False,14,14,0,0,0,0.0,0.0,0.0,0.0,0.0
690,501,167,133,157,True,False,14,14,0,0,0,0.0,0.0,0.0,0.0,0.0
690,502,167,133,196,True,True,14,14,2,10,1,0.0,0.0,0.7142857142857143,0.14285714285714285,0.7142857142857143
690,503,167,133,222,True,False,14,14,0,0,0,0.0,0.0,0.0,0.0,0.0
690,504,167,133,415,True,False,14,14,0,0,0,0.0,0.0,0.0,0.0,0.0
690,505,167,133,432,True,True,14,14,12,99,1,0.0,1.0,7.071428571428571,0.8571428571428571,7.071428571428571
691,548,167,143,7,True,False,77,77,0,0,0,0.0,0.0,0.0,0.0,0.0
691,549,167,143,88,True,False,77,77,0,0,0,0.0,0.0,0.0,0.0,0.0
691,550,167,143,133,True,False,77,77,0,0,0,0.0,0.0,0.0,0.0,0.0
691,551,167,143,161,True,False,77,77,0,0,0,0.0,0.0,0.0,0.0,0.0
691,552,167,143,163,True,False,77,77,0,0,0,0.0,0.0,0.0,0.0,0.0
691,553,167,143,233,True,True,77,77,15,44,1,0.0,3.0,0.5714285714285714,0.19480519480519481,0.5714285714285714
691,554,167,143,279,True,False,77,77,0,0,0,0.0,0.0,0.0,0.0,0.0
691,555,167,143,432,True,True,77,77,49,438,5,0.0,3.0,5.688311688311688,0.6363636363636364,5.688311688311688
691,556,167,143,440,True,True,77,77,11,23,1,0.0,1.0,0.2987012987012987,0.14285714285714285,0.2987012987012987
691,557,167,143,474,True,False,77,77,0,0,0,0.0,0.0,0.0,0.0,0.0
692,636,167,157,28,True,True,18,18,6,60,1,0.0,3.0,3.3333333333333335,0.3333333333333333,3.3333333333333335
692,637,167,157,77,True,False,18,18,0,0,0,0.0,0.0,0.0,0.0,0.0
692,638,167,157,79,True,False,18,18,0,0,0,0.0,0.0,0.0,0.0,0.0
692,639,167,157,84,True,False,18,18,0,0,0,0.0,0.0,0.0,0.0,0.0
692,640,167,157,85,True,False,18,18,0,0,0,0.0,0.0,0.0,0.0,0.0
692,641,167,157,88,True,False,18,18,0,0,0,0.0,0.0,0.0,0.0,0.0
692,642,167,157,143,True,False,18,18,0,0,0,0.0,0.0,0.0,0.0,0.0
692,643,167,157,161,True,False,18,18,0,0,0,0.0,0.0,0.0,0.0,0.0
692,644,167,157,167,True,False,18,18,0,0,0,0.0,0.0,0.0,0.0,0.0
692,645,167,157,196,True,False,18,18,0,0,0,0.0,0.0,0.0,0.0,0.0
692,646,167,157,229,True,False,18,18,0,0,0,0.0,0.0,0.0,0.0,0.0
692,647,167,157,230,True,False,18,18,0,0,0,0.0,0.0,0.0,0.0,0.0
692,648,167,157,279,True,False,18,18,0,0,0,0.0,0.0,0.0,0.0,0.0
692,649,167,157,315,True,False,18,18,0,0,0,0.0,0.0,0.0,0.0,0.0
692,650,167,157,375,True,True,18,18,6,18,1,3.0,5.0,1.0,0.3333333333333333,1.0
692,651,167,157,389,True,False,18,18,0,0,0,0.0,0.0,0.0,0.0,0.0
692,652,167,157,402,True,False,18,18,0,0,0,0.0,0.0,0.0,0.0,0.0
692,653,167,157,432,True,False,18,18,0,0,0,0.0,0.0,0.0,0.0,0.0
692,654,167,157,440,True,False,18,18,0,0,0,0.0,0.0,0.0,0.0,0.0
692,655,167,157,474,True,False,18,18,0,0,0,0.0,0.0,0.0,0.0,0.0
693,656,167,161,28,True,False,141,141,0,0,0,0.0,0.0,0.0,0.0,0.0
693,657,167,161,143,True,True,141,141,21,63,2,0.0,0.0,0.44680851063829785,0.14893617021276595,0.44680851063829785
693,658,167,161,157,True,True,141,141,23,78,3,0.0,0.0,0.5531914893617021,0.16312056737588654,0.5531914893617021
693,659,167,161,167,True,True,141,141,19,118,3,0.0,0.5,0.8368794326241135,0.1347517730496454,0.8368794326241135
693,660,167,161,369,True,False,141,141,0,0,0,0.0,0.0,0.0,0.0,0.0
693,661,167,161,375,True,True,141,141,11,111,2,0.0,6.0,0.7872340425531915,0.07801418439716312,0.7872340425531915
693,662,167,161,398,True,False,141,141,0,0,0,0.0,0.0,0.0,0.0,0.0
693,663,167,161,440,True,False,141,141,0,0,0,0.0,0.0,0.0,0.0,0.0
693,664,167,161,485,True,False,141,141,0,0,0,0.0,0.0,0.0,0.0,0.0
694,820,167,196,1,True,False,18,18,0,0,0,0.0,0.0,0.0,0.0,0.0
694,821,167,196,28,True,False,18,18,0,0,0,0.0,0.0,0.0,0.0,0.0
694,822,167,196,133,True,False,18,18,0,0,0,0.0,0.0,0.0,0.0,0.0
694,823,167,196,207,True,False,18,18,0,0,0,0.0,0.0,0.0,0.0,0.0
694,824,167,196,222,True,True,18,18,3,5,1,9.0,10.0,0.2777777777777778,0.16666666666666666,0.2777777777777778
694,825,167,196,263,True,False,18,18,0,0,0,0.0,0.0,0.0,0.0,0.0
694,826,167,196,271,True,False,18,18,0,0,0,0.0,0.0,0.0,0.0,0.0
694,827,167,196,299,True,False,18,18,0,0,0,0.0,0.0,0.0,0.0,0.0
694,828,167,196,318,True,False,18,18,0,0,0,0.0,0.0,0.0,0.0,0.0
694,829,167,196,429,True,False,18,18,0,0,0,0.0,0.0,0.0,0.0,0.0
694,830,167,196,509,True,True,18,18,6,34,1,0.0,0.0,1.8888888888888888,0.3333333333333333,1.8888888888888888
695,1070,167,261,23,True,False,137,137,0,0,0,0.0,0.0,0.0,0.0,0.0
695,1071,167,261,157,True,False,137,137,0,0,0,0.0,0.0,0.0,0.0,0.0
695,1072,167,261,321,True,True,137,137,17,226,3,0.0,2.0,1.6496350364963503,0.12408759124087591,1.6496350364963503
695,1073,167,261,440,True,True,137,137,5,5,1,0.0,0.0,0.0364963503649635,0.0364963503649635,0.0364963503649635
695,1074,167,261,481,True,False,137,137,0,0,0,0.0,0.0,0.0,0.0,0.0
696,1145,167,279,23,True,False,111,111,0,0,0,0.0,0.0,0.0,0.0,0.0
696,1146,167,279,143,True,False,111,111,0,0,0,0.0,0.0,0.0,0.0,0.0
696,1147,167,279,157,True,True,111,111,9,65,1,0.0,0.0,0.5855855855855856,0.08108108108108109,0.5855855855855856
696,1148,167,279,161,True,False,111,111,0,0,0,0.0,0.0,0.0,0.0,0.0
696,1149,167,279,208,True,False,111,111,0,0,0,0.0,0.0,0.0,0.0,0.0
696,1150,167,279,440,True,False,111,111,0,0,0,0.0,0.0,0.0,0.0,0.0
696,1151,167,279,474,True,False,111,111,0,0,0,0.0,0.0,0.0,0.0,0.0
696,1152,167,279,509,True,False,111,111,0,0,0,0.0,0.0,0.0,0.0,0.0
697,1171,167,290,7,True,True,10,10,9,18,1,0.0,0.5,1.8,0.9,1.8
697,1172,167,290,8,True,False,10,10,0,0,0,0.0,0.0,0.0,0.0,0.0
697,1173,167,290,77,True,False,10,10,0,0,0,0.0,0.0,0.0,0.0,0.0
697,1174,167,290,143,True,False,10,10,0,0,0,0.0,0.0,0.0,0.0,0.0
697,1175,167,290,184,True,False,10,10,0,0,0,0.0,0.0,0.0,0.0,0.0
697,1176,167,290,247,True,False,10,10,0,0,0,0.0,0.0,0.0,0.0,0.0
697,1177,167,290,261,True,False,10,10,0,0,0,0.0,0.0,0.0,0.0,0.0
697,1178,167,290,279,True,False,10,10,0,0,0,0.0,0.0,0.0,0.0,0.0
697,1179,167,290,317,True,False,10,10,0,0,0,0.0,0.0,0.0,0.0,0.0
697,1180,167,290,346,True,False,10,10,0,0,0,0.0,0.0,0.0,0.0,0.0
697,1181,167,290,383,True,False,10,10,0,0,0,0.0,0.0,0.0,0.0,0.0
697,1182,167,290,402,True,False,10,10,0,0,0,0.0,0.0,0.0,0.0,0.0
697,1183,167,290,474,True,True,10,10,1,3,1,0.0,0.0,0.3,0.1,0.3
698,1269,167,316,84,True,False,6,6,0,0,0,0.0,0.0,0.0,0.0,0.0
698,1270,167,316,115,True,False,6,6,0,0,0,0.0,0.0,0.0,0.0,0.0
698,1271,167,316,125,True,False,6,6,0,0,0,0.0,0.0,0.0,0.0,0.0
698,1272,167,316,147,True,False,6,6,0,0,0,0.0,0.0,0.0,0.0,0.0
698,1273,167,316,217,True,False,6,6,0,0,0,0.0,0.0,0.0,0.0,0.0
698,1274,167,316,309,True,False,6,6,0,0,0,0.0,0.0,0.0,0.0,0.0
698,1275,167,316,341,True,False,6,6,0,0,0,0.0,0.0,0.0,0.0,0.0
698,1276,167,316,361,True,False,6,6,0,0,0,0.0,0.0,0.0,0.0,0.0
698,1277,167,316,385,True,False,6,6,0,0,0,0.0,0.0,0.0,0.0,0.0
698,1278,167,316,389,True,True,6,6,3,26,1,0.0,1.0,4.333333333333333,0.5,4.333333333333333
698,1279,167,316,402,True,False,6,6,0,0,0,0.0,0.0,0.0,0.0,0.0
698,1280,167,316,404,True,False,6,6,0,0,0,0.0,0.0,0.0,0.0,0.0
698,1281,167,316,474,True,False,6,6,0,0,0,0.0,0.0,0.0,0.0,0.0
699,1678,167,432,7,True,False,20,20,0,0,0,0.0,0.0,0.0,0.0,0.0
699,1679,167,432,88,True,False,20,20,0,0,0,0.0,0.0,0.0,0.0,0.0
699,1680,167,432,143,True,False,20,20,0,0,0,0.0,0.0,0.0,0.0,0.0
699,1681,167,432,157,True,False,20,20,0,0,0,0.0,0.0,0.0,0.0,0.0
699,1682,167,432,161,True,False,20,20,0,0,0,0.0,0.0,0.0,0.0,0.0
699,1683,167,432,233,True,False,20,20,0,0,0,0.0,0.0,0.0,0.0,0.0
699,1684,167,432,279,True,False,20,20,0,0,0,0.0,0.0,0.0,0.0,0.0
699,1685,167,432,440,True,False,20,20,0,0,0,0.0,0.0,0.0,0.0,0.0
699,1686,167,432,474,True,False,20,20,0,0,0,0.0,0.0,0.0,0.0,0.0
700,1703,167,440,7,True,False,141,141,0,0,0,0.0,0.0,0.0,0.0,0.0
700,1704,167,440,28,True,True,141,141,47,680,3,0.0,6.0,4.822695035460993,0.3333333333333333,4.822695035460993
700,1705,167,440,143,True,True,141,141,18,171,3,0.0,1.0,1.2127659574468086,0.1276595744680851,1.2127659574468086
700,1706,167,440,161,True,False,141,141,0,0,0,0.0,0.0,0.0,0.0,0.0
700,1707,167,440,167,True,True,141,141,7,35,2,0.0,0.0,0.24822695035460993,0.04964539007092199,0.24822695035460993
700,1708,167,440,261,True,True,141,141,30,163,3,0.0,1.0,1.1560283687943262,0.2127659574468085,1.1560283687943262
700,1709,167,440,263,True,False,141,141,0,0,0,0.0,0.0,0.0,0.0,0.0
700,1710,167,440,318,True,False,141,141,0,0,0,0.0,0.0,0.0,0.0,0.0
700,1711,167,440,321,True,True,141,141,25,97,2,0.0,1.0,0.6879432624113475,0.1773049645390071,0.6879432624113475
700,1712,167,440,509,True,True,141,141,31,229,3,0.0,2.0,1.624113475177305,0.2198581560283688,1.624113475177305
701,1782,167,474,7,True,True,29,29,6,9,1,0.0,0.0,0.3103448275862069,0.20689655172413793,0.3103448275862069
701,1783,167,474,37,True,False,29,29,0,0,0,0.0,0.0,0.0,0.0,0.0
701,1784,167,474,39,True,False,29,29,0,0,0,0.0,0.0,0.0,0.0,0.0
701,1785,167,474,58,True,False,29,29,0,0,0,0.0,0.0,0.0,0.0,0.0
701,1786,167,474,84,True,False,29,29,0,0,0,0.0,0.0,0.0,0.0,0.0
701,1787,167,474,88,True,True,29,29,15,167,2,0.0,2.0,5.758620689655173,0.5172413793103449,5.758620689655173
701,1788,167,474,115,True,False,29,29,0,0,0,0.0,0.0,0.0,0.0,0.0
701,1789,167,474,125,True,False,29,29,0,0,0,0.0,0.0,0.0,0.0,0.0
701,1790,167,474,143,True,False,29,29,0,0,0,0.0,0.0,0.0,0.0,0.0
701,1791,167,474,217,True,False,29,29,0,0,0,0.0,0.0,0.0,0.0,0.0
701,1792,167,474,243,True,False,29,29,0,0,0,0.0,0.0,0.0,0.0,0.0
701,1793,167,474,261,True,False,29,29,0,0,0,0.0,0.0,0.0,0.0,0.0
701,1794,167,474,279,True,True,29,29,5,25,1,0.0,0.0,0.8620689655172413,0.1724137931034483,0.8620689655172413
701,1795,167,474,309,True,False,29,29,0,0,0,0.0,0.0,0.0,0.0,0.0
701,1796,167,474,317,True,False,29,29,0,0,0,0.0,0.0,0.0,0.0,0.0
701,1797,167,474,321,True,False,29,29,0,0,0,0.0,0.0,0.0,0.0,0.0
701,1798,167,474,385,True,False,29,29,0,0,0,0.0,0.0,0.0,0.0,0.0
701,1799,167,474,389,True,False,29,29,0,0,0,0.0,0.0,0.0,0.0,0.0
701,1800,167,474,402,True,False,29,29,0,0,0,0.0,0.0,0.0,0.0,0.0
702,1887,167,509,7,True,True,64,64,5,10,1,0.0,0.0,0.15625,0.078125,0.15625
702,1888,167,509,113,True,False,64,64,0,0,0,0.0,0.0,0.0,0.0,0.0
702,1889,167,509,161,True,True,64,64,14,109,2,0.0,2.0,1.703125,0.21875,1.703125
702,1890,167,509,196,True,True,64,64,6,15,2,0.0,0.0,0.234375,0.09375,0.234375
702,1891,167,509,251,True,False,64,64,0,0,0,0.0,0.0,0.0,0.0,0.0
702,1892,167,509,279,True,True,64,64,23,103,3,0.0,0.0,1.609375,0.359375,1.609375
702,1893,167,509,321,True,True,64,64,5,5,1,0.0,0.0,0.078125,0.078125,0.078125
702,1894,167,509,361,True,False,64,64,0,0,0,0.0,0.0,0.0,0.0,0.0
702,1895,167,509,440,True,True,64,64,13,67,2,0.0,1.0,1.046875,0.203125,1.046875
702,1896,167,509,481,True,True,64,64,4,51,1,0.0,3.0,0.796875,0.0625,0.796875
703,93,169,13,6,True,False,7,7,0,0,0,0.0,0.0,0.0,0.0,0.0
703,94,169,13,34,True,True,7,7,7,18,7,0.0,0.0,2.5714285714285716,1.0,2.5714285714285716
703,95,169,13,58,True,False,7,7,0,0,0,0.0,0.0,0.0,0.0,0.0
703,96,169,13,169,True,False,7,7,0,0,0,0.0,0.0,0.0,0.0,0.0
703,97,169,13,243,True,True,7,7,7,24,7,0.0,0.0,3.4285714285714284,1.0,3.4285714285714284
703,98,169,13,256,True,False,7,7,0,0,0,0.0,0.0,0.0,0.0,0.0
703,99,169,13,262,True,False,7,7,0,0,0,0.0,0.0,0.0,0.0,0.0
703,100,169,13,281,True,False,7,7,0,0,0,0.0,0.0,0.0,0.0,0.0
703,101,169,13,335,True,False,7,7,0,0,0,0.0,0.0,0.0,0.0,0.0
703,102,169,13,353,True,False,7,7,0,0,0,0.0,0.0,0.0,0.0,0.0
703,103,169,13,361,True,False,7,7,0,0,0,0.0,0.0,0.0,0.0,0.0
703,104,169,13,433,True,False,7,7,0,0,0,0.0,0.0,0.0,0.0,0.0
703,105,169,13,455,True,False,7,7,0,0,0,0.0,0.0,0.0,0.0,0.0
703,106,169,13,472,True,True,7,7,3,3,3,0.0,0.0,0.42857142857142855,0.42857142857142855,0.42857142857142855
703,107,169,13,508,True,False,7,7,0,0,0,0.0,0.0,0.0,0.0,0.0
704,117,169,21,12,True,False,54,54,0,0,0,0.0,0.0,0.0,0.0,0.0
704,118,169,21,31,True,False,54,54,0,0,0,0.0,0.0,0.0,0.0,0.0
704,119,169,21,74,True,False,54,54,0,0,0,0.0,0.0,0.0,0.0,0.0
704,120,169,21,121,True,True,54,54,39,39,10,0.0,0.0,0.7222222222222222,0.7222222222222222,0.7222222222222222
704,121,169,21,141,True,True,54,54,54,124,13,0.0,0.0,2.2962962962962963,1.0,2.2962962962962963
704,122,169,21,156,True,True,54,54,33,33,8,0.0,0.0,0.6111111111111112,0.6111111111111112,0.6111111111111112
704,123,169,21,186,True,False,54,54,0,0,0,0.0,0.0,0.0,0.0,0.0
704,124,169,21,248,True,True,54,54,54,69,13,0.0,0.0,1.2777777777777777,1.0,1.2777777777777777
704,125,169,21,319,True,False,54,54,0,0,0,0.0,0.0,0.0,0.0,0.0
704,126,169,21,381,True,False,54,54,0,0,0,0.0,0.0,0.0,0.0,0.0
704,127,169,21,449,True,False,54,54,0,0,0,0.0,0.0,0.0,0.0,0.0
704,128,169,21,463,True,False,54,54,0,0,0,0.0,0.0,0.0,0.0,0.0
705,232,169,39,117,True,False,140,140,0,0,0,0.0,0.0,0.0,0.0,0.0
705,233,169,39,169,True,True,140,140,4,20,1,0.0,0.0,0.14285714285714285,0.02857142857142857,0.14285714285714285
705,234,169,39,176,True,True,140,140,79,660,5,0.0,5.0,4.714285714285714,0.5642857142857143,4.714285714285714
705,235,169,39,199,True,True,140,140,23,253,3,0.0,2.0,1.8071428571428572,0.16428571428571428,1.8071428571428572
705,236,169,39,252,True,True,140,140,15,215,1,1.0,7.0,1.5357142857142858,0.10714285714285714,1.5357142857142858
705,237,169,39,294,True,False,140,140,0,0,0,0.0,0.0,0.0,0.0,0.0
705,238,169,39,317,True,False,140,140,0,0,0,0.0,0.0,0.0,0.0,0.0
705,239,169,39,371,True,False,140,140,0,0,0,0.0,0.0,0.0,0.0,0.0
705,240,169,39,383,True,True,140,140,5,5,1,0.0,0.0,0.03571428571428571,0.03571428571428571,0.03571428571428571
705,241,169,39,404,True,False,140,140,0,0,0,0.0,0.0,0.0,0.0,0.0
705,242,169,39,455,True,False,140,140,0,0,0,0.0,0.0,0.0,0.0,0.0
705,243,169,39,494,True,True,140,140,3,15,1,6.0,6.0,0.10714285714285714,0.02142857142857143,0.10714285714285714
705,244,169,39,508,True,True,140,140,18,218,2,0.0,3.0,1.5571428571428572,0.12857142857142856,1.5571428571428572
706,293,169,61,12,True,False,128,128,0,0,0,0.0,0.0,0.0,0.0,0.0
706,294,169,61,21,True,True,128,128,36,36,8,0.0,0.0,0.28125,0.28125,0.28125
706,295,169,61,31,True,False,128,128,0,0,0,0.0,0.0,0.0,0.0,0.0
706,296,169,61,74,True,False,128,128,0,0,0,0.0,0.0,0.0,0.0,0.0
706,297,169,61,121,True,True,128,128,12,12,4,0.0,0.0,0.09375,0.09375,0.09375
706,298,169,61,141,True,True,128,128,128,307,26,0.0,0.0,2.3984375,1.0,2.3984375
706,299,169,61,156,True,True,128,128,77,92,15,0.0,0.0,0.71875,0.6015625,0.71875
706,300,169,61,186,True,True,128,128,73,80,16,0.0,0.0,0.625,0.5703125,0.625
706,301,169,61,248,True,True,128,128,85,109,18,0.0,0.0,0.8515625,0.6640625,0.8515625
706,302,169,61,381,True,True,128,128,5,5,1,0.0,0.0,0.0390625,0.0390625,0.0390625
706,303,169,61,463,True,False,128,128,0,0,0,0.0,0.0,0.0,0.0,0.0
707,489,169,129,13,True,True,174,174,134,370,20,0.0,1.0,2.1264367816091956,0.7701149425287356,2.1264367816091956
707,490,169,129,34,True,True,174,174,174,564,25,0.0,1.0,3.2413793103448274,1.0,3.2413793103448274
707,491,169,129,58,True,True,174,174,15,15,3,0.0,2.0,0.08620689655172414,0.08620689655172414,0.08620689655172414
707,492,169,129,169,True,False,174,174,0,0,0,0.0,0.0,0.0,0.0,0.0
707,493,169,129,217,True,True,174,174,6,6,2,0.0,1.0,0.034482758620689655,0.034482758620689655,0.034482758620689655
707,494,169,129,243,True,True,174,174,151,271,22,0.0,1.0,1.5574712643678161,0.867816091954023,1.5574712643678161
707,495,169,129,256,True,False,174,174,0,0,0,0.0,0.0,0.0,0.0,0.0
707,496,169,129,262,True,False,174,174,0,0,0,0.0,0.0,0.0,0.0,0.0
707,497,169,129,433,True,False,174,174,0,0,0,0.0,0.0,0.0,0.0,0.0
707,498,169,129,455,True,False,174,174,0,0,0,0.0,0.0,0.0,0.0,0.0
707,499,169,129,472,True,True,174,174,101,251,18,0.0,1.0,1.4425287356321839,0.5804597701149425,1.4425287356321839
708,514,169,139,22,True,False,10,10,0,0,0,0.0,0.0,0.0,0.0,0.0
708,515,169,139,79,True,False,10,10,0,0,0,0.0,0.0,0.0,0.0,0.0
708,516,169,139,80,True,False,10,10,0,0,0,0.0,0.0,0.0,0.0,0.0
708,517,169,139,126,True,False,10,10,0,0,0,0.0,0.0,0.0,0.0,0.0
708,518,169,139,144,True,False,10,10,0,0,0,0.0,0.0,0.0,0.0,0.0
708,519,169,139,149,True,False,10,10,0,0,0,0.0,0.0,0.0,0.0,0.0
708,520,169,139,151,True,False,10,10,0,0,0,0.0,0.0,0.0,0.0,0.0
708,521,169,139,175,True,False,10,10,0,0,0,0.0,0.0,0.0,0.0,0.0
708,522,169,139,184,True,False,10,10,0,0,0,0.0,0.0,0.0,0.0,0.0
708,523,169,139,199,True,True,10,10,10,47,4,0.0,0.0,4.7,1.0,4.7
708,524,169,139,229,True,False,10,10,0,0,0,0.0,0.0,0.0,0.0,0.0
708,525,169,139,230,True,False,10,10,0,0,0,0.0,0.0,0.0,0.0,0.0
708,526,169,139,258,True,False,10,10,0,0,0,0.0,0.0,0.0,0.0,0.0
708,527,169,139,273,True,False,10,10,0,0,0,0.0,0.0,0.0,0.0,0.0
708,528,169,139,311,True,False,10,10,0,0,0,0.0,0.0,0.0,0.0,0.0
708,529,169,139,315,True,False,10,10,0,0,0,0.0,0.0,0.0,0.0,0.0
708,530,169,139,390,True,False,10,10,0,0,0,0.0,0.0,0.0,0.0,0.0
708,531,169,139,415,True,False,10,10,0,0,0,0.0,0.0,0.0,0.0,0.0
709,537,169,141,2,True,False,190,190,0,0,0,0.0,0.0,0.0,0.0,0.0
709,538,169,141,12,True,False,190,190,0,0,0,0.0,0.0,0.0,0.0,0.0
709,539,169,141,22,True,False,190,190,0,0,0,0.0,0.0,0.0,0.0,0.0
709,540,169,141,74,True,False,190,190,0,0,0,0.0,0.0,0.0,0.0,0.0
709,541,169,141,121,True,True,190,190,190,561,34,0.0,0.0,2.9526315789473685,1.0,2.9526315789473685
709,542,169,141,139,True,True,190,190,9,15,3,0.0,1.0,0.07894736842105263,0.04736842105263158,0.07894736842105263
709,543,169,141,144,True,False,190,190,0,0,0,0.0,0.0,0.0,0.0,0.0
709,544,169,141,156,True,True,190,190,107,210,21,0.0,0.0,1.105263157894737,0.5631578947368421,1.105263157894737
709,545,169,141,175,True,False,190,190,0,0,0,0.0,0.0,0.0,0.0,0.0
709,546,169,141,248,True,True,190,190,190,453,34,0.0,0.0,2.3842105263157896,1.0,2.3842105263157896
709,547,169,141,273,True,True,190,190,182,301,32,0.0,1.0,1.5842105263157895,0.9578947368421052,1.5842105263157895
710,620,169,156,12,True,False,22,22,0,0,0,0.0,0.0,0.0,0.0,0.0
710,621,169,156,22,True,False,22,22,0,0,0,0.0,0.0,0.0,0.0,0.0
710,622,169,156,58,True,False,22,22,0,0,0,0.0,0.0,0.0,0.0,0.0
710,623,169,156,113,True,False,22,22,0,0,0,0.0,0.0,0.0,0.0,0.0
710,624,169,156,121,True,True,22,22,22,43,18,0.0,0.0,1.9545454545454546,1.0,1.9545454545454546
710,625,169,156,139,True,True,22,22,2,4,2,0.0,0.5,0.18181818181818182,0.09090909090909091,0.18181818181818182
710,626,169,156,144,True,False,22,22,0,0,0,0.0,0.0,0.0,0.0,0.0
710,627,169,156,243,True,False,22,22,0,0,0,0.0,0.0,0.0,0.0,0.0
710,628,169,156,248,True,True,22,22,22,28,18,0.0,0.0,1.2727272727272727,1.0,1.2727272727272727
710,629,169,156,251,True,False,22,22,0,0,0,0.0,0.0,0.0,0.0,0.0
710,630,169,156,262,True,False,22,22,0,0,0,0.0,0.0,0.0,0.0,0.0
710,631,169,156,273,True,True,22,22,21,55,17,0.0,0.0,2.5,0.9545454545454546,2.5
710,632,169,156,321,True,False,22,22,0,0,0,0.0,0.0,0.0,0.0,0.0
710,633,169,156,449,True,False,22,22,0,0,0,0.0,0.0,0.0,0.0,0.0
710,634,169,156,463,True,False,22,22,0,0,0,0.0,0.0,0.0,0.0,0.0
710,635,169,156,481,True,False,22,22,0,0,0,0.0,0.0,0.0,0.0,0.0
711,780,169,179,13,True,True,28,28,25,31,7,0.0,0.0,1.1071428571428572,0.8928571428571429,1.1071428571428572
711,781,169,179,34,True,True,28,28,5,5,2,0.0,0.0,0.17857142857142858,0.17857142857142858,0.17857142857142858
711,782,169,179,43,True,False,28,28,0,0,0,0.0,0.0,0.0,0.0,0.0
711,783,169,179,129,True,True,28,28,28,73,8,0.0,0.0,2.607142857142857,1.0,2.607142857142857
711,784,169,179,245,True,True,28,28,4,4,1,0.0,0.0,0.14285714285714285,0.14285714285714285,0.14285714285714285
711,785,169,179,253,True,False,28,28,0,0,0,0.0,0.0,0.0,0.0,0.0
711,786,169,179,256,True,False,28,28,0,0,0,0.0,0.0,0.0,0.0,0.0
711,787,169,179,313,True,False,28,28,0,0,0,0.0,0.0,0.0,0.0,0.0
711,788,169,179,353,True,False,28,28,0,0,0,0.0,0.0,0.0,0.0,0.0
711,789,169,179,472,True,True,28,28,15,15,5,0.0,0.0,0.5357142857142857,0.5357142857142857,0.5357142857142857
711,790,169,179,488,True,False,28,28,0,0,0,0.0,0.0,0.0,0.0,0.0
712,808,169,186,12,True,False,74,74,0,0,0,0.0,0.0,0.0,0.0,0.0
712,809,169,186,21,True,False,74,74,0,0,0,0.0,0.0,0.0,0.0,0.0
712,810,169,186,31,True,False,74,74,0,0,0,0.0,0.0,0.0,0.0,0.0
712,811,169,186,74,True,False,74,74,0,0,0,0.0,0.0,0.0,0.0,0.0
712,812,169,186,121,True,True,74,74,38,48,11,0.0,0.0,0.6486486486486487,0.5135135135135135,0.6486486486486487
712,813,169,186,141,True,True,74,74,74,156,19,0.0,0.0,2.108108108108108,1.0,2.108108108108108
712,814,169,186,156,True,True,74,74,39,55,11,0.0,0.0,0.7432432432432432,0.527027027027027,0.7432432432432432
712,815,169,186,248,True,True,74,74,74,103,19,0.0,0.0,1.3918918918918919,1.0,1.3918918918918919
712,816,169,186,319,True,False,74,74,0,0,0,0.0,0.0,0.0,0.0,0.0
712,817,169,186,381,True,True,74,74,4,4,1,0.0,0.0,0.05405405405405406,0.05405405405405406,0.05405405405405406
712,818,169,186,449,True,False,74,74,0,0,0,0.0,0.0,0.0,0.0,0.0
712,819,169,186,463,True,False,74,74,0,0,0,0.0,0.0,0.0,0.0,0.0
713,831,169,199,10,True,False,118,118,0,0,0,0.0,0.0,0.0,0.0,0.0
713,832,169,199,39,True,True,118,118,43,328,4,0.0,2.0,2.7796610169491527,0.3644067796610169,2.7796610169491527
713,833,169,199,77,True,False,118,118,0,0,0,0.0,0.0,0.0,0.0,0.0
713,834,169,199,117,True,False,118,118,0,0,0,0.0,0.0,0.0,0.0,0.0
713,835,169,199,170,True,False,118,118,0,0,0,0.0,0.0,0.0,0.0,0.0
713,836,169,199,176,True,False,118,118,0,0,0,0.0,0.0,0.0,0.0,0.0
713,837,169,199,238,True,False,118,118,0,0,0,0.0,0.0,0.0,0.0,0.0
713,838,169,199,252,True,False,118,118,0,0,0,0.0,0.0,0.0,0.0,0.0
713,839,169,199,317,True,True,118,118,9,55,2,0.0,2.0,0.4661016949152542,0.07627118644067797,0.4661016949152542
713,840,169,199,383,True,True,118,118,33,51,4,1.0,4.0,0.4322033898305085,0.2796610169491525,0.4322033898305085
713,841,169,199,387,True,False,118,118,0,0,0,0.0,0.0,0.0,0.0,0.0
713,842,169,199,402,True,False,118,118,0,0,0,0.0,0.0,0.0,0.0,0.0
713,843,169,199,404,True,False,118,118,0,0,0,0.0,0.0,0.0,0.0,0.0
713,844,169,199,462,True,False,118,118,0,0,0,0.0,0.0,0.0,0.0,0.0
713,845,169,199,494,True,True,118,118,99,1193,11,0.0,3.0,10.110169491525424,0.8389830508474576,10.110169491525424
714,980,169,248,2,True,False,8,8,0,0,0,0.0,0.0,0.0,0.0,0.0
714,981,169,248,12,True,False,8,8,0,0,0,0.0,0.0,0.0,0.0,0.0
714,982,169,248,22,True,False,8,8,0,0,0,0.0,0.0,0.0,0.0,0.0
714,983,169,248,121,True,True,8,8,8,22,8,0.0,0.0,2.75,1.0,2.75
714,984,169,248,139,True,True,8,8,5,9,5,0.0,0.0,1.125,0.625,1.125
714,985,169,248,144,True,False,8,8,0,0,0,0.0,0.0,0.0,0.0,0.0
714,986,169,248,169,True,False,8,8,0,0,0,0.0,0.0,0.0,0.0,0.0
714,987,169,248,175,True,False,8,8,0,0,0,0.0,0.0,0.0,0.0,0.0
714,988,169,248,262,True,False,8,8,0,0,0,0.0,0.0,0.0,0.0,0.0
714,989,169,248,273,True,True,8,8,8,29,8,0.0,0.0,3.625,1.0,3.625
714,990,169,248,281,True,False,8,8,0,0,0,0.0,0.0,0.0,0.0,0.0
714,991,169,248,335,True,False,8,8,0,0,0,0.0,0.0,0.0,0.0,0.0
714,992,169,248,383,True,False,8,8,0,0,0,0.0,0.0,0.0,0.0,0.0
714,993,169,248,433,True,False,8,8,0,0,0,0.0,0.0,0.0,0.0,0.0
714,994,169,248,455,True,False,8,8,0,0,0,0.0,0.0,0.0,0.0,0.0
714,995,169,248,463,True,False,8,8,0,0,0,0.0,0.0,0.0,0.0,0.0
714,996,169,248,508,True,False,8,8,0,0,0,0.0,0.0,0.0,0.0,0.0
715,1505,169,383,21,True,False,22,22,0,0,0,0.0,0.0,0.0,0.0,0.0
715,1506,169,383,39,True,True,22,22,19,179,3,0.0,1.0,8.136363636363637,0.8636363636363636,8.136363636363637
715,1507,169,383,61,True,True,22,22,1,1,1,0.0,0.0,0.045454545454545456,0.045454545454545456,0.045454545454545456
715,1508,169,383,129,True,False,22,22,0,0,0,0.0,0.0,0.0,0.0,0.0
715,1509,169,383,141,True,False,22,22,0,0,0,0.0,0.0,0.0,0.0,0.0
715,1510,169,383,169,True,True,22,22,3,13,3,0.0,0.0,0.5909090909090909,0.13636363636363635,0.5909090909090909
715,1511,169,383,179,True,False,22,22,0,0,0,0.0,0.0,0.0,0.0,0.0
715,1512,169,383,186,True,False,22,22,0,0,0,0.0,0.0,0.0,0.0,0.0
715,1513,169,383,273,True,False,22,22,0,0,0,0.0,0.0,0.0,0.0,0.0
715,1514,169,383,281,True,False,22,22,0,0,0,0.0,0.0,0.0,0.0,0.0
715,1515,169,383,313,True,False,22,22,0,0,0,0.0,0.0,0.0,0.0,0.0
715,1516,169,383,317,True,False,22,22,0,0,0,0.0,0.0,0.0,0.0,0.0
715,1517,169,383,335,True,False,22,22,0,0,0,0.0,0.0,0.0,0.0,0.0
715,1518,169,383,433,True,False,22,22,0,0,0,0.0,0.0,0.0,0.0,0.0
715,1519,169,383,455,True,False,22,22,0,0,0,0.0,0.0,0.0,0.0,0.0
715,1520,169,383,508,True,True,22,22,1,1,1,0.0,0.0,0.045454545454545456,0.045454545454545456,0.045454545454545456
716,1687,169,433,13,True,False,33,33,0,0,0,0.0,0.0,0.0,0.0,0.0
716,1688,169,433,21,True,False,33,33,0,0,0,0.0,0.0,0.0,0.0,0.0
716,1689,169,433,39,True,True,33,33,14,79,2,0.0,2.0,2.393939393939394,0.42424242424242425,2.393939393939394
716,1690,169,433,61,True,True,33,33,15,125,1,3.0,8.0,3.787878787878788,0.45454545454545453,3.787878787878788
716,1691,169,433,74,True,False,33,33,0,0,0,0.0,0.0,0.0,0.0,0.0
716,1692,169,433,129,True,False,33,33,0,0,0,0.0,0.0,0.0,0.0,0.0
716,1693,169,433,141,True,True,33,33,15,35,1,6.0,9.0,1.0606060606060606,0.45454545454545453,1.0606060606060606
716,1694,169,433,156,True,False,33,33,0,0,0,0.0,0.0,0.0,0.0,0.0
716,1695,169,433,169,True,True,33,33,9,18,1,0.0,0.5,0.5454545454545454,0.2727272727272727,0.5454545454545454
716,1696,169,433,179,True,False,33,33,0,0,0,0.0,0.0,0.0,0.0,0.0
716,1697,169,433,186,True,True,33,33,15,40,1,5.0,9.0,1.2121212121212122,0.45454545454545453,1.2121212121212122
716,1698,169,433,199,True,True,33,33,2,14,1,0.0,0.0,0.42424242424242425,0.06060606060606061,0.42424242424242425
716,1699,169,433,245,True,False,33,33,0,0,0,0.0,0.0,0.0,0.0,0.0
716,1700,169,433,248,True,False,33,33,0,0,0,0.0,0.0,0.0,0.0,0.0
716,1701,169,433,381,True,False,33,33,0,0,0,0.0,0.0,0.0,0.0,0.0
716,1702,169,433,508,True,True,33,33,11,40,3,0.0,0.0,1.2121212121212122,0.3333333333333333,1.2121212121212122
717,1726,169,455,13,True,True,50,50,1,1,1,0.0,0.0,0.02,0.02,0.02
717,1727,169,455,21,True,True,50,50,4,4,1,0.0,0.0,0.08,0.08,0.08
717,1728,169,455,39,True,True,50,50,19,150,3,0.0,2.0,3.0,0.38,3.0
717,1729,169,455,61,True,True,50,50,4,4,1,0.0,0.0,0.08,0.08,0.08
717,1730,169,455,74,True,False,50,50,0,0,0,0.0,0.0,0.0,0.0,0.0
717,1731,169,455,117,True,False,50,50,0,0,0,0.0,0.0,0.0,0.0,0.0
717,1732,169,455,129,True,True,50,50,1,2,1,0.0,0.0,0.04,0.02,0.04
717,1733,169,455,141,True,True,50,50,4,12,1,0.0,0.0,0.24,0.08,0.24
717,1734,169,455,169,True,True,50,50,6,8,2,0.0,0.0,0.16,0.12,0.16
717,1735,169,455,179,True,True,50,50,1,1,1,0.0,0.0,0.02,0.02,0.02
717,1736,169,455,186,True,False,50,50,0,0,0,0.0,0.0,0.0,0.0,0.0
717,1737,169,455,199,True,True,50,50,30,189,6,0.0,0.0,3.78,0.6,3.78
717,1738,169,455,248,True,False,50,50,0,0,0,0.0,0.0,0.0,0.0,0.0
717,1739,169,455,281,True,False,50,50,0,0,0,0.0,0.0,0.0,0.0,0.0
717,1740,169,455,313,True,False,50,50,0,0,0,0.0,0.0,0.0,0.0,0.0
717,1741,169,455,317,True,False,50,50,0,0,0,0.0,0.0,0.0,0.0,0.0
717,1742,169,455,383,True,True,50,50,9,54,1,1.0,5.0,1.08,0.18,1.08
717,1743,169,455,508,True,False,50,50,0,0,0,0.0,0.0,0.0,0.0,0.0
718,1872,169,508,39,True,True,257,257,175,1774,17,0.0,3.0,6.902723735408561,0.6809338521400778,6.902723735408561
718,1873,169,508,84,True,False,257,257,0,0,0,0.0,0.0,0.0,0.0,0.0
718,1874,169,508,115,True,False,257,257,0,0,0,0.0,0.0,0.0,0.0,0.0
718,1875,169,508,117,True,False,257,257,0,0,0,0.0,0.0,0.0,0.0,0.0
718,1876,169,508,169,True,True,257,257,32,75,4,0.0,4.0,0.2918287937743191,0.1245136186770428,0.2918287937743191
718,1877,169,508,199,True,True,257,257,52,327,6,0.0,4.0,1.272373540856031,0.20233463035019456,1.272373540856031
718,1878,169,508,238,True,False,257,257,0,0,0,0.0,0.0,0.0,0.0,0.0
718,1879,169,508,252,True,True,257,257,21,82,2,0.0,2.0,0.31906614785992216,0.08171206225680934,0.31906614785992216
718,1880,169,508,316,True,False,257,257,0,0,0,0.0,0.0,0.0,0.0,0.0
718,1881,169,508,317,True,True,257,257,38,249,4,0.0,3.0,0.9688715953307393,0.14785992217898833,0.9688715953307393
718,1882,169,508,335,True,False,257,257,0,0,0,0.0,0.0,0.0,0.0,0.0
718,1883,169,508,433,True,False,257,257,0,0,0,0.0,0.0,0.0,0.0,0.0
718,1884,169,508,455,True,True,257,257,16,17,2,0.0,3.0,0.06614785992217899,0.0622568093385214,0.06614785992217899
718,1885,169,508,485,True,False,257,257,0,0,0,0.0,0.0,0.0,0.0,0.0
718,1886,169,508,494,True,True,257,257,44,355,2,0.0,4.0,1.3813229571984436,0.17120622568093385,1.3813229571984436
719,831,170,199,10,True,False,26,26,0,0,0,0.0,0.0,0.0,0.0,0.0
719,832,170,199,39,True,True,26,26,3,15,1,2.0,5.0,0.5769230769230769,0.11538461538461539,0.5769230769230769
719,833,170,199,77,True,False,26,26,0,0,0,0.0,0.0,0.0,0.0,0.0
719,834,170,199,117,True,False,26,26,0,0,0,0.0,0.0,0.0,0.0,0.0
719,835,170,199,170,True,True,26,26,16,68,2,0.0,1.0,2.6153846153846154,0.6153846153846154,2.6153846153846154
719,836,170,199,176,True,False,26,26,0,0,0,0.0,0.0,0.0,0.0,0.0
719,837,170,199,238,True,False,26,26,0,0,0,0.0,0.0,0.0,0.0,0.0
719,838,170,199,252,True,False,26,26,0,0,0,0.0,0.0,0.0,0.0,0.0
719,839,170,199,317,True,False,26,26,0,0,0,0.0,0.0,0.0,0.0,0.0
719,840,170,199,383,True,False,26,26,0,0,0,0.0,0.0,0.0,0.0,0.0
719,841,170,199,387,True,False,26,26,0,0,0,0.0,0.0,0.0,0.0,0.0
719,842,170,199,402,True,False,26,26,0,0,0,0.0,0.0,0.0,0.0,0.0
719,843,170,199,404,True,False,26,26,0,0,0,0.0,0.0,0.0,0.0,0.0
719,844,170,199,462,True,False,26,26,0,0,0,0.0,0.0,0.0,0.0,0.0
719,845,170,199,494,True,False,26,26,0,0,0,0.0,0.0,0.0,0.0,0.0
720,932,170,238,10,True,False,20,20,0,0,0,0.0,0.0,0.0,0.0,0.0
720,933,170,238,80,True,False,20,20,0,0,0,0.0,0.0,0.0,0.0,0.0
720,934,170,238,117,True,False,20,20,0,0,0,0.0,0.0,0.0,0.0,0.0
720,935,170,238,149,True,False,20,20,0,0,0,0.0,0.0,0.0,0.0,0.0
720,936,170,238,199,True,True,20,20,12,111,1,0.0,1.0,5.55,0.6,5.55
720,937,170,238,294,True,False,20,20,0,0,0,0.0,0.0,0.0,0.0,0.0
720,938,170,238,317,True,False,20,20,0,0,0,0.0,0.0,0.0,0.0,0.0
720,939,170,238,387,True,False,20,20,0,0,0,0.0,0.0,0.0,0.0,0.0
720,940,170,238,404,True,False,20,20,0,0,0,0.0,0.0,0.0,0.0,0.0
720,941,170,238,494,True,False,20,20,0,0,0,0.0,0.0,0.0,0.0,0.0
721,1184,170,294,21,True,False,5,5,0,0,0,0.0,0.0,0.0,0.0,0.0
721,1185,170,294,22,True,False,5,5,0,0,0,0.0,0.0,0.0,0.0,0.0
721,1186,170,294,61,True,True,5,5,1,2,1,8.0,8.5,0.4,0.2,0.4
721,1187,170,294,117,True,False,5,5,0,0,0,0.0,0.0,0.0,0.0,0.0
721,1188,170,294,141,True,False,5,5,0,0,0,0.0,0.0,0.0,0.0,0.0
721,1189,170,294,169,True,True,5,5,4,54,2,0.0,4.0,10.8,0.8,10.8
721,1190,170,294,175,True,False,5,5,0,0,0,0.0,0.0,0.0,0.0,0.0
721,1191,170,294,179,True,False,5,5,0,0,0,0.0,0.0,0.0,0.0,0.0
721,1192,170,294,186,True,True,5,5,1,1,1,9.0,9.0,0.2,0.2,0.2
721,1193,170,294,281,True,False,5,5,0,0,0,0.0,0.0,0.0,0.0,0.0
721,1194,170,294,313,True,False,5,5,0,0,0,0.0,0.0,0.0,0.0,0.0
721,1195,170,294,433,True,True,5,5,1,5,1,0.0,0.0,1.0,0.2,1.0
721,1196,170,294,455,True,False,5,5,0,0,0,0.0,0.0,0.0,0.0,0.0
722,28,171,4,63,True,False,104,104,0,0,0,0.0,0.0,0.0,0.0,0.0
722,29,171,4,138,True,True,104,104,29,212,2,0.0,2.0,2.0384615384615383,0.27884615384615385,2.0384615384615383
723,54,171,8,22,True,True,15,15,6,78,2,0.0,5.0,5.2,0.4,5.2
723,55,171,8,79,True,True,15,15,1,14,1,3.0,5.0,0.9333333333333333,0.06666666666666667,0.9333333333333333
723,56,171,8,80,True,False,15,15,0,0,0,0.0,0.0,0.0,0.0,0.0
723,57,171,8,100,True,False,15,15,0,0,0,0.0,0.0,0.0,0.0,0.0
723,58,171,8,126,True,False,15,15,0,0,0,0.0,0.0,0.0,0.0,0.0
723,59,171,8,144,True,False,15,15,0,0,0,0.0,0.0,0.0,0.0,0.0
723,60,171,8,149,True,False,15,15,0,0,0,0.0,0.0,0.0,0.0,0.0
723,61,171,8,171,True,True,15,15,8,56,1,0.0,0.0,3.7333333333333334,0.5333333333333333,3.7333333333333334
723,62,171,8,184,True,False,15,15,0,0,0,0.0,0.0,0.0,0.0,0.0
723,63,171,8,229,True,False,15,15,0,0,0,0.0,0.0,0.0,0.0,0.0
723,64,171,8,230,True,False,15,15,0,0,0,0.0,0.0,0.0,0.0,0.0
723,65,171,8,258,True,False,15,15,0,0,0,0.0,0.0,0.0,0.0,0.0
723,66,171,8,311,True,False,15,15,0,0,0,0.0,0.0,0.0,0.0,0.0
723,67,171,8,315,True,False,15,15,0,0,0,0.0,0.0,0.0,0.0,0.0
723,68,171,8,390,True,False,15,15,0,0,0,0.0,0.0,0.0,0.0,0.0
724,161,171,26,16,True,False,29,29,0,0,0,0.0,0.0,0.0,0.0,0.0
724,162,171,26,46,True,False,29,29,0,0,0,0.0,0.0,0.0,0.0,0.0
724,163,171,26,109,True,True,29,29,15,20,3,0.0,0.0,0.6896551724137931,0.5172413793103449,0.6896551724137931
724,164,171,26,213,True,False,29,29,0,0,0,0.0,0.0,0.0,0.0,0.0
724,165,171,26,266,True,False,29,29,0,0,0,0.0,0.0,0.0,0.0,0.0
724,166,171,26,378,True,False,29,29,0,0,0,0.0,0.0,0.0,0.0,0.0
724,167,171,26,382,True,False,29,29,0,0,0,0.0,0.0,0.0,0.0,0.0
724,168,171,26,430,True,False,29,29,0,0,0,0.0,0.0,0.0,0.0,0.0
724,169,171,26,462,True,False,29,29,0,0,0,0.0,0.0,0.0,0.0,0.0
724,170,171,26,487,True,False,29,29,0,0,0,0.0,0.0,0.0,0.0,0.0
724,171,171,26,497,True,False,29,29,0,0,0,0.0,0.0,0.0,0.0,0.0
725,246,171,42,8,True,True,61,61,23,229,5,0.0,1.0,3.7540983606557377,0.3770491803278688,3.7540983606557377
725,247,171,42,10,True,False,61,61,0,0,0,0.0,0.0,0.0,0.0,0.0
725,248,171,42,149,True,False,61,61,0,0,0,0.0,0.0,0.0,0.0,0.0
725,249,171,42,151,True,True,61,61,8,81,2,0.0,1.0,1.3278688524590163,0.13114754098360656,1.3278688524590163
725,250,171,42,258,True,True,61,61,24,231,5,0.0,2.0,3.7868852459016393,0.39344262295081966,3.7868852459016393
725,251,171,42,390,True,True,61,61,10,99,2,2.0,7.0,1.6229508196721312,0.16393442622950818,1.6229508196721312
725,252,171,42,405,True,False,61,61,0,0,0,0.0,0.0,0.0,0.0,0.0
725,253,171,42,415,True,False,61,61,0,0,0,0.0,0.0,0.0,0.0,0.0
726,404,171,109,30,True,False,60,60,0,0,0,0.0,0.0,0.0,0.0,0.0
726,405,171,109,140,True,False,60,60,0,0,0,0.0,0.0,0.0,0.0,0.0
726,406,171,109,146,True,False,60,60,0,0,0,0.0,0.0,0.0,0.0,0.0
726,407,171,109,163,True,False,60,60,0,0,0,0.0,0.0,0.0,0.0,0.0
726,408,171,109,205,True,False,60,60,0,0,0,0.0,0.0,0.0,0.0,0.0
726,409,171,109,259,True,True,60,60,4,6,1,0.0,0.0,0.1,0.06666666666666667,0.1
726,410,171,109,328,True,False,60,60,0,0,0,0.0,0.0,0.0,0.0,0.0
726,411,171,109,371,True,False,60,60,0,0,0,0.0,0.0,0.0,0.0,0.0
726,412,171,109,404,True,False,60,60,0,0,0,0.0,0.0,0.0,0.0,0.0
726,413,171,109,405,True,False,60,60,0,0,0,0.0,0.0,0.0,0.0,0.0
726,414,171,109,430,True,False,60,60,0,0,0,0.0,0.0,0.0,0.0,0.0
726,415,171,109,487,True,True,60,60,4,12,1,0.0,0.0,0.2,0.06666666666666667,0.2
726,416,171,109,494,True,False,60,60,0,0,0,0.0,0.0,0.0,0.0,0.0
727,462,171,118,63,True,False,53,53,0,0,0,0.0,0.0,0.0,0.0,0.0
727,463,171,118,340,True,False,53,53,0,0,0,0.0,0.0,0.0,0.0,0.0
728,506,171,138,42,True,False,155,155,0,0,0,0.0,0.0,0.0,0.0,0.0
728,507,171,138,63,True,False,155,155,0,0,0,0.0,0.0,0.0,0.0,0.0
728,508,171,138,151,True,False,155,155,0,0,0,0.0,0.0,0.0,0.0,0.0
728,509,171,138,171,True,True,155,155,11,12,3,0.0,0.0,0.07741935483870968,0.07096774193548387,0.07741935483870968
728,510,171,138,258,True,False,155,155,0,0,0,0.0,0.0,0.0,0.0,0.0
728,511,171,138,288,True,False,155,155,0,0,0,0.0,0.0,0.0,0.0,0.0
728,512,171,138,340,True,False,155,155,0,0,0,0.0,0.0,0.0,0.0,0.0
728,513,171,138,415,True,False,155,155,0,0,0,0.0,0.0,0.0,0.0,0.0
729,605,171,151,8,True,False,6,6,0,0,0,0.0,0.0,0.0,0.0,0.0
729,606,171,151,10,True,False,6,6,0,0,0,0.0,0.0,0.0,0.0,0.0
729,607,171,151,22,True,False,6,6,0,0,0,0.0,0.0,0.0,0.0,0.0
729,608,171,151,79,True,False,6,6,0,0,0,0.0,0.0,0.0,0.0,0.0
729,609,171,151,80,True,False,6,6,0,0,0,0.0,0.0,0.0,0.0,0.0
729,610,171,151,117,True,False,6,6,0,0,0,0.0,0.0,0.0,0.0,0.0
729,611,171,151,149,True,False,6,6,0,0,0,0.0,0.0,0.0,0.0,0.0
729,612,171,151,171,True,False,6,6,0,0,0,0.0,0.0,0.0,0.0,0.0
729,613,171,151,184,True,False,6,6,0,0,0,0.0,0.0,0.0,0.0,0.0
729,614,171,151,230,True,False,6,6,0,0,0,0.0,0.0,0.0,0.0,0.0
729,615,171,151,258,True,False,6,6,0,0,0,0.0,0.0,0.0,0.0,0.0
729,616,171,151,268,True,False,6,6,0,0,0,0.0,0.0,0.0,0.0,0.0
729,617,171,151,311,True,False,6,6,0,0,0,0.0,0.0,0.0,0.0,0.0
729,618,171,151,390,True,False,6,6,0,0,0,0.0,0.0,0.0,0.0,0.0
729,619,171,151,494,True,False,6,6,0,0,0,0.0,0.0,0.0,0.0,0.0
730,665,171,163,259,True,True,14,14,14,19,2,0.0,0.0,1.3571428571428572,1.0,1.3571428571428572
730,666,171,163,288,True,False,14,14,0,0,0,0.0,0.0,0.0,0.0,0.0
730,667,171,163,371,True,False,14,14,0,0,0,0.0,0.0,0.0,0.0,0.0
730,668,171,163,410,True,True,14,14,14,33,2,0.0,0.0,2.357142857142857,1.0,2.357142857142857
731,669,171,164,4,True,False,257,257,0,0,0,0.0,0.0,0.0,0.0,0.0
731,670,171,164,8,True,True,257,257,1,1,1,0.0,0.0,0.0038910505836575876,0.0038910505836575876,0.0038910505836575876
731,671,171,164,42,True,False,257,257,0,0,0,0.0,0.0,0.0,0.0,0.0
731,672,171,164,50,True,False,257,257,0,0,0,0.0,0.0,0.0,0.0,0.0
731,673,171,164,63,True,False,257,257,0,0,0,0.0,0.0,0.0,0.0,0.0
731,674,171,164,100,True,False,257,257,0,0,0,0.0,0.0,0.0,0.0,0.0
731,675,171,164,146,True,False,257,257,0,0,0,0.0,0.0,0.0,0.0,0.0
731,676,171,164,151,True,False,257,257,0,0,0,0.0,0.0,0.0,0.0,0.0
731,677,171,164,171,True,True,257,257,6,6,2,0.0,0.0,0.023346303501945526,0.023346303501945526,0.023346303501945526
731,678,171,164,172,True,True,257,257,5,5,1,0.0,0.0,0.019455252918287938,0.019455252918287938,0.019455252918287938
731,679,171,164,180,True,True,257,257,248,1792,24,0.0,0.0,6.972762645914397,0.9649805447470817,6.972762645914397
731,680,171,164,271,True,True,257,257,17,21,4,0.0,0.0,0.08171206225680934,0.06614785992217899,0.08171206225680934
731,681,171,164,288,True,True,257,257,7,16,1,0.0,1.0,0.0622568093385214,0.027237354085603113,0.0622568093385214
731,682,171,164,410,True,True,257,257,26,40,5,0.0,0.0,0.1556420233463035,0.10116731517509728,0.1556420233463035
732,740,171,172,4,True,False,45,45,0,0,0,0.0,0.0,0.0,0.0,0.0
732,741,171,172,118,True,False,45,45,0,0,0,0.0,0.0,0.0,0.0,0.0
732,742,171,172,138,True,False,45,45,0,0,0,0.0,0.0,0.0,0.0,0.0
732,743,171,172,164,True,True,45,45,5,5,1,0.0,0.0,0.1111111111111111,0.1111111111111111,0.1111111111111111
732,744,171,172,173,True,False,45,45,0,0,0,0.0,0.0,0.0,0.0,0.0
732,745,171,172,180,True,True,45,45,27,146,5,0.0,0.0,3.2444444444444445,0.6,3.2444444444444445
732,746,171,172,288,True,False,45,45,0,0,0,0.0,0.0,0.0,0.0,0.0
733,747,171,173,1,True,False,143,143,0,0,0,0.0,0.0,0.0,0.0,0.0
733,748,171,173,42,True,False,143,143,0,0,0,0.0,0.0,0.0,0.0,0.0
733,749,171,173,118,True,False,143,143,0,0,0,0.0,0.0,0.0,0.0,0.0
733,750,171,173,138,True,False,143,143,0,0,0,0.0,0.0,0.0,0.0,0.0
733,751,171,173,146,True,False,143,143,0,0,0,0.0,0.0,0.0,0.0,0.0
733,752,171,173,171,True,True,143,143,19,24,3,0.0,0.0,0.16783216783216784,0.13286713286713286,0.16783216783216784
733,753,171,173,222,True,False,143,143,0,0,0,0.0,0.0,0.0,0.0,0.0
733,754,171,173,271,True,True,143,143,10,10,2,0.0,0.0,0.06993006993006994,0.06993006993006994,0.06993006993006994
733,755,171,173,297,True,True,143,143,5,5,1,0.0,0.0,0.03496503496503497,0.03496503496503497,0.03496503496503497
733,756,171,173,340,True,False,143,143,0,0,0,0.0,0.0,0.0,0.0,0.0
733,757,171,173,405,True,False,143,143,0,0,0,0.0,0.0,0.0,0.0,0.0
734,791,171,180,146,True,False,228,228,0,0,0,0.0,0.0,0.0,0.0,0.0
734,792,171,180,297,True,True,228,228,6,18,1,0.0,2.0,0.07894736842105263,0.02631578947368421,0.07894736842105263
734,793,171,180,410,True,True,228,228,199,1484,32,0.0,2.0,6.508771929824562,0.8728070175438597,6.508771929824562
734,794,171,180,414,True,True,228,228,130,955,24,0.0,4.0,4.18859649122807,0.5701754385964912,4.18859649122807
735,1049,171,259,1,True,False,5,5,0,0,0,0.0,0.0,0.0,0.0,0.0
735,1050,171,259,30,True,False,5,5,0,0,0,0.0,0.0,0.0,0.0,0.0
735,1051,171,259,109,True,False,5,5,0,0,0,0.0,0.0,0.0,0.0,0.0
735,1052,171,259,146,True,False,5,5,0,0,0,0.0,0.0,0.0,0.0,0.0
735,1053,171,259,149,True,False,5,5,0,0,0,0.0,0.0,0.0,0.0,0.0
735,1054,171,259,163,True,False,5,5,0,0,0,0.0,0.0,0.0,0.0,0.0
735,1055,171,259,247,True,False,5,5,0,0,0,0.0,0.0,0.0,0.0,0.0
735,1056,171,259,252,True,False,5,5,0,0,0,0.0,0.0,0.0,0.0,0.0
735,1057,171,259,263,True,False,5,5,0,0,0,0.0,0.0,0.0,0.0,0.0
735,1058,171,259,288,True,False,5,5,0,0,0,0.0,0.0,0.0,0.0,0.0
735,1059,171,259,297,True,False,5,5,0,0,0,0.0,0.0,0.0,0.0,0.0
735,1060,171,259,328,True,False,5,5,0,0,0,0.0,0.0,0.0,0.0,0.0
735,1061,171,259,346,True,False,5,5,0,0,0,0.0,0.0,0.0,0.0,0.0
735,1062,171,259,352,True,False,5,5,0,0,0,0.0,0.0,0.0,0.0,0.0
735,1063,171,259,371,True,False,5,5,0,0,0,0.0,0.0,0.0,0.0,0.0
735,1064,171,259,382,True,False,5,5,0,0,0,0.0,0.0,0.0,0.0,0.0
735,1065,171,259,398,True,False,5,5,0,0,0,0.0,0.0,0.0,0.0,0.0
735,1066,171,259,404,True,False,5,5,0,0,0,0.0,0.0,0.0,0.0,0.0
735,1067,171,259,405,True,False,5,5,0,0,0,0.0,0.0,0.0,0.0,0.0
735,1068,171,259,410,True,True,5,5,3,15,2,0.0,0.0,3.0,0.6,3.0
735,1069,171,259,494,True,False,5,5,0,0,0,0.0,0.0,0.0,0.0,0.0
736,1108,171,271,1,True,False,78,78,0,0,0,0.0,0.0,0.0,0.0,0.0
736,1109,171,271,28,True,False,78,78,0,0,0,0.0,0.0,0.0,0.0,0.0
736,1110,171,271,42,True,False,78,78,0,0,0,0.0,0.0,0.0,0.0,0.0
736,1111,171,271,56,True,False,78,78,0,0,0,0.0,0.0,0.0,0.0,0.0
736,1112,171,271,63,True,False,78,78,0,0,0,0.0,0.0,0.0,0.0,0.0
736,1113,171,271,146,True,False,78,78,0,0,0,0.0,0.0,0.0,0.0,0.0
736,1114,171,271,164,True,True,78,78,6,6,2,0.0,0.0,0.07692307692307693,0.07692307692307693,0.07692307692307693
736,1115,171,271,171,True,True,78,78,4,4,1,0.0,0.0,0.05128205128205128,0.05128205128205128,0.05128205128205128
736,1116,171,271,173,True,True,78,78,4,4,1,0.0,0.0,0.05128205128205128,0.05128205128205128,0.05128205128205128
736,1117,171,271,180,True,True,78,78,46,247,10,0.0,0.0,3.1666666666666665,0.5897435897435898,3.1666666666666665
736,1118,171,271,196,True,False,78,78,0,0,0,0.0,0.0,0.0,0.0,0.0
736,1119,171,271,207,True,False,78,78,0,0,0,0.0,0.0,0.0,0.0,0.0
736,1120,171,271,222,True,False,78,78,0,0,0,0.0,0.0,0.0,0.0,0.0
736,1121,171,271,297,True,False,78,78,0,0,0,0.0,0.0,0.0,0.0,0.0
736,1122,171,271,355,True,False,78,78,0,0,0,0.0,0.0,0.0,0.0,0.0
736,1123,171,271,369,True,False,78,78,0,0,0,0.0,0.0,0.0,0.0,0.0
736,1124,171,271,410,True,True,78,78,26,34,6,0.0,0.0,0.4358974358974359,0.3333333333333333,0.4358974358974359
736,1125,171,271,429,True,False,78,78,0,0,0,0.0,0.0,0.0,0.0,0.0
737,1164,171,288,4,True,False,13,13,0,0,0,0.0,0.0,0.0,0.0,0.0
737,1165,171,288,50,True,False,13,13,0,0,0,0.0,0.0,0.0,0.0,0.0
737,1166,171,288,63,True,False,13,13,0,0,0,0.0,0.0,0.0,0.0,0.0
737,1167,171,288,138,True,False,13,13,0,0,0,0.0,0.0,0.0,0.0,0.0
737,1168,171,288,164,True,True,13,13,13,122,2,0.0,8.0,9.384615384615385,1.0,9.384615384615385
737,1169,171,288,172,True,False,13,13,0,0,0,0.0,0.0,0.0,0.0,0.0
737,1170,171,288,259,True,False,13,13,0,0,0,0.0,0.0,0.0,0.0,0.0
738,1202,171,297,1,True,False,6,6,0,0,0,0.0,0.0,0.0,0.0,0.0
738,1203,171,297,42,True,False,6,6,0,0,0,0.0,0.0,0.0,0.0,0.0
738,1204,171,297,56,True,False,6,6,0,0,0,0.0,0.0,0.0,0.0,0.0
738,1205,171,297,63,True,False,6,6,0,0,0,0.0,0.0,0.0,0.0,0.0
738,1206,171,297,112,True,False,6,6,0,0,0,0.0,0.0,0.0,0.0,0.0
738,1207,171,297,118,True,False,6,6,0,0,0,0.0,0.0,0.0,0.0,0.0
738,1208,171,297,151,True,False,6,6,0,0,0,0.0,0.0,0.0,0.0,0.0
738,1209,171,297,163,True,False,6,6,0,0,0,0.0,0.0,0.0,0.0,0.0
738,1210,171,297,222,True,False,6,6,0,0,0,0.0,0.0,0.0,0.0,0.0
738,1211,171,297,259,True,False,6,6,0,0,0,0.0,0.0,0.0,0.0,0.0
738,1212,171,297,271,True,False,6,6,0,0,0,0.0,0.0,0.0,0.0,0.0
738,1213,171,297,371,True,False,6,6,0,0,0,0.0,0.0,0.0,0.0,0.0
738,1214,171,297,382,True,False,6,6,0,0,0,0.0,0.0,0.0,0.0,0.0
738,1215,171,297,410,True,False,6,6,0,0,0,0.0,0.0,0.0,0.0,0.0
738,1216,171,297,414,True,False,6,6,0,0,0,0.0,0.0,0.0,0.0,0.0
738,1217,171,297,497,True,False,6,6,0,0,0,0.0,0.0,0.0,0.0,0.0
739,1629,171,410,146,True,False,34,34,0,0,0,0.0,0.0,0.0,0.0,0.0
739,1630,171,410,151,True,False,34,34,0,0,0,0.0,0.0,0.0,0.0,0.0
739,1631,171,410,164,True,True,34,34,1,5,1,0.0,2.0,0.14705882352941177,0.029411764705882353,0.14705882352941177
739,1632,171,410,180,True,True,34,34,19,85,8,0.0,0.0,2.5,0.5588235294117647,2.5
739,1633,171,410,205,True,True,34,34,3,3,1,9.0,9.0,0.08823529411764706,0.08823529411764706,0.08823529411764706
739,1634,171,410,207,True,False,34,34,0,0,0,0.0,0.0,0.0,0.0,0.0
739,1635,171,410,271,True,True,34,34,5,10,1,0.0,0.0,0.29411764705882354,0.14705882352941177,0.29411764705882354
739,1636,171,410,297,True,True,34,34,2,6,1,6.0,7.0,0.17647058823529413,0.058823529411764705,0.17647058823529413
739,1637,171,410,355,True,False,34,34,0,0,0,0.0,0.0,0.0,0.0,0.0
739,1638,171,410,369,True,False,34,34,0,0,0,0.0,0.0,0.0,0.0,0.0
739,1639,171,410,405,True,False,34,34,0,0,0,0.0,0.0,0.0,0.0,0.0
739,1640,171,410,414,True,True,34,34,11,121,5,4.0,7.0,3.5588235294117645,0.3235294117647059,3.5588235294117645
739,1641,171,410,429,True,False,34,34,0,0,0,0.0,0.0,0.0,0.0,0.0
739,1642,171,410,485,True,True,34,34,3,3,2,7.0,8.0,0.08823529411764706,0.08823529411764706,0.08823529411764706
740,28,172,4,63,True,True,104,104,50,694,6,0.0,4.0,6.673076923076923,0.4807692307692308,6.673076923076923
740,29,172,4,138,True,False,104,104,0,0,0,0.0,0.0,0.0,0.0,0.0
741,462,172,118,63,True,True,82,82,82,1165,6,0.0,4.0,14.207317073170731,1.0,14.207317073170731
741,463,172,118,340,True,False,82,82,0,0,0,0.0,0.0,0.0,0.0,0.0
742,506,172,138,42,True,True,216,216,15,90,1,3.0,7.0,0.4166666666666667,0.06944444444444445,0.4166666666666667
742,507,172,138,63,True,True,216,216,161,2063,10,0.0,5.0,9.550925925925926,0.7453703703703703,9.550925925925926
742,508,172,138,151,True,False,216,216,0,0,0,0.0,0.0,0.0,0.0,0.0
742,509,172,138,171,True,False,216,216,0,0,0,0.0,0.0,0.0,0.0,0.0
742,510,172,138,258,True,False,216,216,0,0,0,0.0,0.0,0.0,0.0,0.0
742,511,172,138,288,True,True,216,216,19,180,2,0.0,1.0,0.8333333333333334,0.08796296296296297,0.8333333333333334
742,512,172,138,340,True,True,216,216,3,15,1,0.0,3.0,0.06944444444444445,0.013888888888888888,0.06944444444444445
742,513,172,138,415,True,False,216,216,0,0,0,0.0,0.0,0.0,0.0,0.0
743,669,172,164,4,True,True,208,208,14,62,2,0.0,0.0,0.2980769230769231,0.0673076923076923,0.2980769230769231
743,670,172,164,8,True,False,208,208,0,0,0,0.0,0.0,0.0,0.0,0.0
743,671,172,164,42,True,False,208,208,0,0,0,0.0,0.0,0.0,0.0,0.0
743,672,172,164,50,True,False,208,208,0,0,0,0.0,0.0,0.0,0.0,0.0
743,673,172,164,63,True,True,208,208,35,454,3,0.0,5.0,2.1826923076923075,0.16826923076923078,2.1826923076923075
743,674,172,164,100,True,False,208,208,0,0,0,0.0,0.0,0.0,0.0,0.0
743,675,172,164,146,True,True,208,208,125,1660,8,0.0,6.0,7.980769230769231,0.6009615384615384,7.980769230769231
743,676,172,164,151,True,False,208,208,0,0,0,0.0,0.0,0.0,0.0,0.0
743,677,172,164,171,True,False,208,208,0,0,0,0.0,0.0,0.0,0.0,0.0
743,678,172,164,172,True,True,208,208,16,38,2,0.0,0.0,0.18269230769230768,0.07692307692307693,0.18269230769230768
743,679,172,164,180,True,True,208,208,1,5,1,0.0,0.0,0.02403846153846154,0.004807692307692308,0.02403846153846154
743,680,172,164,271,True,False,208,208,0,0,0,0.0,0.0,0.0,0.0,0.0
743,681,172,164,288,True,True,208,208,14,85,2,0.0,0.0,0.40865384615384615,0.0673076923076923,0.40865384615384615
743,682,172,164,410,True,False,208,208,0,0,0,0.0,0.0,0.0,0.0,0.0
744,747,172,173,1,True,False,27,27,0,0,0,0.0,0.0,0.0,0.0,0.0
744,748,172,173,42,True,False,27,27,0,0,0,0.0,0.0,0.0,0.0,0.0
744,749,172,173,118,True,True,27,27,16,155,2,0.0,4.0,5.7407407407407405,0.5925925925925926,5.7407407407407405
744,750,172,173,138,True,True,27,27,11,99,1,0.0,1.0,3.6666666666666665,0.4074074074074074,3.6666666666666665
744,751,172,173,146,True,False,27,27,0,0,0,0.0,0.0,0.0,0.0,0.0
744,752,172,173,171,True,False,27,27,0,0,0,0.0,0.0,0.0,0.0,0.0
744,753,172,173,222,True,False,27,27,0,0,0,0.0,0.0,0.0,0.0,0.0
744,754,172,173,271,True,False,27,27,0,0,0,0.0,0.0,0.0,0.0,0.0
744,755,172,173,297,True,False,27,27,0,0,0,0.0,0.0,0.0,0.0,0.0
744,756,172,173,340,True,True,27,27,9,27,1,3.0,6.0,1.0,0.3333333333333333,1.0
744,757,172,173,405,True,False,27,27,0,0,0,0.0,0.0,0.0,0.0,0.0
745,791,172,180,146,True,False,27,27,0,0,0,0.0,0.0,0.0,0.0,0.0
745,792,172,180,297,True,False,27,27,0,0,0,0.0,0.0,0.0,0.0,0.0
745,793,172,180,410,True,True,27,27,27,162,5,0.0,2.0,6.0,1.0,6.0
745,794,172,180,414,True,True,27,27,23,192,4,0.0,3.0,7.111111111111111,0.8518518518518519,7.111111111111111
746,1164,172,288,4,True,False,93,93,0,0,0,0.0,0.0,0.0,0.0,0.0
746,1165,172,288,50,True,False,93,93,0,0,0,0.0,0.0,0.0,0.0,0.0
746,1166,172,288,63,True,True,93,93,92,1195,7,0.0,2.0,12.849462365591398,0.989247311827957,12.849462365591398
746,1167,172,288,138,True,True,93,93,1,5,1,0.0,2.0,0.053763440860215055,0.010752688172043012,0.053763440860215055
746,1168,172,288,164,True,False,93,93,0,0,0,0.0,0.0,0.0,0.0,0.0
746,1169,172,288,172,True,False,93,93,0,0,0,0.0,0.0,0.0,0.0,0.0
746,1170,172,288,259,True,False,93,93,0,0,0,0.0,0.0,0.0,0.0,0.0
747,0,173,1,56,True,False,8,8,0,0,0,0.0,0.0,0.0,0.0,0.0
747,1,173,1,196,True,False,8,8,0,0,0,0.0,0.0,0.0,0.0,0.0
747,2,173,1,203,True,False,8,8,0,0,0,0.0,0.0,0.0,0.0,0.0
747,3,173,1,207,True,True,8,8,3,15,1,8.0,9.0,1.875,0.375,1.875
747,4,173,1,222,True,True,8,8,8,91,2,0.0,1.0,11.375,1.0,11.375
747,5,173,1,263,True,False,8,8,0,0,0,0.0,0.0,0.0,0.0,0.0
747,6,173,1,271,True,False,8,8,0,0,0,0.0,0.0,0.0,0.0,0.0
747,7,173,1,297,True,False,8,8,0,0,0,0.0,0.0,0.0,0.0,0.0
747,8,173,1,299,True,False,8,8,0,0,0,0.0,0.0,0.0,0.0,0.0
747,9,173,1,303,True,False,8,8,0,0,0,0.0,0.0,0.0,0.0,0.0
747,10,173,1,355,True,False,8,8,0,0,0,0.0,0.0,0.0,0.0,0.0
747,11,173,1,362,True,False,8,8,0,0,0,0.0,0.0,0.0,0.0,0.0
747,12,173,1,429,True,False,8,8,0,0,0,0.0,0.0,0.0,0.0,0.0
748,246,173,42,8,True,False,102,102,0,0,0,0.0,0.0,0.0,0.0,0.0
748,247,173,42,10,True,False,102,102,0,0,0,0.0,0.0,0.0,0.0,0.0
748,248,173,42,149,True,False,102,102,0,0,0,0.0,0.0,0.0,0.0,0.0
748,249,173,42,151,True,True,102,102,36,488,4,0.0,4.0,4.784313725490196,0.35294117647058826,4.784313725490196
748,250,173,42,258,True,True,102,102,40,457,7,0.0,3.0,4.480392156862745,0.39215686274509803,4.480392156862745
748,251,173,42,390,True,True,102,102,9,48,1,5.0,8.0,0.47058823529411764,0.08823529411764706,0.47058823529411764
748,252,173,42,405,True,True,102,102,16,126,3,0.0,1.0,1.2352941176470589,0.1568627450980392,1.2352941176470589
748,253,173,42,415,True,False,102,102,0,0,0,0.0,0.0,0.0,0.0,0.0
749,462,173,118,63,True,True,20,20,20,149,2,0.0,3.0,7.45,1.0,7.45
749,463,173,118,340,True,True,20,20,12,78,1,0.0,1.0,3.9,0.6,3.9
750,506,173,138,42,True,True,100,100,45,414,3,0.0,2.0,4.14,0.45,4.14
750,507,173,138,63,True,True,100,100,37,155,3,0.0,3.0,1.55,0.37,1.55
750,508,173,138,151,True,False,100,100,0,0,0,0.0,0.0,0.0,0.0,0.0
750,509,173,138,171,True,False,100,100,0,0,0,0.0,0.0,0.0,0.0,0.0
750,510,173,138,258,True,False,100,100,0,0,0,0.0,0.0,0.0,0.0,0.0
750,511,173,138,288,True,False,100,100,0,0,0,0.0,0.0,0.0,0.0,0.0
750,512,173,138,340,True,True,100,100,85,529,6,0.0,2.0,5.29,0.85,5.29
750,513,173,138,415,True,False,100,100,0,0,0,0.0,0.0,0.0,0.0,0.0
751,573,173,146,8,True,False,3,3,0,0,0,0.0,0.0,0.0,0.0,0.0
751,574,173,146,42,True,True,3,3,3,12,2,0.0,0.0,4.0,1.0,4.0
751,575,173,146,100,True,False,3,3,0,0,0,0.0,0.0,0.0,0.0,0.0
751,576,173,146,151,True,False,3,3,0,0,0,0.0,0.0,0.0,0.0,0.0
751,577,173,146,230,True,False,3,3,0,0,0,0.0,0.0,0.0,0.0,0.0
751,578,173,146,315,True,False,3,3,0,0,0,0.0,0.0,0.0,0.0,0.0
751,579,173,146,404,True,False,3,3,0,0,0,0.0,0.0,0.0,0.0,0.0
751,580,173,146,405,True,True,3,3,3,7,2,0.0,0.0,2.3333333333333335,1.0,2.3333333333333335
751,581,173,146,485,True,False,3,3,0,0,0,0.0,0.0,0.0,0.0,0.0
752,722,173,171,4,True,False,4,4,0,0,0,0.0,0.0,0.0,0.0,0.0
752,723,173,171,8,True,False,4,4,0,0,0,0.0,0.0,0.0,0.0,0.0
752,724,173,171,26,True,False,4,4,0,0,0,0.0,0.0,0.0,0.0,0.0
752,725,173,171,42,True,False,4,4,0,0,0,0.0,0.0,0.0,0.0,0.0
752,726,173,171,109,True,False,4,4,0,0,0,0.0,0.0,0.0,0.0,0.0
752,727,173,171,118,True,False,4,4,0,0,0,0.0,0.0,0.0,0.0,0.0
752,728,173,171,138,True,False,4,4,0,0,0,0.0,0.0,0.0,0.0,0.0
752,729,173,171,151,True,False,4,4,0,0,0,0.0,0.0,0.0,0.0,0.0
752,730,173,171,163,True,False,4,4,0,0,0,0.0,0.0,0.0,0.0,0.0
752,731,173,171,164,True,False,4,4,0,0,0,0.0,0.0,0.0,0.0,0.0
752,732,173,171,172,True,False,4,4,0,0,0,0.0,0.0,0.0,0.0,0.0
752,733,173,171,173,True,False,4,4,0,0,0,0.0,0.0,0.0,0.0,0.0
752,734,173,171,180,True,False,4,4,0,0,0,0.0,0.0,0.0,0.0,0.0
752,735,173,171,259,True,False,4,4,0,0,0,0.0,0.0,0.0,0.0,0.0
752,736,173,171,271,True,False,4,4,0,0,0,0.0,0.0,0.0,0.0,0.0
752,737,173,171,288,True,False,4,4,0,0,0,0.0,0.0,0.0,0.0,0.0
752,738,173,171,297,True,False,4,4,0,0,0,0.0,0.0,0.0,0.0,0.0
752,739,173,171,410,True,False,4,4,0,0,0,0.0,0.0,0.0,0.0,0.0
753,889,173,222,1,True,False,5,5,0,0,0,0.0,0.0,0.0,0.0,0.0
753,890,173,222,56,True,False,5,5,0,0,0,0.0,0.0,0.0,0.0,0.0
753,891,173,222,207,True,True,5,5,2,30,1,1.0,4.0,6.0,0.4,6.0
753,892,173,222,263,True,False,5,5,0,0,0,0.0,0.0,0.0,0.0,0.0
753,893,173,222,355,True,False,5,5,0,0,0,0.0,0.0,0.0,0.0,0.0
753,894,173,222,410,True,False,5,5,0,0,0,0.0,0.0,0.0,0.0,0.0
753,895,173,222,415,True,False,5,5,0,0,0,0.0,0.0,0.0,0.0,0.0
753,896,173,222,429,True,False,5,5,0,0,0,0.0,0.0,0.0,0.0,0.0
754,1108,173,271,1,True,False,5,5,0,0,0,0.0,0.0,0.0,0.0,0.0
754,1109,173,271,28,True,False,5,5,0,0,0,0.0,0.0,0.0,0.0,0.0
754,1110,173,271,42,True,False,5,5,0,0,0,0.0,0.0,0.0,0.0,0.0
754,1111,173,271,56,True,False,5,5,0,0,0,0.0,0.0,0.0,0.0,0.0
754,1112,173,271,63,True,False,5,5,0,0,0,0.0,0.0,0.0,0.0,0.0
754,1113,173,271,146,True,False,5,5,0,0,0,0.0,0.0,0.0,0.0,0.0
754,1114,173,271,164,True,False,5,5,0,0,0,0.0,0.0,0.0,0.0,0.0
754,1115,173,271,171,True,True,5,5,1,1,1,0.0,0.0,0.2,0.2,0.2
754,1116,173,271,173,True,False,5,5,0,0,0,0.0,0.0,0.0,0.0,0.0
754,1117,173,271,180,True,False,5,5,0,0,0,0.0,0.0,0.0,0.0,0.0
754,1118,173,271,196,True,False,5,5,0,0,0,0.0,0.0,0.0,0.0,0.0
754,1119,173,271,207,True,False,5,5,0,0,0,0.0,0.0,0.0,0.0,0.0
754,1120,173,271,222,True,False,5,5,0,0,0,0.0,0.0,0.0,0.0,0.0
754,1121,173,271,297,True,False,5,5,0,0,0,0.0,0.0,0.0,0.0,0.0
754,1122,173,271,355,True,False,5,5,0,0,0,0.0,0.0,0.0,0.0,0.0
754,1123,173,271,369,True,False,5,5,0,0,0,0.0,0.0,0.0,0.0,0.0
754,1124,173,271,410,True,True,5,5,1,1,1,0.0,0.0,0.2,0.2,0.2
754,1125,173,271,429,True,False,5,5,0,0,0,0.0,0.0,0.0,0.0,0.0
755,1202,173,297,1,True,False,4,4,0,0,0,0.0,0.0,0.0,0.0,0.0
755,1203,173,297,42,True,False,4,4,0,0,0,0.0,0.0,0.0,0.0,0.0
755,1204,173,297,56,True,False,4,4,0,0,0,0.0,0.0,0.0,0.0,0.0
755,1205,173,297,63,True,False,4,4,0,0,0,0.0,0.0,0.0,0.0,0.0
755,1206,173,297,112,True,False,4,4,0,0,0,0.0,0.0,0.0,0.0,0.0
755,1207,173,297,118,True,False,4,4,0,0,0,0.0,0.0,0.0,0.0,0.0
755,1208,173,297,151,True,False,4,4,0,0,0,0.0,0.0,0.0,0.0,0.0
755,1209,173,297,163,True,False,4,4,0,0,0,0.0,0.0,0.0,0.0,0.0
755,1210,173,297,222,True,False,4,4,0,0,0,0.0,0.0,0.0,0.0,0.0
755,1211,173,297,259,True,False,4,4,0,0,0,0.0,0.0,0.0,0.0,0.0
755,1212,173,297,271,True,False,4,4,0,0,0,0.0,0.0,0.0,0.0,0.0
755,1213,173,297,371,True,False,4,4,0,0,0,0.0,0.0,0.0,0.0,0.0
755,1214,173,297,382,True,False,4,4,0,0,0,0.0,0.0,0.0,0.0,0.0
755,1215,173,297,410,True,False,4,4,0,0,0,0.0,0.0,0.0,0.0,0.0
755,1216,173,297,414,True,False,4,4,0,0,0,0.0,0.0,0.0,0.0,0.0
755,1217,173,297,497,True,False,4,4,0,0,0,0.0,0.0,0.0,0.0,0.0
756,1359,173,340,42,True,True,383,383,155,1635,10,0.0,5.0,4.268929503916449,0.4046997389033943,4.268929503916449
756,1360,173,340,63,True,True,383,383,26,191,4,0.0,3.0,0.49869451697127937,0.06788511749347259,0.49869451697127937
756,1361,173,340,138,True,True,383,383,4,8,1,0.0,0.0,0.020887728459530026,0.010443864229765013,0.020887728459530026
756,1362,173,340,173,True,True,383,383,14,19,1,0.0,0.0,0.04960835509138381,0.03655352480417755,0.04960835509138381
756,1363,173,340,258,True,True,383,383,21,68,2,6.0,9.0,0.17754569190600522,0.05483028720626632,0.17754569190600522
756,1364,173,340,382,True,True,383,383,27,107,2,0.0,4.0,0.2793733681462141,0.07049608355091384,0.2793733681462141
756,1365,173,340,405,True,True,383,383,30,91,2,4.0,8.0,0.23759791122715404,0.0783289817232376,0.23759791122715404
756,1366,173,340,415,True,True,383,383,196,1519,9,1.0,8.0,3.966057441253264,0.5117493472584856,3.966057441253264
757,1618,173,405,10,True,False,3,3,0,0,0,0.0,0.0,0.0,0.0,0.0
757,1619,173,405,80,True,False,3,3,0,0,0,0.0,0.0,0.0,0.0,0.0
757,1620,173,405,100,True,False,3,3,0,0,0,0.0,0.0,0.0,0.0,0.0
757,1621,173,405,117,True,False,3,3,0,0,0,0.0,0.0,0.0,0.0,0.0
757,1622,173,405,258,True,True,3,3,1,11,1,0.0,1.0,3.6666666666666665,0.3333333333333333,3.6666666666666665
757,1623,173,405,311,True,False,3,3,0,0,0,0.0,0.0,0.0,0.0,0.0
757,1624,173,405,315,True,False,3,3,0,0,0,0.0,0.0,0.0,0.0,0.0
757,1625,173,405,390,True,False,3,3,0,0,0,0.0,0.0,0.0,0.0,0.0
757,1626,173,405,404,True,False,3,3,0,0,0,0.0,0.0,0.0,0.0,0.0
757,1627,173,405,485,True,False,3,3,0,0,0,0.0,0.0,0.0,0.0,0.0
758,13,175,2,21,True,False,19,19,0,0,0,0.0,0.0,0.0,0.0,0.0
758,14,175,2,31,True,False,19,19,0,0,0,0.0,0.0,0.0,0.0,0.0
758,15,175,2,43,True,False,19,19,0,0,0,0.0,0.0,0.0,0.0,0.0
758,16,175,2,61,True,False,19,19,0,0,0,0.0,0.0,0.0,0.0,0.0
758,17,175,2,74,True,False,19,19,0,0,0,0.0,0.0,0.0,0.0,0.0
758,18,175,2,126,True,True,19,19,12,52,1,0.0,1.0,2.736842105263158,0.631578947368421,2.736842105263158
758,19,175,2,144,True,False,19,19,0,0,0,0.0,0.0,0.0,0.0,0.0
758,20,175,2,175,True,True,19,19,2,2,1,0.0,0.0,0.10526315789473684,0.10526315789473684,0.10526315789473684
758,21,175,2,179,True,False,19,19,0,0,0,0.0,0.0,0.0,0.0,0.0
758,22,175,2,186,True,False,19,19,0,0,0,0.0,0.0,0.0,0.0,0.0
758,23,175,2,313,True,False,19,19,0,0,0,0.0,0.0,0.0,0.0,0.0
758,24,175,2,488,True,False,19,19,0,0,0,0.0,0.0,0.0,0.0,0.0
759,117,175,21,12,True,False,68,68,0,0,0,0.0,0.0,0.0,0.0,0.0
759,118,175,21,31,True,True,68,68,68,147,16,0.0,0.0,2.161764705882353,1.0,2.161764705882353
759,119,175,21,74,True,True,68,68,57,70,14,0.0,0.0,1.0294117647058822,0.8382352941176471,1.0294117647058822
759,120,175,21,121,True,False,68,68,0,0,0,0.0,0.0,0.0,0.0,0.0
759,121,175,21,141,True,False,68,68,0,0,0,0.0,0.0,0.0,0.0,0.0
759,122,175,21,156,True,False,68,68,0,0,0,0.0,0.0,0.0,0.0,0.0
759,123,175,21,186,True,True,68,68,4,4,1,0.0,0.0,0.058823529411764705,0.058823529411764705,0.058823529411764705
759,124,175,21,248,True,True,68,68,68,76,16,0.0,0.0,1.1176470588235294,1.0,1.1176470588235294
759,125,175,21,319,True,False,68,68,0,0,0,0.0,0.0,0.0,0.0,0.0
759,126,175,21,381,True,False,68,68,0,0,0,0.0,0.0,0.0,0.0,0.0
759,127,175,21,449,True,False,68,68,0,0,0,0.0,0.0,0.0,0.0,0.0
759,128,175,21,463,True,True,68,68,45,59,11,0.0,0.0,0.8676470588235294,0.6617647058823529,0.8676470588235294
760,193,175,31,12,True,False,168,168,0,0,0,0.0,0.0,0.0,0.0,0.0
760,194,175,31,74,True,True,168,168,155,312,30,0.0,0.0,1.8571428571428572,0.9226190476190477,1.8571428571428572
760,195,175,31,121,True,False,168,168,0,0,0,0.0,0.0,0.0,0.0,0.0
760,196,175,31,169,True,False,168,168,0,0,0,0.0,0.0,0.0,0.0,0.0
760,197,175,31,248,True,True,168,168,162,277,31,0.0,0.0,1.6488095238095237,0.9642857142857143,1.6488095238095237
760,198,175,31,262,True,False,168,168,0,0,0,0.0,0.0,0.0,0.0,0.0
760,199,175,31,281,True,True,168,168,113,132,19,0.0,1.0,0.7857142857142857,0.6726190476190477,0.7857142857142857
760,200,175,31,335,True,False,168,168,0,0,0,0.0,0.0,0.0,0.0,0.0
760,201,175,31,383,True,False,168,168,0,0,0,0.0,0.0,0.0,0.0,0.0
760,202,175,31,433,True,False,168,168,0,0,0,0.0,0.0,0.0,0.0,0.0
760,203,175,31,455,True,True,168,168,20,25,6,0.0,0.0,0.1488095238095238,0.11904761904761904,0.1488095238095238
760,204,175,31,463,True,True,168,168,168,484,31,0.0,0.0,2.880952380952381,1.0,2.880952380952381
761,254,175,43,13,True,True,171,171,6,14,1,0.0,1.0,0.08187134502923976,0.03508771929824561,0.08187134502923976
761,255,175,43,34,True,True,171,171,146,484,26,0.0,1.0,2.8304093567251463,0.8538011695906432,2.8304093567251463
761,256,175,43,113,True,True,171,171,73,114,13,0.0,2.0,0.6666666666666666,0.4269005847953216,0.6666666666666666
761,257,175,43,251,True,True,171,171,6,6,1,0.0,1.5,0.03508771929824561,0.03508771929824561,0.03508771929824561
761,258,175,43,321,True,False,171,171,0,0,0,0.0,0.0,0.0,0.0,0.0
761,259,175,43,353,True,True,171,171,19,33,3,0.0,1.0,0.19298245614035087,0.1111111111111111,0.19298245614035087
761,260,175,43,481,True,True,171,171,31,39,5,0.0,1.0,0.22807017543859648,0.18128654970760233,0.22807017543859648
762,293,175,61,12,True,False,152,152,0,0,0,0.0,0.0,0.0,0.0,0.0
762,294,175,61,21,True,True,152,152,53,56,12,0.0,0.0,0.3684210526315789,0.34868421052631576,0.3684210526315789
762,295,175,61,31,True,True,152,152,147,283,25,0.0,0.0,1.861842105263158,0.9671052631578947,1.861842105263158
762,296,175,61,74,True,True,152,152,139,201,25,0.0,0.0,1.3223684210526316,0.9144736842105263,1.3223684210526316
762,297,175,61,121,True,False,152,152,0,0,0,0.0,0.0,0.0,0.0,0.0
762,298,175,61,141,True,False,152,152,0,0,0,0.0,0.0,0.0,0.0,0.0
762,299,175,61,156,True,False,152,152,0,0,0,0.0,0.0,0.0,0.0,0.0
762,300,175,61,186,True,True,152,152,88,106,15,0.0,0.0,0.6973684210526315,0.5789473684210527,0.6973684210526315
762,301,175,61,248,True,True,152,152,95,104,19,0.0,0.0,0.6842105263157895,0.625,0.6842105263157895
762,302,175,61,381,True,False,152,152,0,0,0,0.0,0.0,0.0,0.0,0.0
762,303,175,61,463,True,True,152,152,18,18,5,0.0,0.0,0.11842105263157894,0.11842105263157894,0.11842105263157894
763,318,175,74,2,True,False,39,39,0,0,0,0.0,0.0,0.0,0.0,0.0
763,319,175,74,6,True,False,39,39,0,0,0,0.0,0.0,0.0,0.0,0.0
763,320,175,74,12,True,False,39,39,0,0,0,0.0,0.0,0.0,0.0,0.0
763,321,175,74,58,True,False,39,39,0,0,0,0.0,0.0,0.0,0.0,0.0
763,322,175,74,121,True,False,39,39,0,0,0,0.0,0.0,0.0,0.0,0.0
763,323,175,74,139,True,False,39,39,0,0,0,0.0,0.0,0.0,0.0,0.0
763,324,175,74,169,True,False,39,39,0,0,0,0.0,0.0,0.0,0.0,0.0
763,325,175,74,175,True,False,39,39,0,0,0,0.0,0.0,0.0,0.0,0.0
763,326,175,74,243,True,False,39,39,0,0,0,0.0,0.0,0.0,0.0,0.0
763,327,175,74,248,True,True,39,39,37,51,26,0.0,0.0,1.3076923076923077,0.9487179487179487,1.3076923076923077
763,328,175,74,281,True,True,39,39,27,92,18,0.0,0.0,2.358974358974359,0.6923076923076923,2.358974358974359
763,329,175,74,335,True,False,39,39,0,0,0,0.0,0.0,0.0,0.0,0.0
763,330,175,74,361,True,False,39,39,0,0,0,0.0,0.0,0.0,0.0,0.0
763,331,175,74,383,True,False,39,39,0,0,0,0.0,0.0,0.0,0.0,0.0
763,332,175,74,433,True,False,39,39,0,0,0,0.0,0.0,0.0,0.0,0.0
763,333,175,74,449,True,False,39,39,0,0,0,0.0,0.0,0.0,0.0,0.0
763,334,175,74,455,True,True,39,39,6,16,5,0.0,0.0,0.41025641025641024,0.15384615384615385,0.41025641025641024
763,335,175,74,463,True,True,39,39,39,91,26,0.0,0.0,2.3333333333333335,1.0,2.3333333333333335
763,336,175,74,508,True,False,39,39,0,0,0,0.0,0.0,0.0,0.0,0.0
764,352,175,80,10,True,False,193,193,0,0,0,0.0,0.0,0.0,0.0,0.0
764,353,175,80,79,True,False,193,193,0,0,0,0.0,0.0,0.0,0.0,0.0
764,354,175,80,118,True,False,193,193,0,0,0,0.0,0.0,0.0,0.0,0.0
764,355,175,80,138,True,False,193,193,0,0,0,0.0,0.0,0.0,0.0,0.0
764,356,175,80,149,True,True,193,193,6,29,1,0.0,2.0,0.15025906735751296,0.031088082901554404,0.15025906735751296
764,357,175,80,151,True,True,193,193,22,187,3,0.0,2.0,0.9689119170984456,0.11398963730569948,0.9689119170984456
764,358,175,80,171,True,True,193,193,29,368,3,0.0,5.0,1.9067357512953367,0.15025906735751296,1.9067357512953367
764,359,175,80,230,True,False,193,193,0,0,0,0.0,0.0,0.0,0.0,0.0
764,360,175,80,258,True,True,193,193,7,25,3,0.0,1.0,0.12953367875647667,0.03626943005181347,0.12953367875647667
764,361,175,80,268,True,True,193,193,89,1104,9,0.0,7.0,5.72020725388601,0.46113989637305697,5.72020725388601
764,362,175,80,297,True,True,193,193,36,36,3,4.0,7.0,0.18652849740932642,0.18652849740932642,0.18652849740932642
764,363,175,80,311,True,True,193,193,28,287,3,0.0,5.0,1.4870466321243523,0.14507772020725387,1.4870466321243523
764,364,175,80,390,True,True,193,193,76,391,10,0.0,2.0,2.0259067357512954,0.39378238341968913,2.0259067357512954
764,365,175,80,415,True,True,193,193,3,5,1,0.0,0.0,0.025906735751295335,0.015544041450777202,0.025906735751295335
765,482,175,126,2,True,True,47,47,16,185,2,0.0,6.0,3.9361702127659575,0.3404255319148936,3.9361702127659575
765,483,175,126,79,True,False,47,47,0,0,0,0.0,0.0,0.0,0.0,0.0
765,484,175,126,80,True,True,47,47,11,75,2,0.0,0.0,1.5957446808510638,0.23404255319148937,1.5957446808510638
765,485,175,126,144,True,False,47,47,0,0,0,0.0,0.0,0.0,0.0,0.0
765,486,175,126,175,True,True,47,47,14,155,1,0.0,1.0,3.297872340425532,0.2978723404255319,3.297872340425532
765,487,175,126,258,True,True,47,47,10,46,1,0.0,2.0,0.9787234042553191,0.2127659574468085,0.9787234042553191
765,488,175,126,371,True,False,47,47,0,0,0,0.0,0.0,0.0,0.0,0.0
766,514,175,139,22,True,False,356,356,0,0,0,0.0,0.0,0.0,0.0,0.0
766,515,175,139,79,True,False,356,356,0,0,0,0.0,0.0,0.0,0.0,0.0
766,516,175,139,80,True,True,356,356,208,1343,19,0.0,1.0,3.7724719101123596,0.5842696629213483,3.7724719101123596
766,517,175,139,126,True,True,356,356,32,208,4,0.0,1.0,0.5842696629213483,0.0898876404494382,0.5842696629213483
766,518,175,139,144,True,False,356,356,0,0,0,0.0,0.0,0.0,0.0,0.0
766,519,175,139,149,True,True,356,356,23,196,3,0.0,2.0,0.550561797752809,0.06460674157303371,0.550561797752809
766,520,175,139,151,True,False,356,356,0,0,0,0.0,0.0,0.0,0.0,0.0
766,521,175,139,175,True,True,356,356,52,123,5,0.0,1.0,0.3455056179775281,0.14606741573033707,0.3455056179775281
766,522,175,139,184,True,False,356,356,0,0,0,0.0,0.0,0.0,0.0,0.0
766,523,175,139,199,True,False,356,356,0,0,0,0.0,0.0,0.0,0.0,0.0
766,524,175,139,229,True,False,356,356,0,0,0,0.0,0.0,0.0,0.0,0.0
766,525,175,139,230,True,False,356,356,0,0,0,0.0,0.0,0.0,0.0,0.0
766,526,175,139,258,True,True,356,356,31,93,3,0.0,2.0,0.2612359550561798,0.08707865168539326,0.2612359550561798
766,527,175,139,273,True,False,356,356,0,0,0,0.0,0.0,0.0,0.0,0.0
766,528,175,139,311,True,True,356,356,59,301,7,0.0,2.0,0.8455056179775281,0.16573033707865167,0.8455056179775281
766,529,175,139,315,True,False,356,356,0,0,0,0.0,0.0,0.0,0.0,0.0
766,530,175,139,390,True,True,356,356,35,136,4,0.0,3.5,0.38202247191011235,0.09831460674157304,0.38202247191011235
766,531,175,139,415,True,True,356,356,131,759,13,0.0,1.0,2.1320224719101124,0.36797752808988765,2.1320224719101124
767,780,175,179,13,True,True,73,73,4,4,1,0.0,0.0,0.0547945205479452,0.0547945205479452,0.0547945205479452
767,781,175,179,34,True,True,73,73,7,7,2,0.0,0.0,0.0958904109589041,0.0958904109589041,0.0958904109589041
767,782,175,179,43,True,True,73,73,71,235,18,0.0,0.0,3.219178082191781,0.9726027397260274,3.219178082191781
767,783,175,179,129,True,False,73,73,0,0,0,0.0,0.0,0.0,0.0,0.0
767,784,175,179,245,True,False,73,73,0,0,0,0.0,0.0,0.0,0.0,0.0
767,785,175,179,253,True,False,73,73,0,0,0,0.0,0.0,0.0,0.0,0.0
767,786,175,179,256,True,False,73,73,0,0,0,0.0,0.0,0.0,0.0,0.0
767,787,175,179,313,True,False,73,73,0,0,0,0.0,0.0,0.0,0.0,0.0
767,788,175,179,353,True,False,73,73,0,0,0,0.0,0.0,0.0,0.0,0.0
767,789,175,179,472,True,False,73,73,0,0,0,0.0,0.0,0.0,0.0,0.0
767,790,175,179,488,True,True,73,73,2,6,1,0.0,0.0,0.0821917808219178,0.0273972602739726,0.0821917808219178
768,808,175,186,12,True,False,83,83,0,0,0,0.0,0.0,0.0,0.0,0.0
768,809,175,186,21,True,False,83,83,0,0,0,0.0,0.0,0.0,0.0,0.0
768,810,175,186,31,True,True,83,83,83,165,17,0.0,0.0,1.9879518072289157,1.0,1.9879518072289157
768,811,175,186,74,True,True,83,83,83,135,17,0.0,0.0,1.6265060240963856,1.0,1.6265060240963856
768,812,175,186,121,True,False,83,83,0,0,0,0.0,0.0,0.0,0.0,0.0
768,813,175,186,141,True,False,83,83,0,0,0,0.0,0.0,0.0,0.0,0.0
768,814,175,186,156,True,False,83,83,0,0,0,0.0,0.0,0.0,0.0,0.0
768,815,175,186,248,True,True,83,83,77,89,17,0.0,0.0,1.072289156626506,0.927710843373494,1.072289156626506
768,816,175,186,319,True,False,83,83,0,0,0,0.0,0.0,0.0,0.0,0.0
768,817,175,186,381,True,False,83,83,0,0,0,0.0,0.0,0.0,0.0,0.0
768,818,175,186,449,True,False,83,83,0,0,0,0.0,0.0,0.0,0.0,0.0
768,819,175,186,463,True,True,83,83,67,74,14,0.0,0.0,0.891566265060241,0.8072289156626506,0.891566265060241
769,980,175,248,2,True,False,4,4,0,0,0,0.0,0.0,0.0,0.0,0.0
769,981,175,248,12,True,False,4,4,0,0,0,0.0,0.0,0.0,0.0,0.0
769,982,175,248,22,True,False,4,4,0,0,0,0.0,0.0,0.0,0.0,0.0
769,983,175,248,121,True,False,4,4,0,0,0,0.0,0.0,0.0,0.0,0.0
769,984,175,248,139,True,False,4,4,0,0,0,0.0,0.0,0.0,0.0,0.0
769,985,175,248,144,True,False,4,4,0,0,0,0.0,0.0,0.0,0.0,0.0
769,986,175,248,169,True,False,4,4,0,0,0,0.0,0.0,0.0,0.0,0.0
769,987,175,248,175,True,False,4,4,0,0,0,0.0,0.0,0.0,0.0,0.0
769,988,175,248,262,True,False,4,4,0,0,0,0.0,0.0,0.0,0.0,0.0
769,989,175,248,273,True,False,4,4,0,0,0,0.0,0.0,0.0,0.0,0.0
769,990,175,248,281,True,True,4,4,3,12,3,0.0,0.0,3.0,0.75,3.0
769,991,175,248,335,True,False,4,4,0,0,0,0.0,0.0,0.0,0.0,0.0
769,992,175,248,383,True,False,4,4,0,0,0,0.0,0.0,0.0,0.0,0.0
769,993,175,248,433,True,False,4,4,0,0,0,0.0,0.0,0.0,0.0,0.0
769,994,175,248,455,True,False,4,4,0,0,0,0.0,0.0,0.0,0.0,0.0
769,995,175,248,463,True,True,4,4,4,8,4,0.0,0.0,2.0,1.0,2.0
769,996,175,248,508,True,False,4,4,0,0,0,0.0,0.0,0.0,0.0,0.0
770,1039,175,258,2,True,False,13,13,0,0,0,0.0,0.0,0.0,0.0,0.0
770,1040,175,258,22,True,False,13,13,0,0,0,0.0,0.0,0.0,0.0,0.0
770,1041,175,258,61,True,False,13,13,0,0,0,0.0,0.0,0.0,0.0,0.0
770,1042,175,258,80,True,False,13,13,0,0,0,0.0,0.0,0.0,0.0,0.0
770,1043,175,258,126,True,False,13,13,0,0,0,0.0,0.0,0.0,0.0,0.0
770,1044,175,258,151,True,False,13,13,0,0,0,0.0,0.0,0.0,0.0,0.0
770,1045,175,258,175,True,True,13,13,13,54,3,0.0,0.0,4.153846153846154,1.0,4.153846153846154
770,1046,175,258,311,True,True,13,13,5,10,1,0.0,0.0,0.7692307692307693,0.38461538461538464,0.7692307692307693
770,1047,175,258,390,True,False,13,13,0,0,0,0.0,0.0,0.0,0.0,0.0
770,1048,175,258,415,True,False,13,13,0,0,0,0.0,0.0,0.0,0.0,0.0
771,1127,175,273,21,True,False,14,14,0,0,0,0.0,0.0,0.0,0.0,0.0
771,1128,175,273,22,True,False,14,14,0,0,0,0.0,0.0,0.0,0.0,0.0
771,1129,175,273,31,True,False,14,14,0,0,0,0.0,0.0,0.0,0.0,0.0
771,1130,175,273,43,True,False,14,14,0,0,0,0.0,0.0,0.0,0.0,0.0
771,1131,175,273,61,True,False,14,14,0,0,0,0.0,0.0,0.0,0.0,0.0
771,1132,175,273,74,True,False,14,14,0,0,0,0.0,0.0,0.0,0.0,0.0
771,1133,175,273,79,True,False,14,14,0,0,0,0.0,0.0,0.0,0.0,0.0
771,1134,175,273,80,True,True,14,14,14,23,2,0.0,1.0,1.6428571428571428,1.0,1.6428571428571428
771,1135,175,273,126,True,True,14,14,5,10,1,0.0,2.5,0.7142857142857143,0.35714285714285715,0.7142857142857143
771,1136,175,273,139,True,False,14,14,0,0,0,0.0,0.0,0.0,0.0,0.0
771,1137,175,273,144,True,False,14,14,0,0,0,0.0,0.0,0.0,0.0,0.0
771,1138,175,273,151,True,True,14,14,9,42,1,0.0,1.0,3.0,0.6428571428571429,3.0
771,1139,175,273,179,True,False,14,14,0,0,0,0.0,0.0,0.0,0.0,0.0
771,1140,175,273,184,True,False,14,14,0,0,0,0.0,0.0,0.0,0.0,0.0
771,1141,175,273,186,True,False,14,14,0,0,0,0.0,0.0,0.0,0.0,0.0
771,1142,175,273,229,True,False,14,14,0,0,0,0.0,0.0,0.0,0.0,0.0
771,1143,175,273,230,True,False,14,14,0,0,0,0.0,0.0,0.0,0.0,0.0
771,1144,175,273,248,True,False,14,14,0,0,0,0.0,0.0,0.0,0.0,0.0
772,1240,175,311,4,True,False,41,41,0,0,0,0.0,0.0,0.0,0.0,0.0
772,1241,175,311,80,True,True,41,41,11,68,2,0.0,2.0,1.6585365853658536,0.2682926829268293,1.6585365853658536
772,1242,175,311,118,True,False,41,41,0,0,0,0.0,0.0,0.0,0.0,0.0
772,1243,175,311,138,True,False,41,41,0,0,0,0.0,0.0,0.0,0.0,0.0
772,1244,175,311,149,True,False,41,41,0,0,0,0.0,0.0,0.0,0.0,0.0
772,1245,175,311,151,True,False,41,41,0,0,0,0.0,0.0,0.0,0.0,0.0
772,1246,175,311,163,True,False,41,41,0,0,0,0.0,0.0,0.0,0.0,0.0
772,1247,175,311,171,True,False,41,41,0,0,0,0.0,0.0,0.0,0.0,0.0
772,1248,175,311,288,True,True,41,41,3,36,1,5.0,8.0,0.8780487804878049,0.07317073170731707,0.8780487804878049
772,1249,175,311,371,True,True,41,41,8,24,1,2.0,6.0,0.5853658536585366,0.1951219512195122,0.5853658536585366
772,1250,175,311,390,True,False,41,41,0,0,0,0.0,0.0,0.0,0.0,0.0
772,1251,175,311,415,True,True,41,41,12,26,4,0.0,0.0,0.6341463414634146,0.2926829268292683,0.6341463414634146
773,1553,175,390,2,True,False,6,6,0,0,0,0.0,0.0,0.0,0.0,0.0
773,1554,175,390,8,True,False,6,6,0,0,0,0.0,0.0,0.0,0.0,0.0
773,1555,175,390,22,True,False,6,6,0,0,0,0.0,0.0,0.0,0.0,0.0
773,1556,175,390,79,True,False,6,6,0,0,0,0.0,0.0,0.0,0.0,0.0
773,1557,175,390,80,True,True,6,6,1,4,1,0.0,0.0,0.6666666666666666,0.16666666666666666,0.6666666666666666
773,1558,175,390,138,True,False,6,6,0,0,0,0.0,0.0,0.0,0.0,0.0
773,1559,175,390,149,True,False,6,6,0,0,0,0.0,0.0,0.0,0.0,0.0
773,1560,175,390,151,True,True,6,6,1,5,1,0.0,0.0,0.8333333333333334,0.16666666666666666,0.8333333333333334
773,1561,175,390,171,True,False,6,6,0,0,0,0.0,0.0,0.0,0.0,0.0
773,1562,175,390,175,True,False,6,6,0,0,0,0.0,0.0,0.0,0.0,0.0
773,1563,175,390,230,True,False,6,6,0,0,0,0.0,0.0,0.0,0.0,0.0
773,1564,175,390,258,True,False,6,6,0,0,0,0.0,0.0,0.0,0.0,0.0
773,1565,175,390,268,True,False,6,6,0,0,0,0.0,0.0,0.0,0.0,0.0
773,1566,175,390,294,True,False,6,6,0,0,0,0.0,0.0,0.0,0.0,0.0
773,1567,175,390,311,True,True,6,6,5,21,3,0.0,0.0,3.5,0.8333333333333334,3.5
774,1651,175,415,7,True,False,40,40,0,0,0,0.0,0.0,0.0,0.0,0.0
774,1652,175,415,80,True,True,40,40,4,7,1,0.0,0.0,0.175,0.1,0.175
774,1653,175,415,117,True,False,40,40,0,0,0,0.0,0.0,0.0,0.0,0.0
774,1654,175,415,133,True,False,40,40,0,0,0,0.0,0.0,0.0,0.0,0.0
774,1655,175,415,149,True,False,40,40,0,0,0,0.0,0.0,0.0,0.0,0.0
774,1656,175,415,151,True,False,40,40,0,0,0,0.0,0.0,0.0,0.0,0.0
774,1657,175,415,175,True,False,40,40,0,0,0,0.0,0.0,0.0,0.0,0.0
774,1658,175,415,196,True,False,40,40,0,0,0,0.0,0.0,0.0,0.0,0.0
774,1659,175,415,258,True,True,40,40,14,40,3,0.0,1.0,1.0,0.35,1.0
774,1660,175,415,263,True,False,40,40,0,0,0,0.0,0.0,0.0,0.0,0.0
774,1661,175,415,268,True,False,40,40,0,0,0,0.0,0.0,0.0,0.0,0.0
774,1662,175,415,311,True,True,40,40,4,19,2,0.0,0.0,0.475,0.1,0.475
774,1663,175,415,315,True,False,40,40,0,0,0,0.0,0.0,0.0,0.0,0.0
774,1664,175,415,387,True,False,40,40,0,0,0,0.0,0.0,0.0,0.0,0.0
774,1665,175,415,390,True,True,40,40,1,3,1,1.0,2.0,0.075,0.025,0.075
774,1666,175,415,509,True,False,40,40,0,0,0,0.0,0.0,0.0,0.0,0.0
775,1833,175,488,2,True,False,17,17,0,0,0,0.0,0.0,0.0,0.0,0.0
775,1834,175,488,13,True,False,17,17,0,0,0,0.0,0.0,0.0,0.0,0.0
775,1835,175,488,43,True,True,17,17,12,26,3,0.0,0.0,1.5294117647058822,0.7058823529411765,1.5294117647058822
775,1836,175,488,144,True,False,17,17,0,0,0,0.0,0.0,0.0,0.0,0.0
775,1837,175,488,253,True,False,17,17,0,0,0,0.0,0.0,0.0,0.0,0.0
775,1838,175,488,256,True,False,17,17,0,0,0,0.0,0.0,0.0,0.0,0.0
775,1839,175,488,321,True,False,17,17,0,0,0,0.0,0.0,0.0,0.0,0.0
775,1840,175,488,335,True,False,17,17,0,0,0,0.0,0.0,0.0,0.0,0.0
775,1841,175,488,353,True,True,17,17,17,31,3,0.0,1.0,1.8235294117647058,1.0,1.8235294117647058
775,1842,175,488,472,True,False,17,17,0,0,0,0.0,0.0,0.0,0.0,0.0
775,1843,175,488,481,True,True,17,17,11,20,1,0.0,1.0,1.1764705882352942,0.6470588235294118,1.1764705882352942
776,108,176,16,26,True,False,105,105,0,0,0,0.0,0.0,0.0,0.0,0.0
776,109,176,16,46,True,False,105,105,0,0,0,0.0,0.0,0.0,0.0,0.0
776,110,176,16,238,True,False,105,105,0,0,0,0.0,0.0,0.0,0.0,0.0
776,111,176,16,324,True,False,105,105,0,0,0,0.0,0.0,0.0,0.0,0.0
776,112,176,16,328,True,False,105,105,0,0,0,0.0,0.0,0.0,0.0,0.0
776,113,176,16,382,True,False,105,105,0,0,0,0.0,0.0,0.0,0.0,0.0
776,114,176,16,430,True,True,105,105,90,285,6,1.0,6.0,2.7142857142857144,0.8571428571428571,2.7142857142857144
776,115,176,16,462,True,False,105,105,0,0,0,0.0,0.0,0.0,0.0,0.0
776,116,176,16,487,True,True,105,105,105,1157,6,0.0,5.0,11.019047619047619,1.0,11.019047619047619
777,1091,176,266,26,True,True,679,679,76,602,5,0.0,4.0,0.8865979381443299,0.11192930780559647,0.8865979381443299
777,1092,176,266,30,True,False,679,679,0,0,0,0.0,0.0,0.0,0.0,0.0
777,1093,176,266,176,True,True,679,679,24,24,4,0.0,0.0,0.035346097201767304,0.035346097201767304,0.035346097201767304
777,1094,176,266,252,True,False,679,679,0,0,0,0.0,0.0,0.0,0.0,0.0
777,1095,176,266,328,True,False,679,679,0,0,0,0.0,0.0,0.0,0.0,0.0
777,1096,176,266,430,True,True,679,679,648,5680,29,0.0,5.0,8.365243004418263,0.9543446244477173,8.365243004418263
777,1097,176,266,462,True,False,679,679,0,0,0,0.0,0.0,0.0,0.0,0.0
777,1098,176,266,487,True,True,679,679,160,1607,8,0.0,3.0,2.366715758468336,0.23564064801178203,2.366715758468336
778,1505,176,383,21,True,False,3,3,0,0,0,0.0,0.0,0.0,0.0,0.0
778,1506,176,383,39,True,False,3,3,0,0,0,0.0,0.0,0.0,0.0,0.0
778,1507,176,383,61,True,True,3,3,1,5,1,5.0,7.0,1.6666666666666667,0.3333333333333333,1.6666666666666667
778,1508,176,383,129,True,False,3,3,0,0,0,0.0,0.0,0.0,0.0,0.0
778,1509,176,383,141,True,True,3,3,1,5,1,7.0,8.0,1.6666666666666667,0.3333333333333333,1.6666666666666667
778,1510,176,383,169,True,True,3,3,2,14,1,0.0,0.0,4.666666666666667,0.6666666666666666,4.666666666666667
778,1511,176,383,179,True,False,3,3,0,0,0,0.0,0.0,0.0,0.0,0.0
778,1512,176,383,186,True,True,3,3,1,4,1,6.0,7.5,1.3333333333333333,0.3333333333333333,1.3333333333333333
778,1513,176,383,273,True,False,3,3,0,0,0,0.0,0.0,0.0,0.0,0.0
778,1514,176,383,281,True,False,3,3,0,0,0,0.0,0.0,0.0,0.0,0.0
778,1515,176,383,313,True,False,3,3,0,0,0,0.0,0.0,0.0,0.0,0.0
778,1516,176,383,317,True,False,3,3,0,0,0,0.0,0.0,0.0,0.0,0.0
778,1517,176,383,335,True,False,3,3,0,0,0,0.0,0.0,0.0,0.0,0.0
778,1518,176,383,433,True,False,3,3,0,0,0,0.0,0.0,0.0,0.0,0.0
778,1519,176,383,455,True,False,3,3,0,0,0,0.0,0.0,0.0,0.0,0.0
778,1520,176,383,508,True,False,3,3,0,0,0,0.0,0.0,0.0,0.0,0.0
779,1744,176,462,16,True,False,24,24,0,0,0,0.0,0.0,0.0,0.0,0.0
779,1745,176,462,26,True,False,24,24,0,0,0,0.0,0.0,0.0,0.0,0.0
779,1746,176,462,30,True,False,24,24,0,0,0,0.0,0.0,0.0,0.0,0.0
779,1747,176,462,46,True,False,24,24,0,0,0,0.0,0.0,0.0,0.0,0.0
779,1748,176,462,109,True,False,24,24,0,0,0,0.0,0.0,0.0,0.0,0.0
779,1749,176,462,266,True,True,24,24,24,290,2,0.0,3.0,12.083333333333334,1.0,12.083333333333334
779,1750,176,462,324,True,False,24,24,0,0,0,0.0,0.0,0.0,0.0,0.0
779,1751,176,462,378,True,False,24,24,0,0,0,0.0,0.0,0.0,0.0,0.0
779,1752,176,462,430,True,False,24,24,0,0,0,0.0,0.0,0.0,0.0,0.0
779,1753,176,462,487,True,False,24,24,0,0,0,0.0,0.0,0.0,0.0,0.0
779,1754,176,462,497,True,False,24,24,0,0,0,0.0,0.0,0.0,0.0,0.0
780,93,179,13,6,True,True,150,150,11,24,8,0.0,0.0,0.16,0.07333333333333333,0.16
780,94,179,13,34,True,True,150,150,54,114,37,0.0,0.0,0.76,0.36,0.76
780,95,179,13,58,True,True,150,150,3,6,3,0.0,0.0,0.04,0.02,0.04
780,96,179,13,169,True,True,150,150,18,45,12,0.0,0.0,0.3,0.12,0.3
780,97,179,13,243,True,True,150,150,30,77,20,0.0,0.0,0.5133333333333333,0.2,0.5133333333333333
780,98,179,13,256,True,True,150,150,68,108,46,0.0,0.0,0.72,0.4533333333333333,0.72
780,99,179,13,262,True,True,150,150,4,9,2,0.0,0.0,0.06,0.02666666666666667,0.06
780,100,179,13,281,True,True,150,150,22,49,16,0.0,0.0,0.32666666666666666,0.14666666666666667,0.32666666666666666
780,101,179,13,335,True,True,150,150,5,8,5,0.0,0.0,0.05333333333333334,0.03333333333333333,0.05333333333333334
780,102,179,13,353,True,True,150,150,15,24,13,0.0,0.0,0.16,0.1,0.16
780,103,179,13,361,True,True,150,150,1,2,1,0.0,0.0,0.013333333333333334,0.006666666666666667,0.013333333333333334
780,104,179,13,433,True,True,150,150,14,26,11,0.0,0.0,0.17333333333333334,0.09333333333333334,0.17333333333333334
780,105,179,13,455,True,True,150,150,23,65,15,0.0,0.0,0.43333333333333335,0.15333333333333332,0.43333333333333335
780,106,179,13,472,True,True,150,150,62,74,47,0.0,0.0,0.49333333333333335,0.41333333333333333,0.49333333333333335
780,107,179,13,508,True,True,150,150,8,9,6,0.0,0.0,0.06,0.05333333333333334,0.06
781,205,179,34,6,True,True,13,13,2,8,2,0.0,0.5,0.6153846153846154,0.15384615384615385,0.6153846153846154
781,206,179,34,58,True,False,13,13,0,0,0,0.0,0.0,0.0,0.0,0.0
781,207,179,34,113,True,True,13,13,1,7,1,0.0,1.0,0.5384615384615384,0.07692307692307693,0.5384615384615384
781,208,179,34,217,True,True,13,13,1,2,1,0.0,0.0,0.15384615384615385,0.07692307692307693,0.15384615384615385
781,209,179,34,243,True,True,13,13,7,37,6,0.0,1.0,2.8461538461538463,0.5384615384615384,2.8461538461538463
781,210,179,34,251,True,True,13,13,3,12,3,0.0,0.0,0.9230769230769231,0.23076923076923078,0.9230769230769231
781,211,179,34,262,True,False,13,13,0,0,0,0.0,0.0,0.0,0.0,0.0
781,212,179,34,321,True,False,13,13,0,0,0,0.0,0.0,0.0,0.0,0.0
781,213,179,34,361,True,True,13,13,1,8,1,0.0,0.5,0.6153846153846154,0.07692307692307693,0.6153846153846154
781,214,179,34,481,True,False,13,13,0,0,0,0.0,0.0,0.0,0.0,0.0
781,215,179,34,508,True,False,13,13,0,0,0,0.0,0.0,0.0,0.0,0.0
782,254,179,43,13,True,True,232,232,3,6,1,0.0,0.5,0.02586206896551724,0.01293103448275862,0.02586206896551724
782,255,179,43,34,True,True,232,232,216,483,61,0.0,1.0,2.081896551724138,0.9310344827586207,2.081896551724138
782,256,179,43,113,True,True,232,232,28,47,8,0.0,1.0,0.2025862068965517,0.1206896551724138,0.2025862068965517
782,257,179,43,251,True,True,232,232,56,98,19,0.0,1.0,0.4224137931034483,0.2413793103448276,0.4224137931034483
782,258,179,43,321,True,True,232,232,4,7,2,0.0,0.0,0.03017241379310345,0.017241379310344827,0.03017241379310345
782,259,179,43,353,True,True,232,232,9,18,4,0.0,0.0,0.07758620689655173,0.03879310344827586,0.07758620689655173
782,260,179,43,481,True,True,232,232,13,16,4,0.0,1.0,0.06896551724137931,0.05603448275862069,0.06896551724137931
783,489,179,129,13,True,True,165,165,119,281,34,0.0,0.0,1.7030303030303031,0.7212121212121212,1.7030303030303031
783,490,179,129,34,True,True,165,165,75,216,26,0.0,0.0,1.309090909090909,0.45454545454545453,1.309090909090909
783,491,179,129,58,True,True,165,165,11,14,4,0.0,1.0,0.08484848484848485,0.06666666666666667,0.08484848484848485
783,492,179,129,169,True,True,165,165,32,41,11,0.0,1.0,0.24848484848484848,0.19393939393939394,0.24848484848484848
783,493,179,129,217,True,True,165,165,3,3,1,0.0,1.0,0.01818181818181818,0.01818181818181818,0.01818181818181818
783,494,179,129,243,True,True,165,165,48,62,17,0.0,1.0,0.37575757575757573,0.2909090909090909,0.37575757575757573
783,495,179,129,256,True,True,165,165,68,114,24,0.0,0.5,0.6909090909090909,0.4121212121212121,0.6909090909090909
783,496,179,129,262,True,True,165,165,13,28,2,0.0,1.0,0.1696969696969697,0.07878787878787878,0.1696969696969697
783,497,179,129,433,True,True,165,165,5,5,2,0.0,1.0,0.030303030303030304,0.030303030303030304,0.030303030303030304
783,498,179,129,455,True,True,165,165,38,65,12,0.0,1.0,0.3939393939393939,0.23030303030303031,0.3939393939393939
783,499,179,129,472,True,True,165,165,63,130,22,0.0,0.0,0.7878787878787878,0.38181818181818183,0.7878787878787878
784,961,179,245,13,True,True,103,103,77,163,27,0.0,0.0,1.5825242718446602,0.7475728155339806,1.5825242718446602
784,962,179,245,34,True,True,103,103,13,37,5,0.0,1.0,0.3592233009708738,0.1262135922330097,0.3592233009708738
784,963,179,245,58,True,True,103,103,4,7,1,0.0,1.0,0.06796116504854369,0.038834951456310676,0.06796116504854369
784,964,179,245,129,True,True,103,103,4,8,4,0.0,0.0,0.07766990291262135,0.038834951456310676,0.07766990291262135
784,965,179,245,169,True,True,103,103,17,27,7,0.0,1.0,0.2621359223300971,0.1650485436893204,0.2621359223300971
784,966,179,245,253,True,True,103,103,2,5,2,0.0,0.0,0.04854368932038835,0.019417475728155338,0.04854368932038835
784,967,179,245,256,True,True,103,103,53,101,19,0.0,1.0,0.9805825242718447,0.5145631067961165,0.9805825242718447
784,968,179,245,281,True,True,103,103,5,5,2,0.0,1.0,0.04854368932038835,0.04854368932038835,0.04854368932038835
784,969,179,245,313,True,True,103,103,1,3,1,0.0,0.0,0.02912621359223301,0.009708737864077669,0.02912621359223301
784,970,179,245,353,True,True,103,103,9,23,2,0.0,1.0,0.22330097087378642,0.08737864077669903,0.22330097087378642
784,971,179,245,433,True,True,103,103,38,70,13,0.0,1.0,0.6796116504854369,0.36893203883495146,0.6796116504854369
784,972,179,245,472,True,True,103,103,20,50,7,0.0,0.5,0.4854368932038835,0.1941747572815534,0.4854368932038835
785,1019,179,253,2,True,True,166,166,13,26,3,0.0,1.0,0.1566265060240964,0.0783132530120482,0.1566265060240964
785,1020,179,253,22,True,True,166,166,3,5,1,0.0,1.0,0.030120481927710843,0.018072289156626505,0.030120481927710843
785,1021,179,253,139,True,True,166,166,23,40,8,0.0,1.0,0.24096385542168675,0.13855421686746988,0.24096385542168675
785,1022,179,253,144,True,True,166,166,2,2,1,0.0,0.5,0.012048192771084338,0.012048192771084338,0.012048192771084338
785,1023,179,253,175,True,True,166,166,67,132,19,0.0,1.0,0.7951807228915663,0.4036144578313253,0.7951807228915663
785,1024,179,253,256,True,True,166,166,136,428,44,0.0,1.0,2.5783132530120483,0.8192771084337349,2.5783132530120483
785,1025,179,253,273,True,True,166,166,44,63,16,0.0,1.0,0.3795180722891566,0.26506024096385544,0.3795180722891566
785,1026,179,253,353,True,True,166,166,29,85,7,0.0,1.0,0.5120481927710844,0.1746987951807229,0.5120481927710844
786,1027,179,256,22,True,True,17,17,1,2,1,0.0,0.5,0.11764705882352941,0.058823529411764705,0.11764705882352941
786,1028,179,256,117,True,False,17,17,0,0,0,0.0,0.0,0.0,0.0,0.0
786,1029,179,256,139,True,True,17,17,4,22,4,0.0,1.0,1.2941176470588236,0.23529411764705882,1.2941176470588236
786,1030,179,256,144,True,False,17,17,0,0,0,0.0,0.0,0.0,0.0,0.0
786,1031,179,256,169,True,False,17,17,0,0,0,0.0,0.0,0.0,0.0,0.0
786,1032,179,256,175,True,True,17,17,6,41,6,0.0,1.0,2.411764705882353,0.35294117647058826,2.411764705882353
786,1033,179,256,199,True,False,17,17,0,0,0,0.0,0.0,0.0,0.0,0.0
786,1034,179,256,273,True,True,17,17,1,7,1,0.0,1.0,0.4117647058823529,0.058823529411764705,0.4117647058823529
786,1035,179,256,281,True,True,17,17,4,29,4,0.0,1.0,1.7058823529411764,0.23529411764705882,1.7058823529411764
786,1036,179,256,433,True,True,17,17,1,5,1,0.0,0.0,0.29411764705882354,0.058823529411764705,0.29411764705882354
786,1037,179,256,455,True,False,17,17,0,0,0,0.0,0.0,0.0,0.0,0.0
786,1038,179,256,508,True,False,17,17,0,0,0,0.0,0.0,0.0,0.0,0.0
787,1252,179,313,6,True,True,161,161,29,44,9,0.0,1.0,0.2732919254658385,0.18012422360248448,0.2732919254658385
787,1253,179,313,13,True,True,161,161,86,185,25,0.0,0.0,1.1490683229813665,0.5341614906832298,1.1490683229813665
787,1254,179,313,34,True,True,161,161,54,132,17,0.0,1.0,0.8198757763975155,0.33540372670807456,0.8198757763975155
787,1255,179,313,43,True,False,161,161,0,0,0,0.0,0.0,0.0,0.0,0.0
787,1256,179,313,243,True,True,161,161,10,17,3,0.0,1.0,0.10559006211180125,0.062111801242236024,0.10559006211180125
787,1257,179,313,256,True,True,161,161,64,185,19,0.0,1.0,1.1490683229813665,0.39751552795031053,1.1490683229813665
787,1258,179,313,281,True,True,161,161,57,87,18,0.0,1.0,0.5403726708074534,0.35403726708074534,0.5403726708074534
787,1259,179,313,353,True,True,161,161,40,134,12,0.0,1.0,0.8322981366459627,0.2484472049689441,0.8322981366459627
787,1260,179,313,361,True,True,161,161,3,8,1,0.0,1.0,0.049689440993788817,0.018633540372670808,0.049689440993788817
787,1261,179,313,455,True,True,161,161,1,1,1,0.0,0.0,0.006211180124223602,0.006211180124223602,0.006211180124223602
787,1262,179,313,472,True,True,161,161,139,381,35,0.0,1.0,2.3664596273291925,0.8633540372670807,2.3664596273291925
788,1398,179,353,2,True,True,17,17,6,45,4,0.0,0.0,2.6470588235294117,0.35294117647058826,2.6470588235294117
788,1399,179,353,113,True,False,17,17,0,0,0,0.0,0.0,0.0,0.0,0.0
788,1400,179,353,139,True,False,17,17,0,0,0,0.0,0.0,0.0,0.0,0.0
788,1401,179,353,144,True,True,17,17,2,9,2,0.0,0.0,0.5294117647058824,0.11764705882352941,0.5294117647058824
788,1402,179,353,175,True,False,17,17,0,0,0,0.0,0.0,0.0,0.0,0.0
788,1403,179,353,321,True,True,17,17,2,18,2,0.0,1.0,1.0588235294117647,0.11764705882352941,1.0588235294117647
788,1404,179,353,335,True,False,17,17,0,0,0,0.0,0.0,0.0,0.0,0.0
788,1405,179,353,455,True,False,17,17,0,0,0,0.0,0.0,0.0,0.0,0.0
788,1406,179,353,481,True,False,17,17,0,0,0,0.0,0.0,0.0,0.0,0.0
788,1407,179,353,508,True,False,17,17,0,0,0,0.0,0.0,0.0,0.0,0.0
789,1770,179,472,6,True,True,100,100,14,38,10,0.0,0.0,0.38,0.14,0.38
789,1771,179,472,34,True,True,100,100,48,83,39,0.0,0.0,0.83,0.48,0.83
789,1772,179,472,58,True,True,100,100,5,16,5,0.0,0.0,0.16,0.05,0.16
789,1773,179,472,217,True,True,100,100,3,3,3,0.0,0.0,0.03,0.03,0.03
789,1774,179,472,243,True,True,100,100,18,47,16,0.0,0.0,0.47,0.18,0.47
789,1775,179,472,256,True,True,100,100,18,32,15,0.0,0.0,0.32,0.18,0.32
789,1776,179,472,262,True,True,100,100,2,7,1,0.0,0.0,0.07,0.02,0.07
789,1777,179,472,281,True,True,100,100,16,52,13,0.0,0.0,0.52,0.16,0.52
789,1778,179,472,335,True,True,100,100,3,7,3,0.0,0.0,0.07,0.03,0.07
789,1779,179,472,353,True,True,100,100,32,57,21,0.0,0.0,0.57,0.32,0.57
789,1780,179,472,361,True,True,100,100,3,14,2,0.0,0.0,0.14,0.03,0.14
789,1781,179,472,433,True,True,100,100,1,3,1,0.0,0.0,0.03,0.01,0.03
790,1833,179,488,2,True,True,125,125,4,7,2,0.0,0.0,0.056,0.032,0.056
790,1834,179,488,13,True,True,125,125,29,58,9,0.0,0.5,0.464,0.232,0.464
790,1835,179,488,43,True,True,125,125,5,11,3,0.0,0.0,0.088,0.04,0.088
790,1836,179,488,144,True,True,125,125,24,51,8,0.0,1.0,0.408,0.192,0.408
790,1837,179,488,253,True,True,125,125,3,6,2,0.0,0.0,0.048,0.024,0.048
790,1838,179,488,256,True,True,125,125,3,6,1,0.0,0.5,0.048,0.024,0.048
790,1839,179,488,321,True,True,125,125,26,48,7,0.0,1.0,0.384,0.208,0.384
790,1840,179,488,335,True,True,125,125,23,35,7,0.0,1.0,0.28,0.184,0.28
790,1841,179,488,353,True,True,125,125,122,345,24,0.0,1.0,2.76,0.976,2.76
790,1842,179,488,472,True,True,125,125,29,67,9,0.0,0.0,0.536,0.232,0.536
790,1843,179,488,481,True,True,125,125,3,8,1,0.0,1.0,0.064,0.024,0.064
791,573,180,146,8,True,True,69,69,6,65,1,0.0,3.0,0.9420289855072463,0.08695652173913043,0.9420289855072463
791,574,180,146,42,True,False,69,69,0,0,0,0.0,0.0,0.0,0.0,0.0
791,575,180,146,100,True,False,69,69,0,0,0,0.0,0.0,0.0,0.0,0.0
791,576,180,146,151,True,False,69,69,0,0,0,0.0,0.0,0.0,0.0,0.0
791,577,180,146,230,True,True,69,69,7,16,2,3.0,7.0,0.2318840579710145,0.10144927536231885,0.2318840579710145
791,578,180,146,315,True,True,69,69,10,10,1,3.0,5.0,0.14492753623188406,0.14492753623188406,0.14492753623188406
791,579,180,146,404,True,False,69,69,0,0,0,0.0,0.0,0.0,0.0,0.0
791,580,180,146,405,True,True,69,69,39,334,5,0.0,2.0,4.840579710144928,0.5652173913043478,4.840579710144928
791,581,180,146,485,True,True,69,69,41,404,7,0.0,2.0,5.855072463768116,0.5942028985507246,5.855072463768116
792,1202,180,297,1,True,False,4,4,0,0,0,0.0,0.0,0.0,0.0,0.0
792,1203,180,297,42,True,False,4,4,0,0,0,0.0,0.0,0.0,0.0,0.0
792,1204,180,297,56,True,False,4,4,0,0,0,0.0,0.0,0.0,0.0,0.0
792,1205,180,297,63,True,False,4,4,0,0,0,0.0,0.0,0.0,0.0,0.0
792,1206,180,297,112,True,False,4,4,0,0,0,0.0,0.0,0.0,0.0,0.0
792,1207,180,297,118,True,False,4,4,0,0,0,0.0,0.0,0.0,0.0,0.0
792,1208,180,297,151,True,False,4,4,0,0,0,0.0,0.0,0.0,0.0,0.0
792,1209,180,297,163,True,False,4,4,0,0,0,0.0,0.0,0.0,0.0,0.0
792,1210,180,297,222,True,False,4,4,0,0,0,0.0,0.0,0.0,0.0,0.0
792,1211,180,297,259,True,False,4,4,0,0,0,0.0,0.0,0.0,0.0,0.0
792,1212,180,297,271,True,False,4,4,0,0,0,0.0,0.0,0.0,0.0,0.0
792,1213,180,297,371,True,False,4,4,0,0,0,0.0,0.0,0.0,0.0,0.0
792,1214,180,297,382,True,False,4,4,0,0,0,0.0,0.0,0.0,0.0,0.0
792,1215,180,297,410,True,False,4,4,0,0,0,0.0,0.0,0.0,0.0,0.0
792,1216,180,297,414,True,True,4,4,1,6,1,0.0,0.5,1.5,0.25,1.5
792,1217,180,297,497,True,False,4,4,0,0,0,0.0,0.0,0.0,0.0,0.0
793,1629,180,410,146,True,True,568,568,94,669,12,0.0,0.0,1.1778169014084507,0.16549295774647887,1.1778169014084507
793,1630,180,410,151,True,False,568,568,0,0,0,0.0,0.0,0.0,0.0,0.0
793,1631,180,410,164,True,False,568,568,0,0,0,0.0,0.0,0.0,0.0,0.0
793,1632,180,410,180,True,True,568,568,2,6,2,0.0,0.0,0.01056338028169014,0.0035211267605633804,0.01056338028169014
793,1633,180,410,205,True,False,568,568,0,0,0,0.0,0.0,0.0,0.0,0.0
793,1634,180,410,207,True,False,568,568,0,0,0,0.0,0.0,0.0,0.0,0.0
793,1635,180,410,271,True,False,568,568,0,0,0,0.0,0.0,0.0,0.0,0.0
793,1636,180,410,297,True,True,568,568,9,14,1,0.0,0.0,0.02464788732394366,0.01584507042253521,0.02464788732394366
793,1637,180,410,355,True,False,568,568,0,0,0,0.0,0.0,0.0,0.0,0.0
793,1638,180,410,369,True,False,568,568,0,0,0,0.0,0.0,0.0,0.0,0.0
793,1639,180,410,405,True,True,568,568,10,10,3,0.0,0.0,0.017605633802816902,0.017605633802816902,0.017605633802816902
793,1640,180,410,414,True,True,568,568,345,2599,31,0.0,0.0,4.575704225352113,0.6073943661971831,4.575704225352113
793,1641,180,410,429,True,False,568,568,0,0,0,0.0,0.0,0.0,0.0,0.0
793,1642,180,410,485,True,True,568,568,139,181,12,0.0,1.0,0.31866197183098594,0.24471830985915494,0.31866197183098594
794,1643,180,414,8,True,True,279,279,91,727,15,0.0,4.0,2.6057347670250897,0.32616487455197135,2.6057347670250897
794,1644,180,414,146,True,True,279,279,6,48,1,1.0,5.0,0.17204301075268819,0.021505376344086023,0.17204301075268819
794,1645,180,414,151,True,True,279,279,75,780,10,0.0,2.0,2.795698924731183,0.26881720430107525,2.795698924731183
794,1646,180,414,161,True,False,279,279,0,0,0,0.0,0.0,0.0,0.0,0.0
794,1647,180,414,167,True,False,279,279,0,0,0,0.0,0.0,0.0,0.0,0.0
794,1648,180,414,230,True,True,279,279,83,766,12,0.0,6.0,2.7455197132616487,0.2974910394265233,2.7455197132616487
794,1649,180,414,375,True,False,279,279,0,0,0,0.0,0.0,0.0,0.0,0.0
794,1650,180,414,485,True,True,279,279,122,1386,17,0.0,2.0,4.967741935483871,0.43727598566308246,4.967741935483871
795,28,184,4,63,True,False,126,126,0,0,0,0.0,0.0,0.0,0.0,0.0
795,29,184,4,138,True,False,126,126,0,0,0,0.0,0.0,0.0,0.0,0.0
796,54,184,8,22,True,False,8,8,0,0,0,0.0,0.0,0.0,0.0,0.0
796,55,184,8,79,True,False,8,8,0,0,0,0.0,0.0,0.0,0.0,0.0
796,56,184,8,80,True,False,8,8,0,0,0,0.0,0.0,0.0,0.0,0.0
796,57,184,8,100,True,False,8,8,0,0,0,0.0,0.0,0.0,0.0,0.0
796,58,184,8,126,True,False,8,8,0,0,0,0.0,0.0,0.0,0.0,0.0
796,59,184,8,144,True,False,8,8,0,0,0,0.0,0.0,0.0,0.0,0.0
796,60,184,8,149,True,False,8,8,0,0,0,0.0,0.0,0.0,0.0,0.0
796,61,184,8,171,True,False,8,8,0,0,0,0.0,0.0,0.0,0.0,0.0
796,62,184,8,184,True,True,8,8,8,31,2,0.0,0.0,3.875,1.0,3.875
796,63,184,8,229,True,True,8,8,5,20,1,0.0,0.0,2.5,0.625,2.5
796,64,184,8,230,True,False,8,8,0,0,0,0.0,0.0,0.0,0.0,0.0
796,65,184,8,258,True,False,8,8,0,0,0,0.0,0.0,0.0,0.0,0.0
796,66,184,8,311,True,False,8,8,0,0,0,0.0,0.0,0.0,0.0,0.0
796,67,184,8,315,True,False,8,8,0,0,0,0.0,0.0,0.0,0.0,0.0
796,68,184,8,390,True,False,8,8,0,0,0,0.0,0.0,0.0,0.0,0.0
797,129,184,22,21,True,True,313,313,82,191,5,0.0,6.0,0.610223642172524,0.26198083067092653,0.610223642172524
797,130,184,22,31,True,True,313,313,79,302,6,0.0,7.0,0.9648562300319489,0.2523961661341853,0.9648562300319489
797,131,184,22,43,True,True,313,313,104,481,8,0.0,5.0,1.536741214057508,0.33226837060702874,1.536741214057508
797,132,184,22,61,True,True,313,313,119,394,8,0.0,5.0,1.2587859424920127,0.3801916932907348,1.2587859424920127
797,133,184,22,74,True,True,313,313,24,24,2,5.0,8.0,0.07667731629392971,0.07667731629392971,0.07667731629392971
797,134,184,22,79,True,False,313,313,0,0,0,0.0,0.0,0.0,0.0,0.0
797,135,184,22,139,True,False,313,313,0,0,0,0.0,0.0,0.0,0.0,0.0
797,136,184,22,144,True,False,313,313,0,0,0,0.0,0.0,0.0,0.0,0.0
797,137,184,22,175,True,False,313,313,0,0,0,0.0,0.0,0.0,0.0,0.0
797,138,184,22,179,True,True,313,313,75,218,6,0.0,5.0,0.6964856230031949,0.23961661341853036,0.6964856230031949
797,139,184,22,186,True,True,313,313,13,26,1,2.0,4.0,0.08306709265175719,0.04153354632587859,0.08306709265175719
797,140,184,22,273,True,True,313,313,222,1669,17,0.0,2.0,5.332268370607029,0.7092651757188498,5.332268370607029
798,268,184,50,146,True,False,148,148,0,0,0,0.0,0.0,0.0,0.0,0.0
798,269,184,50,288,True,False,148,148,0,0,0,0.0,0.0,0.0,0.0,0.0
798,270,184,50,315,True,False,148,148,0,0,0,0.0,0.0,0.0,0.0,0.0
799,339,184,79,8,True,False,68,68,0,0,0,0.0,0.0,0.0,0.0,0.0
799,340,184,79,22,True,False,68,68,0,0,0,0.0,0.0,0.0,0.0,0.0
799,341,184,79,100,True,False,68,68,0,0,0,0.0,0.0,0.0,0.0,0.0
799,342,184,79,149,True,True,68,68,6,53,1,0.0,3.0,0.7794117647058824,0.08823529411764706,0.7794117647058824
799,343,184,79,164,True,False,68,68,0,0,0,0.0,0.0,0.0,0.0,0.0
799,344,184,79,171,True,True,68,68,11,93,2,0.0,4.0,1.3676470588235294,0.16176470588235295,1.3676470588235294
799,345,184,79,184,True,True,68,68,19,189,3,0.0,1.0,2.7794117647058822,0.27941176470588236,2.7794117647058822
799,346,184,79,230,True,True,68,68,6,26,2,0.0,0.0,0.38235294117647056,0.08823529411764706,0.38235294117647056
799,347,184,79,271,True,False,68,68,0,0,0,0.0,0.0,0.0,0.0,0.0
799,348,184,79,288,True,False,68,68,0,0,0,0.0,0.0,0.0,0.0,0.0
799,349,184,79,311,True,False,68,68,0,0,0,0.0,0.0,0.0,0.0,0.0
799,350,184,79,390,True,False,68,68,0,0,0,0.0,0.0,0.0,0.0,0.0
799,351,184,79,485,True,False,68,68,0,0,0,0.0,0.0,0.0,0.0,0.0
800,514,184,139,22,True,False,11,11,0,0,0,0.0,0.0,0.0,0.0,0.0
800,515,184,139,79,True,True,11,11,3,15,1,0.0,0.0,1.3636363636363635,0.2727272727272727,1.3636363636363635
800,516,184,139,80,True,False,11,11,0,0,0,0.0,0.0,0.0,0.0,0.0
800,517,184,139,126,True,False,11,11,0,0,0,0.0,0.0,0.0,0.0,0.0
800,518,184,139,144,True,False,11,11,0,0,0,0.0,0.0,0.0,0.0,0.0
800,519,184,139,149,True,False,11,11,0,0,0,0.0,0.0,0.0,0.0,0.0
800,520,184,139,151,True,False,11,11,0,0,0,0.0,0.0,0.0,0.0,0.0
800,521,184,139,175,True,False,11,11,0,0,0,0.0,0.0,0.0,0.0,0.0
800,522,184,139,184,True,False,11,11,0,0,0,0.0,0.0,0.0,0.0,0.0
800,523,184,139,199,True,False,11,11,0,0,0,0.0,0.0,0.0,0.0,0.0
800,524,184,139,229,True,False,11,11,0,0,0,0.0,0.0,0.0,0.0,0.0
800,525,184,139,230,True,False,11,11,0,0,0,0.0,0.0,0.0,0.0,0.0
800,526,184,139,258,True,False,11,11,0,0,0,0.0,0.0,0.0,0.0,0.0
800,527,184,139,273,True,False,11,11,0,0,0,0.0,0.0,0.0,0.0,0.0
800,528,184,139,311,True,False,11,11,0,0,0,0.0,0.0,0.0,0.0,0.0
800,529,184,139,315,True,False,11,11,0,0,0,0.0,0.0,0.0,0.0,0.0
800,530,184,139,390,True,False,11,11,0,0,0,0.0,0.0,0.0,0.0,0.0
800,531,184,139,415,True,False,11,11,0,0,0,0.0,0.0,0.0,0.0,0.0
801,905,184,229,79,True,False,56,56,0,0,0,0.0,0.0,0.0,0.0,0.0
801,906,184,229,126,True,False,56,56,0,0,0,0.0,0.0,0.0,0.0,0.0
801,907,184,229,149,True,False,56,56,0,0,0,0.0,0.0,0.0,0.0,0.0
801,908,184,229,157,True,False,56,56,0,0,0,0.0,0.0,0.0,0.0,0.0
801,909,184,229,184,True,False,56,56,0,0,0,0.0,0.0,0.0,0.0,0.0
801,910,184,229,230,True,False,56,56,0,0,0,0.0,0.0,0.0,0.0,0.0
801,911,184,229,315,True,False,56,56,0,0,0,0.0,0.0,0.0,0.0,0.0
802,912,184,230,4,True,False,30,30,0,0,0,0.0,0.0,0.0,0.0,0.0
802,913,184,230,8,True,False,30,30,0,0,0,0.0,0.0,0.0,0.0,0.0
802,914,184,230,22,True,True,30,30,1,4,1,0.0,0.0,0.13333333333333333,0.03333333333333333,0.13333333333333333
802,915,184,230,50,True,False,30,30,0,0,0,0.0,0.0,0.0,0.0,0.0
802,916,184,230,79,True,True,30,30,12,111,1,0.0,1.0,3.7,0.4,3.7
802,917,184,230,80,True,False,30,30,0,0,0,0.0,0.0,0.0,0.0,0.0
802,918,184,230,100,True,False,30,30,0,0,0,0.0,0.0,0.0,0.0,0.0
802,919,184,230,149,True,False,30,30,0,0,0,0.0,0.0,0.0,0.0,0.0
802,920,184,230,151,True,False,30,30,0,0,0,0.0,0.0,0.0,0.0,0.0
802,921,184,230,171,True,True,30,30,4,60,1,2.0,6.0,2.0,0.13333333333333333,2.0
802,922,184,230,184,True,True,30,30,4,16,2,0.0,0.0,0.5333333333333333,0.13333333333333333,0.5333333333333333
802,923,184,230,288,True,True,30,30,10,149,1,0.0,4.0,4.966666666666667,0.3333333333333333,4.966666666666667
802,924,184,230,311,True,False,30,30,0,0,0,0.0,0.0,0.0,0.0,0.0
802,925,184,230,390,True,False,30,30,0,0,0,0.0,0.0,0.0,0.0,0.0
802,926,184,230,485,True,False,30,30,0,0,0,0.0,0.0,0.0,0.0,0.0
803,1127,184,273,21,True,True,180,180,33,120,5,0.0,3.0,0.6666666666666666,0.18333333333333332,0.6666666666666666
803,1128,184,273,22,True,True,180,180,25,97,5,0.0,1.0,0.5388888888888889,0.1388888888888889,0.5388888888888889
803,1129,184,273,31,True,True,180,180,89,365,11,0.0,3.0,2.0277777777777777,0.49444444444444446,2.0277777777777777
803,1130,184,273,43,True,True,180,180,90,453,10,0.0,3.0,2.5166666666666666,0.5,2.5166666666666666
803,1131,184,273,61,True,True,180,180,87,341,11,0.0,2.0,1.8944444444444444,0.48333333333333334,1.8944444444444444
803,1132,184,273,74,True,True,180,180,29,29,4,0.0,2.0,0.16111111111111112,0.16111111111111112,0.16111111111111112
803,1133,184,273,79,True,False,180,180,0,0,0,0.0,0.0,0.0,0.0,0.0
803,1134,184,273,80,True,False,180,180,0,0,0,0.0,0.0,0.0,0.0,0.0
803,1135,184,273,126,True,False,180,180,0,0,0,0.0,0.0,0.0,0.0,0.0
803,1136,184,273,139,True,False,180,180,0,0,0,0.0,0.0,0.0,0.0,0.0
803,1137,184,273,144,True,False,180,180,0,0,0,0.0,0.0,0.0,0.0,0.0
803,1138,184,273,151,True,False,180,180,0,0,0,0.0,0.0,0.0,0.0,0.0
803,1139,184,273,179,True,True,180,180,45,135,5,0.0,2.0,0.75,0.25,0.75
803,1140,184,273,184,True,False,180,180,0,0,0,0.0,0.0,0.0,0.0,0.0
803,1141,184,273,186,True,True,180,180,63,256,7,0.0,3.0,1.4222222222222223,0.35,1.4222222222222223
803,1142,184,273,229,True,False,180,180,0,0,0,0.0,0.0,0.0,0.0,0.0
803,1143,184,273,230,True,False,180,180,0,0,0,0.0,0.0,0.0,0.0,0.0
803,1144,184,273,248,True,True,180,180,2,2,2,1.0,2.5,0.011111111111111112,0.011111111111111112,0.011111111111111112
804,1164,184,288,4,True,True,27,27,15,224,1,0.0,4.0,8.296296296296296,0.5555555555555556,8.296296296296296
804,1165,184,288,50,True,True,27,27,12,165,1,3.0,8.0,6.111111111111111,0.4444444444444444,6.111111111111111
804,1166,184,288,63,True,False,27,27,0,0,0,0.0,0.0,0.0,0.0,0.0
804,1167,184,288,138,True,False,27,27,0,0,0,0.0,0.0,0.0,0.0,0.0
804,1168,184,288,164,True,False,27,27,0,0,0,0.0,0.0,0.0,0.0,0.0
804,1169,184,288,172,True,False,27,27,0,0,0,0.0,0.0,0.0,0.0,0.0
804,1170,184,288,259,True,False,27,27,0,0,0,0.0,0.0,0.0,0.0,0.0
805,1171,184,290,7,True,False,8,8,0,0,0,0.0,0.0,0.0,0.0,0.0
805,1172,184,290,8,True,False,8,8,0,0,0,0.0,0.0,0.0,0.0,0.0
805,1173,184,290,77,True,False,8,8,0,0,0,0.0,0.0,0.0,0.0,0.0
805,1174,184,290,143,True,False,8,8,0,0,0,0.0,0.0,0.0,0.0,0.0
805,1175,184,290,184,True,True,8,8,4,28,2,0.0,0.5,3.5,0.5,3.5
805,1176,184,290,247,True,False,8,8,0,0,0,0.0,0.0,0.0,0.0,0.0
805,1177,184,290,261,True,False,8,8,0,0,0,0.0,0.0,0.0,0.0,0.0
805,1178,184,290,279,True,False,8,8,0,0,0,0.0,0.0,0.0,0.0,0.0
805,1179,184,290,317,True,False,8,8,0,0,0,0.0,0.0,0.0,0.0,0.0
805,1180,184,290,346,True,False,8,8,0,0,0,0.0,0.0,0.0,0.0,0.0
805,1181,184,290,383,True,True,8,8,5,32,2,0.0,1.0,4.0,0.625,4.0
805,1182,184,290,402,True,False,8,8,0,0,0,0.0,0.0,0.0,0.0,0.0
805,1183,184,290,474,True,False,8,8,0,0,0,0.0,0.0,0.0,0.0,0.0
806,1263,184,315,50,True,True,15,15,5,71,1,0.0,3.0,4.733333333333333,0.3333333333333333,4.733333333333333
806,1264,184,315,100,True,False,15,15,0,0,0,0.0,0.0,0.0,0.0,0.0
806,1265,184,315,184,True,True,15,15,4,40,1,0.0,1.0,2.6666666666666665,0.26666666666666666,2.6666666666666665
806,1266,184,315,229,True,False,15,15,0,0,0,0.0,0.0,0.0,0.0,0.0
806,1267,184,315,230,True,False,15,15,0,0,0,0.0,0.0,0.0,0.0,0.0
806,1268,184,315,485,True,False,15,15,0,0,0,0.0,0.0,0.0,0.0,0.0
807,1505,184,383,21,True,False,29,29,0,0,0,0.0,0.0,0.0,0.0,0.0
807,1506,184,383,39,True,False,29,29,0,0,0,0.0,0.0,0.0,0.0,0.0
807,1507,184,383,61,True,True,29,29,18,21,2,0.0,2.0,0.7241379310344828,0.6206896551724138,0.7241379310344828
807,1508,184,383,129,True,False,29,29,0,0,0,0.0,0.0,0.0,0.0,0.0
807,1509,184,383,141,True,False,29,29,0,0,0,0.0,0.0,0.0,0.0,0.0
807,1510,184,383,169,True,False,29,29,0,0,0,0.0,0.0,0.0,0.0,0.0
807,1511,184,383,179,True,False,29,29,0,0,0,0.0,0.0,0.0,0.0,0.0
807,1512,184,383,186,True,True,29,29,4,4,1,0.0,1.5,0.13793103448275862,0.13793103448275862,0.13793103448275862
807,1513,184,383,273,True,True,29,29,29,287,4,0.0,1.0,9.89655172413793,1.0,9.89655172413793
807,1514,184,383,281,True,False,29,29,0,0,0,0.0,0.0,0.0,0.0,0.0
807,1515,184,383,313,True,False,29,29,0,0,0,0.0,0.0,0.0,0.0,0.0
807,1516,184,383,317,True,False,29,29,0,0,0,0.0,0.0,0.0,0.0,0.0
807,1517,184,383,335,True,False,29,29,0,0,0,0.0,0.0,0.0,0.0,0.0
807,1518,184,383,433,True,False,29,29,0,0,0,0.0,0.0,0.0,0.0,0.0
807,1519,184,383,455,True,False,29,29,0,0,0,0.0,0.0,0.0,0.0,0.0
807,1520,184,383,508,True,False,29,29,0,0,0,0.0,0.0,0.0,0.0,0.0
808,82,186,12,6,True,False,6,6,0,0,0,0.0,0.0,0.0,0.0,0.0
808,83,186,12,58,True,False,6,6,0,0,0,0.0,0.0,0.0,0.0,0.0
808,84,186,12,113,True,False,6,6,0,0,0,0.0,0.0,0.0,0.0,0.0
808,85,186,12,121,True,False,6,6,0,0,0,0.0,0.0,0.0,0.0,0.0
808,86,186,12,144,True,False,6,6,0,0,0,0.0,0.0,0.0,0.0,0.0
808,87,186,12,243,True,False,6,6,0,0,0,0.0,0.0,0.0,0.0,0.0
808,88,186,12,251,True,True,6,6,1,9,1,0.0,1.0,1.5,0.16666666666666666,1.5
808,89,186,12,321,True,False,6,6,0,0,0,0.0,0.0,0.0,0.0,0.0
808,90,186,12,335,True,False,6,6,0,0,0,0.0,0.0,0.0,0.0,0.0
808,91,186,12,463,True,False,6,6,0,0,0,0.0,0.0,0.0,0.0,0.0
808,92,186,12,481,True,False,6,6,0,0,0,0.0,0.0,0.0,0.0,0.0
809,117,186,21,12,True,False,8,8,0,0,0,0.0,0.0,0.0,0.0,0.0
809,118,186,21,31,True,True,8,8,1,2,1,0.0,0.0,0.25,0.125,0.25
809,119,186,21,74,True,True,8,8,2,2,2,0.0,0.0,0.25,0.25,0.25
809,120,186,21,121,True,True,8,8,4,5,4,0.0,0.0,0.625,0.5,0.625
809,121,186,21,141,True,True,8,8,2,4,2,0.0,0.0,0.5,0.25,0.5
809,122,186,21,156,True,True,8,8,1,1,1,0.0,0.0,0.125,0.125,0.125
809,123,186,21,186,True,False,8,8,0,0,0,0.0,0.0,0.0,0.0,0.0
809,124,186,21,248,True,True,8,8,4,5,4,0.0,0.0,0.625,0.5,0.625
809,125,186,21,319,True,False,8,8,0,0,0,0.0,0.0,0.0,0.0,0.0
809,126,186,21,381,True,True,8,8,5,8,5,0.0,0.0,1.0,0.625,1.0
809,127,186,21,449,True,True,8,8,3,5,3,0.0,0.0,0.625,0.375,0.625
809,128,186,21,463,True,True,8,8,2,3,2,0.0,0.0,0.375,0.25,0.375
810,193,186,31,12,True,False,132,132,0,0,0,0.0,0.0,0.0,0.0,0.0
810,194,186,31,74,True,True,132,132,83,147,39,0.0,0.0,1.1136363636363635,0.6287878787878788,1.1136363636363635
810,195,186,31,121,True,True,132,132,4,6,1,0.0,0.0,0.045454545454545456,0.030303030303030304,0.045454545454545456
810,196,186,31,169,True,True,132,132,23,50,7,0.0,1.0,0.3787878787878788,0.17424242424242425,0.3787878787878788
810,197,186,31,248,True,True,132,132,127,269,47,0.0,0.0,2.037878787878788,0.9621212121212122,2.037878787878788
810,198,186,31,262,True,True,132,132,2,5,1,0.0,0.0,0.03787878787878788,0.015151515151515152,0.03787878787878788
810,199,186,31,281,True,True,132,132,26,26,11,0.0,0.0,0.19696969696969696,0.19696969696969696,0.19696969696969696
810,200,186,31,335,True,True,132,132,15,26,4,0.0,0.0,0.19696969696969696,0.11363636363636363,0.19696969696969696
810,201,186,31,383,True,True,132,132,4,4,1,0.0,0.5,0.030303030303030304,0.030303030303030304,0.030303030303030304
810,202,186,31,433,True,True,132,132,9,10,6,0.0,0.0,0.07575757575757576,0.06818181818181818,0.07575757575757576
810,203,186,31,455,True,True,132,132,21,32,10,0.0,0.0,0.24242424242424243,0.1590909090909091,0.24242424242424243
810,204,186,31,463,True,True,132,132,114,267,46,0.0,0.0,2.022727272727273,0.8636363636363636,2.022727272727273
811,318,186,74,2,True,False,125,125,0,0,0,0.0,0.0,0.0,0.0,0.0
811,319,186,74,6,True,True,125,125,5,9,4,0.0,0.0,0.072,0.04,0.072
811,320,186,74,12,True,False,125,125,0,0,0,0.0,0.0,0.0,0.0,0.0
811,321,186,74,58,True,False,125,125,0,0,0,0.0,0.0,0.0,0.0,0.0
811,322,186,74,121,True,True,125,125,30,52,20,0.0,0.0,0.416,0.24,0.416
811,323,186,74,139,True,True,125,125,2,2,2,0.0,0.0,0.016,0.016,0.016
811,324,186,74,169,True,True,125,125,3,5,3,0.0,0.0,0.04,0.024,0.04
811,325,186,74,175,True,True,125,125,21,38,13,0.0,0.0,0.304,0.168,0.304
811,326,186,74,243,True,True,125,125,1,2,1,0.0,0.0,0.016,0.008,0.016
811,327,186,74,248,True,True,125,125,107,133,56,0.0,0.0,1.064,0.856,1.064
811,328,186,74,281,True,True,125,125,25,75,12,0.0,0.0,0.6,0.2,0.6
811,329,186,74,335,True,True,125,125,7,10,5,0.0,0.0,0.08,0.056,0.08
811,330,186,74,361,True,True,125,125,1,2,1,0.0,0.0,0.016,0.008,0.016
811,331,186,74,383,True,True,125,125,2,2,1,0.0,0.0,0.016,0.016,0.016
811,332,186,74,433,True,True,125,125,25,60,14,0.0,0.0,0.48,0.2,0.48
811,333,186,74,449,True,True,125,125,10,12,9,0.0,0.0,0.096,0.08,0.096
811,334,186,74,455,True,True,125,125,13,36,9,0.0,0.0,0.288,0.104,0.288
811,335,186,74,463,True,True,125,125,95,191,54,0.0,0.0,1.528,0.76,1.528
811,336,186,74,508,True,True,125,125,11,17,6,0.0,0.0,0.136,0.088,0.136
812,465,186,121,2,True,True,81,81,1,5,1,0.0,0.0,0.06172839506172839,0.012345679012345678,0.06172839506172839
812,466,186,121,22,True,True,81,81,3,7,2,0.0,0.0,0.08641975308641975,0.037037037037037035,0.08641975308641975
812,467,186,121,113,True,True,81,81,5,24,3,0.0,0.0,0.2962962962962963,0.06172839506172839,0.2962962962962963
812,468,186,121,139,True,True,81,81,20,87,14,0.0,0.0,1.0740740740740742,0.24691358024691357,1.0740740740740742
812,469,186,121,144,True,True,81,81,4,25,3,0.0,0.0,0.30864197530864196,0.04938271604938271,0.30864197530864196
812,470,186,121,175,True,True,81,81,19,99,13,0.0,0.0,1.2222222222222223,0.2345679012345679,1.2222222222222223
812,471,186,121,251,True,True,81,81,2,11,2,0.0,1.0,0.13580246913580246,0.024691358024691357,0.13580246913580246
812,472,186,121,273,True,True,81,81,17,81,13,0.0,0.0,1.0,0.20987654320987653,1.0
812,473,186,121,481,True,False,81,81,0,0,0,0.0,0.0,0.0,0.0,0.0
813,537,186,141,2,True,True,143,143,2,5,1,0.0,0.0,0.03496503496503497,0.013986013986013986,0.03496503496503497
813,538,186,141,12,True,False,143,143,0,0,0,0.0,0.0,0.0,0.0,0.0
813,539,186,141,22,True,True,143,143,3,3,1,0.0,1.0,0.02097902097902098,0.02097902097902098,0.02097902097902098
813,540,186,141,74,True,True,143,143,38,55,13,0.0,0.0,0.38461538461538464,0.26573426573426573,0.38461538461538464
813,541,186,141,121,True,True,143,143,143,351,55,0.0,0.0,2.4545454545454546,1.0,2.4545454545454546
813,542,186,141,139,True,True,143,143,13,18,4,0.0,1.0,0.1258741258741259,0.09090909090909091,0.1258741258741259
813,543,186,141,144,True,True,143,143,7,10,3,0.0,0.0,0.06993006993006994,0.04895104895104895,0.06993006993006994
813,544,186,141,156,True,True,143,143,44,82,24,0.0,0.0,0.5734265734265734,0.3076923076923077,0.5734265734265734
813,545,186,141,175,True,True,143,143,53,81,18,0.0,0.0,0.5664335664335665,0.3706293706293706,0.5664335664335665
813,546,186,141,248,True,True,143,143,140,294,53,0.0,0.0,2.055944055944056,0.9790209790209791,2.055944055944056
813,547,186,141,273,True,True,143,143,55,106,22,0.0,1.0,0.7412587412587412,0.38461538461538464,0.7412587412587412
814,620,186,156,12,True,True,78,78,2,3,2,0.0,0.0,0.038461538461538464,0.02564102564102564,0.038461538461538464
814,621,186,156,22,True,True,78,78,2,3,2,0.0,0.0,0.038461538461538464,0.02564102564102564,0.038461538461538464
814,622,186,156,58,True,True,78,78,4,8,3,0.0,0.0,0.10256410256410256,0.05128205128205128,0.10256410256410256
814,623,186,156,113,True,True,78,78,4,6,3,0.0,0.0,0.07692307692307693,0.05128205128205128,0.07692307692307693
814,624,186,156,121,True,True,78,78,67,143,42,0.0,0.0,1.8333333333333333,0.8589743589743589,1.8333333333333333
814,625,186,156,139,True,True,78,78,6,13,4,0.0,0.0,0.16666666666666666,0.07692307692307693,0.16666666666666666
814,626,186,156,144,True,True,78,78,4,7,4,0.0,0.0,0.08974358974358974,0.05128205128205128,0.08974358974358974
814,627,186,156,243,True,False,78,78,0,0,0,0.0,0.0,0.0,0.0,0.0
814,628,186,156,248,True,True,78,78,30,38,24,0.0,0.0,0.48717948717948717,0.38461538461538464,0.48717948717948717
814,629,186,156,251,True,True,78,78,4,8,3,0.0,0.0,0.10256410256410256,0.05128205128205128,0.10256410256410256
814,630,186,156,262,True,True,78,78,1,2,1,0.0,0.0,0.02564102564102564,0.01282051282051282,0.02564102564102564
814,631,186,156,273,True,True,78,78,17,50,13,0.0,0.0,0.6410256410256411,0.21794871794871795,0.6410256410256411
814,632,186,156,321,True,False,78,78,0,0,0,0.0,0.0,0.0,0.0,0.0
814,633,186,156,449,True,True,78,78,36,44,23,0.0,0.0,0.5641025641025641,0.46153846153846156,0.5641025641025641
814,634,186,156,463,True,True,78,78,8,14,7,0.0,0.0,0.1794871794871795,0.10256410256410256,0.1794871794871795
814,635,186,156,481,True,False,78,78,0,0,0,0.0,0.0,0.0,0.0,0.0
815,980,186,248,2,True,True,212,212,2,11,1,0.0,0.0,0.05188679245283019,0.009433962264150943,0.05188679245283019
815,981,186,248,12,True,False,212,212,0,0,0,0.0,0.0,0.0,0.0,0.0
815,982,186,248,22,True,True,212,212,3,4,3,0.0,0.0,0.018867924528301886,0.014150943396226415,0.018867924528301886
815,983,186,248,121,True,True,212,212,115,217,63,0.0,0.0,1.0235849056603774,0.5424528301886793,1.0235849056603774
815,984,186,248,139,True,True,212,212,26,52,18,0.0,0.0,0.24528301886792453,0.12264150943396226,0.24528301886792453
815,985,186,248,144,True,True,212,212,6,21,4,0.0,0.0,0.09905660377358491,0.02830188679245283,0.09905660377358491
815,986,186,248,169,True,True,212,212,13,50,7,0.0,0.0,0.2358490566037736,0.06132075471698113,0.2358490566037736
815,987,186,248,175,True,True,212,212,35,114,18,0.0,0.0,0.5377358490566038,0.1650943396226415,0.5377358490566038
815,988,186,248,262,True,True,212,212,1,3,1,0.0,0.0,0.014150943396226415,0.0047169811320754715,0.014150943396226415
815,989,186,248,273,True,True,212,212,36,132,22,0.0,0.0,0.6226415094339622,0.16981132075471697,0.6226415094339622
815,990,186,248,281,True,True,212,212,17,51,13,0.0,0.0,0.24056603773584906,0.08018867924528301,0.24056603773584906
815,991,186,248,335,True,True,212,212,14,35,5,0.0,0.0,0.1650943396226415,0.0660377358490566,0.1650943396226415
815,992,186,248,383,True,True,212,212,3,5,1,0.0,0.0,0.02358490566037736,0.014150943396226415,0.02358490566037736
815,993,186,248,433,True,True,212,212,21,55,14,0.0,0.0,0.25943396226415094,0.09905660377358491,0.25943396226415094
815,994,186,248,455,True,True,212,212,14,44,11,0.0,0.0,0.20754716981132076,0.0660377358490566,0.20754716981132076
815,995,186,248,463,True,True,212,212,92,156,54,0.0,0.0,0.7358490566037735,0.4339622641509434,0.7358490566037735
815,996,186,248,508,True,True,212,212,21,50,13,0.0,0.0,0.2358490566037736,0.09905660377358491,0.2358490566037736
816,1299,186,319,6,True,True,51,51,18,30,6,0.0,0.0,0.5882352941176471,0.35294117647058826,0.5882352941176471
816,1300,186,319,12,True,True,51,51,2,5,2,0.0,0.0,0.09803921568627451,0.0392156862745098,0.09803921568627451
816,1301,186,319,74,True,True,51,51,13,20,6,0.0,0.0,0.39215686274509803,0.2549019607843137,0.39215686274509803
816,1302,186,319,113,True,True,51,51,8,8,3,0.0,1.0,0.1568627450980392,0.1568627450980392,0.1568627450980392
816,1303,186,319,121,True,True,51,51,16,43,8,0.0,0.0,0.8431372549019608,0.3137254901960784,0.8431372549019608
816,1304,186,319,156,True,True,51,51,16,27,9,0.0,0.0,0.5294117647058824,0.3137254901960784,0.5294117647058824
816,1305,186,319,243,True,True,51,51,3,3,1,0.0,1.0,0.058823529411764705,0.058823529411764705,0.058823529411764705
816,1306,186,319,251,True,True,51,51,4,6,2,0.0,0.5,0.11764705882352941,0.0784313725490196,0.11764705882352941
816,1307,186,319,321,True,False,51,51,0,0,0,0.0,0.0,0.0,0.0,0.0
816,1308,186,319,361,True,True,51,51,3,6,2,0.0,0.0,0.11764705882352941,0.058823529411764705,0.11764705882352941
816,1309,186,319,449,True,True,51,51,47,107,19,0.0,0.0,2.0980392156862746,0.9215686274509803,2.0980392156862746
816,1310,186,319,463,True,True,51,51,32,74,13,0.0,0.0,1.4509803921568627,0.6274509803921569,1.4509803921568627
816,1311,186,319,481,True,False,51,51,0,0,0,0.0,0.0,0.0,0.0,0.0
817,1480,186,381,12,True,True,170,170,11,32,5,0.0,0.0,0.18823529411764706,0.06470588235294118,0.18823529411764706
817,1481,186,381,31,True,True,170,170,6,8,4,0.0,0.0,0.047058823529411764,0.03529411764705882,0.047058823529411764
817,1482,186,381,58,True,True,170,170,18,24,8,0.0,0.5,0.1411764705882353,0.10588235294117647,0.1411764705882353
817,1483,186,381,74,True,True,170,170,51,86,16,0.0,0.0,0.5058823529411764,0.3,0.5058823529411764
817,1484,186,381,121,True,True,170,170,89,230,31,0.0,0.0,1.3529411764705883,0.5235294117647059,1.3529411764705883
817,1485,186,381,141,True,True,170,170,12,15,7,0.0,0.0,0.08823529411764706,0.07058823529411765,0.08823529411764706
817,1486,186,381,156,True,True,170,170,47,71,22,0.0,0.0,0.4176470588235294,0.27647058823529413,0.4176470588235294
817,1487,186,381,248,True,True,170,170,76,150,20,0.0,0.0,0.8823529411764706,0.4470588235294118,0.8823529411764706
817,1488,186,381,251,True,True,170,170,3,3,1,0.0,1.0,0.01764705882352941,0.01764705882352941,0.01764705882352941
817,1489,186,381,319,True,True,170,170,3,4,3,0.0,0.0,0.023529411764705882,0.01764705882352941,0.023529411764705882
817,1490,186,381,433,True,True,170,170,20,26,8,0.0,0.0,0.15294117647058825,0.11764705882352941,0.15294117647058825
817,1491,186,381,449,True,True,170,170,89,203,29,0.0,0.0,1.1941176470588235,0.5235294117647059,1.1941176470588235
817,1492,186,381,463,True,True,170,170,70,163,23,0.0,0.0,0.9588235294117647,0.4117647058823529,0.9588235294117647
818,1713,186,449,6,True,True,96,96,17,66,8,0.0,0.0,0.6875,0.17708333333333334,0.6875
818,1714,186,449,12,True,True,96,96,9,19,6,0.0,0.0,0.19791666666666666,0.09375,0.19791666666666666
818,1715,186,449,58,True,True,96,96,14,37,8,0.0,0.0,0.3854166666666667,0.14583333333333334,0.3854166666666667
818,1716,186,449,113,True,True,96,96,11,34,6,0.0,0.0,0.3541666666666667,0.11458333333333333,0.3541666666666667
818,1717,186,449,121,True,True,96,96,37,70,21,0.0,0.0,0.7291666666666666,0.3854166666666667,0.7291666666666666
818,1718,186,449,217,True,False,96,96,0,0,0,0.0,0.0,0.0,0.0,0.0
818,1719,186,449,243,True,True,96,96,2,3,2,0.0,0.0,0.03125,0.020833333333333332,0.03125
818,1720,186,449,251,True,True,96,96,7,16,5,0.0,0.0,0.16666666666666666,0.07291666666666667,0.16666666666666666
818,1721,186,449,262,True,True,96,96,2,11,1,0.0,0.0,0.11458333333333333,0.020833333333333332,0.11458333333333333
818,1722,186,449,321,True,False,96,96,0,0,0,0.0,0.0,0.0,0.0,0.0
818,1723,186,449,361,True,True,96,96,6,26,3,0.0,0.0,0.2708333333333333,0.0625,0.2708333333333333
818,1724,186,449,463,True,True,96,96,50,97,28,0.0,0.0,1.0104166666666667,0.5208333333333334,1.0104166666666667
818,1725,186,449,481,True,True,96,96,2,5,1,0.0,0.0,0.052083333333333336,0.020833333333333332,0.052083333333333336
819,1755,186,463,6,True,True,78,78,8,42,8,0.0,0.0,0.5384615384615384,0.10256410256410256,0.5384615384615384
819,1756,186,463,58,True,True,78,78,7,33,7,0.0,0.0,0.4230769230769231,0.08974358974358974,0.4230769230769231
819,1757,186,463,117,True,True,78,78,1,3,1,0.0,1.0,0.038461538461538464,0.01282051282051282,0.038461538461538464
819,1758,186,463,169,True,True,78,78,5,17,4,0.0,0.0,0.21794871794871795,0.0641025641025641,0.21794871794871795
819,1759,186,463,199,True,False,78,78,0,0,0,0.0,0.0,0.0,0.0,0.0
819,1760,186,463,217,True,False,78,78,0,0,0,0.0,0.0,0.0,0.0,0.0
819,1761,186,463,243,True,True,78,78,1,2,1,0.0,0.5,0.02564102564102564,0.01282051282051282,0.02564102564102564
819,1762,186,463,262,True,True,78,78,1,9,1,0.0,1.0,0.11538461538461539,0.01282051282051282,0.11538461538461539
819,1763,186,463,281,True,True,78,78,13,91,10,0.0,0.0,1.1666666666666667,0.16666666666666666,1.1666666666666667
819,1764,186,463,335,True,True,78,78,6,12,5,0.0,0.0,0.15384615384615385,0.07692307692307693,0.15384615384615385
819,1765,186,463,361,True,True,78,78,2,8,2,0.0,0.0,0.10256410256410256,0.02564102564102564,0.10256410256410256
819,1766,186,463,383,True,False,78,78,0,0,0,0.0,0.0,0.0,0.0,0.0
819,1767,186,463,433,True,True,78,78,17,61,12,0.0,0.0,0.782051282051282,0.21794871794871795,0.782051282051282
819,1768,186,463,455,True,True,78,78,10,43,7,0.0,0.0,0.5512820512820513,0.1282051282051282,0.5512820512820513
819,1769,186,463,508,True,True,78,78,15,62,12,0.0,0.0,0.7948717948717948,0.19230769230769232,0.7948717948717948
820,0,196,1,56,True,False,130,130,0,0,0,0.0,0.0,0.0,0.0,0.0
820,1,196,1,196,True,True,130,130,21,29,4,0.0,0.0,0.2230769230769231,0.16153846153846155,0.2230769230769231
820,2,196,1,203,True,False,130,130,0,0,0,0.0,0.0,0.0,0.0,0.0
820,3,196,1,207,True,True,130,130,3,12,3,0.0,0.0,0.09230769230769231,0.023076923076923078,0.09230769230769231
820,4,196,1,222,True,True,130,130,9,9,2,0.0,0.0,0.06923076923076923,0.06923076923076923,0.06923076923076923
820,5,196,1,263,True,True,130,130,1,3,1,0.0,0.0,0.023076923076923078,0.007692307692307693,0.023076923076923078
820,6,196,1,271,True,True,130,130,9,12,3,0.0,0.0,0.09230769230769231,0.06923076923076923,0.09230769230769231
820,7,196,1,297,True,False,130,130,0,0,0,0.0,0.0,0.0,0.0,0.0
820,8,196,1,299,True,False,130,130,0,0,0,0.0,0.0,0.0,0.0,0.0
820,9,196,1,303,True,False,130,130,0,0,0,0.0,0.0,0.0,0.0,0.0
820,10,196,1,355,True,False,130,130,0,0,0,0.0,0.0,0.0,0.0,0.0
820,11,196,1,362,True,False,130,130,0,0,0,0.0,0.0,0.0,0.0,0.0
820,12,196,1,429,True,True,130,130,127,748,17,0.0,0.0,5.753846153846154,0.9769230769230769,5.753846153846154
821,172,196,28,1,True,True,29,29,14,52,3,0.0,1.0,1.793103448275862,0.4827586206896552,1.793103448275862
821,173,196,28,56,True,False,29,29,0,0,0,0.0,0.0,0.0,0.0,0.0
821,174,196,28,222,True,True,29,29,15,116,2,0.0,1.0,4.0,0.5172413793103449,4.0
821,175,196,28,271,True,True,29,29,9,24,2,0.0,1.0,0.8275862068965517,0.3103448275862069,0.8275862068965517
821,176,196,28,318,True,False,29,29,0,0,0,0.0,0.0,0.0,0.0,0.0
821,177,196,28,326,True,False,29,29,0,0,0,0.0,0.0,0.0,0.0,0.0
821,178,196,28,347,True,False,29,29,0,0,0,0.0,0.0,0.0,0.0,0.0
821,179,196,28,355,True,True,29,29,5,15,1,0.0,1.0,0.5172413793103449,0.1724137931034483,0.5172413793103449
821,180,196,28,369,True,False,29,29,0,0,0,0.0,0.0,0.0,0.0,0.0
821,181,196,28,410,True,False,29,29,0,0,0,0.0,0.0,0.0,0.0,0.0
821,182,196,28,429,True,True,29,29,18,52,4,0.0,1.0,1.793103448275862,0.6206896551724138,1.793103448275862
822,500,196,133,7,True,False,13,13,0,0,0,0.0,0.0,0.0,0.0,0.0
822,501,196,133,157,True,False,13,13,0,0,0,0.0,0.0,0.0,0.0,0.0
822,502,196,133,196,True,True,13,13,3,6,1,0.0,0.5,0.46153846153846156,0.23076923076923078,0.46153846153846156
822,503,196,133,222,True,False,13,13,0,0,0,0.0,0.0,0.0,0.0,0.0
822,504,196,133,415,True,False,13,13,0,0,0,0.0,0.0,0.0,0.0,0.0
822,505,196,133,432,True,False,13,13,0,0,0,0.0,0.0,0.0,0.0,0.0
823,860,196,207,161,True,False,42,42,0,0,0,0.0,0.0,0.0,0.0,0.0
823,861,196,207,167,True,True,42,42,4,40,1,0.0,1.0,0.9523809523809523,0.09523809523809523,0.9523809523809523
823,862,196,207,196,True,True,42,42,4,12,1,2.0,4.0,0.2857142857142857,0.09523809523809523,0.2857142857142857
823,863,196,207,263,True,True,42,42,38,353,7,0.0,1.0,8.404761904761905,0.9047619047619048,8.404761904761905
823,864,196,207,375,True,False,42,42,0,0,0,0.0,0.0,0.0,0.0,0.0
823,865,196,207,405,True,False,42,42,0,0,0,0.0,0.0,0.0,0.0,0.0
823,866,196,207,440,True,False,42,42,0,0,0,0.0,0.0,0.0,0.0,0.0
823,867,196,207,485,True,False,42,42,0,0,0,0.0,0.0,0.0,0.0,0.0
824,889,196,222,1,True,True,153,153,107,1034,10,0.0,7.0,6.758169934640523,0.6993464052287581,6.758169934640523
824,890,196,222,56,True,False,153,153,0,0,0,0.0,0.0,0.0,0.0,0.0
824,891,196,222,207,True,False,153,153,0,0,0,0.0,0.0,0.0,0.0,0.0
824,892,196,222,263,True,False,153,153,0,0,0,0.0,0.0,0.0,0.0,0.0
824,893,196,222,355,True,True,153,153,3,17,1,7.0,9.0,0.1111111111111111,0.0196078431372549,0.1111111111111111
824,894,196,222,410,True,False,153,153,0,0,0,0.0,0.0,0.0,0.0,0.0
824,895,196,222,415,True,False,153,153,0,0,0,0.0,0.0,0.0,0.0,0.0
824,896,196,222,429,True,True,153,153,23,80,6,0.0,0.0,0.5228758169934641,0.1503267973856209,0.5228758169934641
825,1082,196,263,7,True,False,36,36,0,0,0,0.0,0.0,0.0,0.0,0.0
825,1083,196,263,133,True,False,36,36,0,0,0,0.0,0.0,0.0,0.0,0.0
825,1084,196,263,167,True,True,36,36,1,9,1,0.0,1.0,0.25,0.027777777777777776,0.25
825,1085,196,263,196,True,True,36,36,11,104,4,0.0,5.0,2.888888888888889,0.3055555555555556,2.888888888888889
825,1086,196,263,258,True,True,36,36,4,12,2,0.0,0.0,0.3333333333333333,0.1111111111111111,0.3333333333333333
825,1087,196,263,309,True,False,36,36,0,0,0,0.0,0.0,0.0,0.0,0.0
825,1088,196,263,405,True,False,36,36,0,0,0,0.0,0.0,0.0,0.0,0.0
825,1089,196,263,440,True,False,36,36,0,0,0,0.0,0.0,0.0,0.0,0.0
825,1090,196,263,509,True,True,36,36,3,17,1,0.0,1.0,0.4722222222222222,0.08333333333333333,0.4722222222222222
826,1108,196,271,1,True,True,19,19,12,12,4,0.0,0.0,0.631578947368421,0.631578947368421,0.631578947368421
826,1109,196,271,28,True,False,19,19,0,0,0,0.0,0.0,0.0,0.0,0.0
826,1110,196,271,42,True,False,19,19,0,0,0,0.0,0.0,0.0,0.0,0.0
826,1111,196,271,56,True,False,19,19,0,0,0,0.0,0.0,0.0,0.0,0.0
826,1112,196,271,63,True,False,19,19,0,0,0,0.0,0.0,0.0,0.0,0.0
826,1113,196,271,146,True,False,19,19,0,0,0,0.0,0.0,0.0,0.0,0.0
826,1114,196,271,164,True,False,19,19,0,0,0,0.0,0.0,0.0,0.0,0.0
826,1115,196,271,171,True,False,19,19,0,0,0,0.0,0.0,0.0,0.0,0.0
826,1116,196,271,173,True,False,19,19,0,0,0,0.0,0.0,0.0,0.0,0.0
826,1117,196,271,180,True,False,19,19,0,0,0,0.0,0.0,0.0,0.0,0.0
826,1118,196,271,196,True,False,19,19,0,0,0,0.0,0.0,0.0,0.0,0.0
826,1119,196,271,207,True,False,19,19,0,0,0,0.0,0.0,0.0,0.0,0.0
826,1120,196,271,222,True,True,19,19,5,5,1,0.0,0.0,0.2631578947368421,0.2631578947368421,0.2631578947368421
826,1121,196,271,297,True,False,19,19,0,0,0,0.0,0.0,0.0,0.0,0.0
826,1122,196,271,355,True,False,19,19,0,0,0,0.0,0.0,0.0,0.0,0.0
826,1123,196,271,369,True,False,19,19,0,0,0,0.0,0.0,0.0,0.0,0.0
826,1124,196,271,410,True,False,19,19,0,0,0,0.0,0.0,0.0,0.0,0.0
826,1125,196,271,429,True,True,19,19,18,82,5,0.0,0.0,4.315789473684211,0.9473684210526315,4.315789473684211
827,1218,196,299,1,True,True,97,97,97,1253,5,0.0,5.0,12.917525773195877,1.0,12.917525773195877
827,1219,196,299,56,True,False,97,97,0,0,0,0.0,0.0,0.0,0.0,0.0
827,1220,196,299,263,True,False,97,97,0,0,0,0.0,0.0,0.0,0.0,0.0
828,1296,196,318,1,True,True,60,60,46,441,4,2.0,8.0,7.35,0.7666666666666667,7.35
828,1297,196,318,56,True,False,60,60,0,0,0,0.0,0.0,0.0,0.0,0.0
828,1298,196,318,347,True,False,60,60,0,0,0,0.0,0.0,0.0,0.0,0.0
829,1667,196,429,1,True,True,148,148,11,103,2,0.0,3.0,0.6959459459459459,0.07432432432432433,0.6959459459459459
829,1668,196,429,259,True,False,148,148,0,0,0,0.0,0.0,0.0,0.0,0.0
829,1669,196,429,297,True,False,148,148,0,0,0,0.0,0.0,0.0,0.0,0.0
829,1670,196,429,369,True,False,148,148,0,0,0,0.0,0.0,0.0,0.0,0.0
829,1671,196,429,410,True,True,148,148,115,579,14,0.0,2.0,3.9121621621621623,0.777027027027027,3.9121621621621623
829,1672,196,429,414,True,False,148,148,0,0,0,0.0,0.0,0.0,0.0,0.0
830,1887,196,509,7,True,False,19,19,0,0,0,0.0,0.0,0.0,0.0,0.0
830,1888,196,509,113,True,True,19,19,5,35,1,1.0,5.0,1.8421052631578947,0.2631578947368421,1.8421052631578947
830,1889,196,509,161,True,False,19,19,0,0,0,0.0,0.0,0.0,0.0,0.0
830,1890,196,509,196,True,True,19,19,1,1,1,0.0,0.0,0.05263157894736842,0.05263157894736842,0.05263157894736842
830,1891,196,509,251,True,False,19,19,0,0,0,0.0,0.0,0.0,0.0,0.0
830,1892,196,509,279,True,False,19,19,0,0,0,0.0,0.0,0.0,0.0,0.0
830,1893,196,509,321,True,False,19,19,0,0,0,0.0,0.0,0.0,0.0,0.0
830,1894,196,509,361,True,False,19,19,0,0,0,0.0,0.0,0.0,0.0,0.0
830,1895,196,509,440,True,False,19,19,0,0,0,0.0,0.0,0.0,0.0,0.0
830,1896,196,509,481,True,True,19,19,7,65,1,0.0,1.0,3.4210526315789473,0.3684210526315789,3.4210526315789473
831,69,199,10,109,True,True,79,79,14,28,1,2.0,5.0,0.35443037974683544,0.17721518987341772,0.35443037974683544
831,70,199,10,112,True,True,79,79,9,57,2,0.0,4.0,0.7215189873417721,0.11392405063291139,0.7215189873417721
831,71,199,10,117,True,False,79,79,0,0,0,0.0,0.0,0.0,0.0,0.0
831,72,199,10,173,True,False,79,79,0,0,0,0.0,0.0,0.0,0.0,0.0
831,73,199,10,238,True,False,79,79,0,0,0,0.0,0.0,0.0,0.0,0.0
831,74,199,10,268,True,False,79,79,0,0,0,0.0,0.0,0.0,0.0,0.0
831,75,199,10,281,True,False,79,79,0,0,0,0.0,0.0,0.0,0.0,0.0
831,76,199,10,294,True,False,79,79,0,0,0,0.0,0.0,0.0,0.0,0.0
831,77,199,10,324,True,True,79,79,23,284,3,0.0,5.0,3.5949367088607596,0.2911392405063291,3.5949367088607596
831,78,199,10,378,True,False,79,79,0,0,0,0.0,0.0,0.0,0.0,0.0
831,79,199,10,387,True,True,79,79,36,281,5,0.0,1.0,3.5569620253164556,0.45569620253164556,3.5569620253164556
831,80,199,10,462,True,False,79,79,0,0,0,0.0,0.0,0.0,0.0,0.0
831,81,199,10,497,True,True,79,79,7,18,2,0.0,3.5,0.22784810126582278,0.08860759493670886,0.22784810126582278
832,232,199,39,117,True,False,64,64,0,0,0,0.0,0.0,0.0,0.0,0.0
832,233,199,39,169,True,False,64,64,0,0,0,0.0,0.0,0.0,0.0,0.0
832,234,199,39,176,True,True,64,64,17,204,2,0.0,2.0,3.1875,0.265625,3.1875
832,235,199,39,199,True,True,64,64,6,6,2,0.0,0.0,0.09375,0.09375,0.09375
832,236,199,39,252,True,False,64,64,0,0,0,0.0,0.0,0.0,0.0,0.0
832,237,199,39,294,True,False,64,64,0,0,0,0.0,0.0,0.0,0.0,0.0
832,238,199,39,317,True,True,64,64,8,56,1,0.0,0.0,0.875,0.125,0.875
832,239,199,39,371,True,False,64,64,0,0,0,0.0,0.0,0.0,0.0,0.0
832,240,199,39,383,True,True,64,64,23,104,4,0.0,0.0,1.625,0.359375,1.625
832,241,199,39,404,True,True,64,64,3,3,1,0.0,0.0,0.046875,0.046875,0.046875
832,242,199,39,455,True,False,64,64,0,0,0,0.0,0.0,0.0,0.0,0.0
832,243,199,39,494,True,True,64,64,32,99,7,0.0,0.0,1.546875,0.5,1.546875
832,244,199,39,508,True,False,64,64,0,0,0,0.0,0.0,0.0,0.0,0.0
833,337,199,77,163,True,False,26,26,0,0,0,0.0,0.0,0.0,0.0,0.0
833,338,199,77,205,True,False,26,26,0,0,0,0.0,0.0,0.0,0.0,0.0
834,446,199,117,10,True,False,42,42,0,0,0,0.0,0.0,0.0,0.0,0.0
834,447,199,117,16,True,False,42,42,0,0,0,0.0,0.0,0.0,0.0,0.0
834,448,199,117,80,True,False,42,42,0,0,0,0.0,0.0,0.0,0.0,0.0
834,449,199,117,199,True,False,42,42,0,0,0,0.0,0.0,0.0,0.0,0.0
834,450,199,117,238,True,False,42,42,0,0,0,0.0,0.0,0.0,0.0,0.0
834,451,199,117,268,True,False,42,42,0,0,0,0.0,0.0,0.0,0.0,0.0
834,452,199,117,281,True,False,42,42,0,0,0,0.0,0.0,0.0,0.0,0.0
834,453,199,117,294,True,False,42,42,0,0,0,0.0,0.0,0.0,0.0,0.0
834,454,199,117,317,True,True,42,42,34,396,3,0.0,1.0,9.428571428571429,0.8095238095238095,9.428571428571429
834,455,199,117,324,True,False,42,42,0,0,0,0.0,0.0,0.0,0.0,0.0
834,456,199,117,378,True,False,42,42,0,0,0,0.0,0.0,0.0,0.0,0.0
834,457,199,117,383,True,True,42,42,7,27,2,0.0,0.0,0.6428571428571429,0.16666666666666666,0.6428571428571429
834,458,199,117,387,True,True,42,42,1,4,1,0.0,0.0,0.09523809523809523,0.023809523809523808,0.09523809523809523
834,459,199,117,455,True,False,42,42,0,0,0,0.0,0.0,0.0,0.0,0.0
834,460,199,117,462,True,False,42,42,0,0,0,0.0,0.0,0.0,0.0,0.0
834,461,199,117,494,True,True,42,42,4,8,1,0.0,0.0,0.19047619047619047,0.09523809523809523,0.19047619047619047
835,719,199,170,199,True,True,21,21,5,20,1,0.0,0.0,0.9523809523809523,0.23809523809523808,0.9523809523809523
835,720,199,170,238,True,False,21,21,0,0,0,0.0,0.0,0.0,0.0,0.0
835,721,199,170,294,True,False,21,21,0,0,0,0.0,0.0,0.0,0.0,0.0
836,776,199,176,16,True,True,89,89,10,150,1,2.0,7.0,1.6853932584269662,0.11235955056179775,1.6853932584269662
836,777,199,176,266,True,True,89,89,65,913,7,0.0,6.0,10.258426966292134,0.7303370786516854,10.258426966292134
836,778,199,176,383,True,False,89,89,0,0,0,0.0,0.0,0.0,0.0,0.0
836,779,199,176,462,True,False,89,89,0,0,0,0.0,0.0,0.0,0.0,0.0
837,932,199,238,10,True,False,9,9,0,0,0,0.0,0.0,0.0,0.0,0.0
837,933,199,238,80,True,False,9,9,0,0,0,0.0,0.0,0.0,0.0,0.0
837,934,199,238,117,True,True,9,9,2,10,1,0.0,0.0,1.1111111111111112,0.2222222222222222,1.1111111111111112
837,935,199,238,149,True,False,9,9,0,0,0,0.0,0.0,0.0,0.0,0.0
837,936,199,238,199,True,True,9,9,1,2,1,0.0,0.0,0.2222222222222222,0.1111111111111111,0.2222222222222222
837,937,199,238,294,True,True,9,9,4,8,1,0.0,0.0,0.8888888888888888,0.4444444444444444,0.8888888888888888
837,938,199,238,317,True,False,9,9,0,0,0,0.0,0.0,0.0,0.0,0.0
837,939,199,238,387,True,False,9,9,0,0,0,0.0,0.0,0.0,0.0,0.0
837,940,199,238,404,True,False,9,9,0,0,0,0.0,0.0,0.0,0.0,0.0
837,941,199,238,494,True,True,9,9,7,29,2,0.0,0.0,3.2222222222222223,0.7777777777777778,3.2222222222222223
838,1011,199,252,30,True,False,8,8,0,0,0,0.0,0.0,0.0,0.0,0.0
838,1012,199,252,39,True,True,8,8,2,6,1,0.0,0.0,0.75,0.25,0.75
838,1013,199,252,176,True,True,8,8,7,83,2,0.0,4.0,10.375,0.875,10.375
838,1014,199,252,199,True,False,8,8,0,0,0,0.0,0.0,0.0,0.0,0.0
838,1015,199,252,259,True,False,8,8,0,0,0,0.0,0.0,0.0,0.0,0.0
838,1016,199,252,317,True,True,8,8,1,3,1,0.0,0.0,0.375,0.125,0.375
838,1017,199,252,371,True,False,8,8,0,0,0,0.0,0.0,0.0,0.0,0.0
838,1018,199,252,383,True,False,8,8,0,0,0,0.0,0.0,0.0,0.0,0.0
839,1282,199,317,30,True,False,128,128,0,0,0,0.0,0.0,0.0,0.0,0.0
839,1283,199,317,39,True,False,128,128,0,0,0,0.0,0.0,0.0,0.0,0.0
839,1284,199,317,176,True,True,128,128,18,240,2,1.0,6.0,1.875,0.140625,1.875
839,1285,199,317,199,True,True,128,128,12,109,2,0.0,1.0,0.8515625,0.09375,0.8515625
839,1286,199,317,238,True,False,128,128,0,0,0,0.0,0.0,0.0,0.0,0.0
839,1287,199,317,252,True,False,128,128,0,0,0,0.0,0.0,0.0,0.0,0.0
839,1288,199,317,294,True,False,128,128,0,0,0,0.0,0.0,0.0,0.0,0.0
839,1289,199,317,371,True,False,128,128,0,0,0,0.0,0.0,0.0,0.0,0.0
839,1290,199,317,383,True,True,128,128,35,217,6,0.0,1.0,1.6953125,0.2734375,1.6953125
839,1291,199,317,387,True,False,128,128,0,0,0,0.0,0.0,0.0,0.0,0.0
839,1292,199,317,404,True,False,128,128,0,0,0,0.0,0.0,0.0,0.0,0.0
839,1293,199,317,455,True,False,128,128,0,0,0,0.0,0.0,0.0,0.0,0.0
839,1294,199,317,462,True,True,128,128,47,530,7,0.0,6.0,4.140625,0.3671875,4.140625
839,1295,199,317,494,True,True,128,128,39,182,8,0.0,0.0,1.421875,0.3046875,1.421875
840,1505,199,383,21,True,True,31,31,4,7,2,6.0,7.0,0.22580645161290322,0.12903225806451613,0.22580645161290322
840,1506,199,383,39,True,False,31,31,0,0,0,0.0,0.0,0.0,0.0,0.0
840,1507,199,383,61,True,True,31,31,5,10,3,5.0,6.0,0.3225806451612903,0.16129032258064516,0.3225806451612903
840,1508,199,383,129,True,True,31,31,10,10,3,8.0,9.5,0.3225806451612903,0.3225806451612903,0.3225806451612903
840,1509,199,383,141,True,True,31,31,12,12,2,6.0,8.0,0.3870967741935484,0.3870967741935484,0.3870967741935484
840,1510,199,383,169,True,True,31,31,19,189,7,2.0,6.0,6.096774193548387,0.6129032258064516,6.096774193548387
840,1511,199,383,179,True,True,31,31,10,21,3,7.0,9.0,0.6774193548387096,0.3225806451612903,0.6774193548387096
840,1512,199,383,186,True,True,31,31,4,4,2,6.0,6.5,0.12903225806451613,0.12903225806451613,0.12903225806451613
840,1513,199,383,273,True,False,31,31,0,0,0,0.0,0.0,0.0,0.0,0.0
840,1514,199,383,281,True,False,31,31,0,0,0,0.0,0.0,0.0,0.0,0.0
840,1515,199,383,313,True,True,31,31,3,9,1,6.0,7.0,0.2903225806451613,0.0967741935483871,0.2903225806451613
840,1516,199,383,317,True,False,31,31,0,0,0,0.0,0.0,0.0,0.0,0.0
840,1517,199,383,335,True,False,31,31,0,0,0,0.0,0.0,0.0,0.0,0.0
840,1518,199,383,433,True,False,31,31,0,0,0,0.0,0.0,0.0,0.0,0.0
840,1519,199,383,455,True,True,31,31,12,72,3,3.0,7.0,2.3225806451612905,0.3870967741935484,2.3225806451612905
840,1520,199,383,508,True,False,31,31,0,0,0,0.0,0.0,0.0,0.0,0.0
841,1534,199,387,6,True,False,19,19,0,0,0,0.0,0.0,0.0,0.0,0.0
841,1535,199,387,10,True,False,19,19,0,0,0,0.0,0.0,0.0,0.0,0.0
841,1536,199,387,117,True,False,19,19,0,0,0,0.0,0.0,0.0,0.0,0.0
841,1537,199,387,175,True,False,19,19,0,0,0,0.0,0.0,0.0,0.0,0.0
841,1538,199,387,281,True,True,19,19,19,281,5,0.0,5.0,14.789473684210526,1.0,14.789473684210526
841,1539,199,387,294,True,False,19,19,0,0,0,0.0,0.0,0.0,0.0,0.0
841,1540,199,387,309,True,False,19,19,0,0,0,0.0,0.0,0.0,0.0,0.0
841,1541,199,387,383,True,False,19,19,0,0,0,0.0,0.0,0.0,0.0,0.0
841,1542,199,387,455,True,False,19,19,0,0,0,0.0,0.0,0.0,0.0,0.0
842,1583,199,402,7,True,False,4,4,0,0,0,0.0,0.0,0.0,0.0,0.0
842,1584,199,402,24,True,False,4,4,0,0,0,0.0,0.0,0.0,0.0,0.0
842,1585,199,402,77,True,False,4,4,0,0,0,0.0,0.0,0.0,0.0,0.0
842,1586,199,402,84,True,False,4,4,0,0,0,0.0,0.0,0.0,0.0,0.0
842,1587,199,402,98,True,False,4,4,0,0,0,0.0,0.0,0.0,0.0,0.0
842,1588,199,402,115,True,False,4,4,0,0,0,0.0,0.0,0.0,0.0,0.0
842,1589,199,402,147,True,False,4,4,0,0,0,0.0,0.0,0.0,0.0,0.0
842,1590,199,402,217,True,False,4,4,0,0,0,0.0,0.0,0.0,0.0,0.0
842,1591,199,402,247,True,False,4,4,0,0,0,0.0,0.0,0.0,0.0,0.0
842,1592,199,402,309,True,False,4,4,0,0,0,0.0,0.0,0.0,0.0,0.0
842,1593,199,402,316,True,False,4,4,0,0,0,0.0,0.0,0.0,0.0,0.0
842,1594,199,402,352,True,True,4,4,2,8,1,0.0,0.0,2.0,0.5,2.0
842,1595,199,402,375,True,False,4,4,0,0,0,0.0,0.0,0.0,0.0,0.0
842,1596,199,402,385,True,False,4,4,0,0,0,0.0,0.0,0.0,0.0,0.0
842,1597,199,402,474,True,False,4,4,0,0,0,0.0,0.0,0.0,0.0,0.0
843,1598,199,404,10,True,False,13,13,0,0,0,0.0,0.0,0.0,0.0,0.0
843,1599,199,404,39,True,True,13,13,7,10,1,0.0,0.0,0.7692307692307693,0.5384615384615384,0.7692307692307693
843,1600,199,404,84,True,False,13,13,0,0,0,0.0,0.0,0.0,0.0,0.0
843,1601,199,404,115,True,False,13,13,0,0,0,0.0,0.0,0.0,0.0,0.0
843,1602,199,404,117,True,False,13,13,0,0,0,0.0,0.0,0.0,0.0,0.0
843,1603,199,404,169,True,True,13,13,2,7,2,0.0,0.0,0.5384615384615384,0.15384615384615385,0.5384615384615384
843,1604,199,404,199,True,True,13,13,7,9,2,0.0,0.0,0.6923076923076923,0.5384615384615384,0.6923076923076923
843,1605,199,404,217,True,False,13,13,0,0,0,0.0,0.0,0.0,0.0,0.0
843,1606,199,404,262,True,False,13,13,0,0,0,0.0,0.0,0.0,0.0,0.0
843,1607,199,404,294,True,True,13,13,1,9,1,0.0,1.0,0.6923076923076923,0.07692307692307693,0.6923076923076923
843,1608,199,404,309,True,False,13,13,0,0,0,0.0,0.0,0.0,0.0,0.0
843,1609,199,404,316,True,False,13,13,0,0,0,0.0,0.0,0.0,0.0,0.0
843,1610,199,404,317,True,True,13,13,4,4,1,0.0,0.5,0.3076923076923077,0.3076923076923077,0.3076923076923077
843,1611,199,404,383,True,False,13,13,0,0,0,0.0,0.0,0.0,0.0,0.0
843,1612,199,404,385,True,False,13,13,0,0,0,0.0,0.0,0.0,0.0,0.0
843,1613,199,404,387,True,False,13,13,0,0,0,0.0,0.0,0.0,0.0,0.0
843,1614,199,404,389,True,False,13,13,0,0,0,0.0,0.0,0.0,0.0,0.0
843,1615,199,404,433,True,False,13,13,0,0,0,0.0,0.0,0.0,0.0,0.0
843,1616,199,404,474,True,False,13,13,0,0,0,0.0,0.0,0.0,0.0,0.0
843,1617,199,404,494,True,True,13,13,12,53,3,0.0,0.0,4.076923076923077,0.9230769230769231,4.076923076923077
844,1744,199,462,16,True,False,18,18,0,0,0,0.0,0.0,0.0,0.0,0.0
844,1745,199,462,26,True,True,18,18,18,32,2,6.0,9.0,1.7777777777777777,1.0,1.7777777777777777
844,1746,199,462,30,True,False,18,18,0,0,0,0.0,0.0,0.0,0.0,0.0
844,1747,199,462,46,True,False,18,18,0,0,0,0.0,0.0,0.0,0.0,0.0
844,1748,199,462,109,True,False,18,18,0,0,0,0.0,0.0,0.0,0.0,0.0
844,1749,199,462,266,True,False,18,18,0,0,0,0.0,0.0,0.0,0.0,0.0
844,1750,199,462,324,True,False,18,18,0,0,0,0.0,0.0,0.0,0.0,0.0
844,1751,199,462,378,True,False,18,18,0,0,0,0.0,0.0,0.0,0.0,0.0
844,1752,199,462,430,True,True,18,18,3,5,1,9.0,10.0,0.2777777777777778,0.16666666666666666,0.2777777777777778
844,1753,199,462,487,True,False,18,18,0,0,0,0.0,0.0,0.0,0.0,0.0
844,1754,199,462,497,True,True,18,18,15,210,1,2.0,7.0,11.666666666666666,0.8333333333333334,11.666666666666666
845,1844,199,494,16,True,True,350,350,48,452,3,0.0,7.0,1.2914285714285714,0.13714285714285715,1.2914285714285714
845,1845,199,494,39,True,True,350,350,32,422,3,0.0,5.0,1.2057142857142857,0.09142857142857143,1.2057142857142857
845,1846,199,494,109,True,False,350,350,0,0,0,0.0,0.0,0.0,0.0,0.0
845,1847,199,494,117,True,True,350,350,15,180,1,0.0,5.0,0.5142857142857142,0.04285714285714286,0.5142857142857142
845,1848,199,494,169,True,True,350,350,34,211,4,0.0,2.0,0.6028571428571429,0.09714285714285714,0.6028571428571429
845,1849,199,494,170,True,True,350,350,15,68,1,5.0,9.0,0.19428571428571428,0.04285714285714286,0.19428571428571428
845,1850,199,494,176,True,True,350,350,17,212,3,0.0,4.0,0.6057142857142858,0.04857142857142857,0.6057142857142858
845,1851,199,494,199,True,False,350,350,0,0,0,0.0,0.0,0.0,0.0,0.0
845,1852,199,494,238,True,False,350,350,0,0,0,0.0,0.0,0.0,0.0,0.0
845,1853,199,494,252,True,True,350,350,45,296,3,0.0,5.0,0.8457142857142858,0.12857142857142856,0.8457142857142858
845,1854,199,494,294,True,True,350,350,7,64,1,0.0,1.0,0.18285714285714286,0.02,0.18285714285714286
845,1855,199,494,311,True,False,350,350,0,0,0,0.0,0.0,0.0,0.0,0.0
845,1856,199,494,317,True,True,350,350,31,352,4,0.0,5.0,1.0057142857142858,0.08857142857142856,1.0057142857142858
845,1857,199,494,383,True,True,350,350,182,2051,17,0.0,3.0,5.86,0.52,5.86
845,1858,199,494,404,True,True,350,350,9,31,2,0.0,1.0,0.08857142857142856,0.025714285714285714,0.08857142857142856
845,1859,199,494,455,True,False,350,350,0,0,0,0.0,0.0,0.0,0.0,0.0
845,1860,199,494,462,True,True,350,350,31,80,3,3.0,7.0,0.22857142857142856,0.08857142857142856,0.22857142857142856
845,1861,199,494,474,True,False,350,350,0,0,0,0.0,0.0,0.0,0.0,0.0
846,54,205,8,22,True,False,4,4,0,0,0,0.0,0.0,0.0,0.0,0.0
846,55,205,8,79,True,True,4,4,2,30,1,2.0,5.0,7.5,0.5,7.5
846,56,205,8,80,True,False,4,4,0,0,0,0.0,0.0,0.0,0.0,0.0
846,57,205,8,100,True,False,4,4,0,0,0,0.0,0.0,0.0,0.0,0.0
846,58,205,8,126,True,False,4,4,0,0,0,0.0,0.0,0.0,0.0,0.0
846,59,205,8,144,True,False,4,4,0,0,0,0.0,0.0,0.0,0.0,0.0
846,60,205,8,149,True,False,4,4,0,0,0,0.0,0.0,0.0,0.0,0.0
846,61,205,8,171,True,True,4,4,2,10,1,0.0,1.0,2.5,0.5,2.5
846,62,205,8,184,True,False,4,4,0,0,0,0.0,0.0,0.0,0.0,0.0
846,63,205,8,229,True,False,4,4,0,0,0,0.0,0.0,0.0,0.0,0.0
846,64,205,8,230,True,False,4,4,0,0,0,0.0,0.0,0.0,0.0,0.0
846,65,205,8,258,True,False,4,4,0,0,0,0.0,0.0,0.0,0.0,0.0
846,66,205,8,311,True,False,4,4,0,0,0,0.0,0.0,0.0,0.0,0.0
846,67,205,8,315,True,False,4,4,0,0,0,0.0,0.0,0.0,0.0,0.0
846,68,205,8,390,True,False,4,4,0,0,0,0.0,0.0,0.0,0.0,0.0
847,246,205,42,8,True,False,13,13,0,0,0,0.0,0.0,0.0,0.0,0.0
847,247,205,42,10,True,True,13,13,6,28,1,0.0,1.0,2.1538461538461537,0.46153846153846156,2.1538461538461537
847,248,205,42,149,True,False,13,13,0,0,0,0.0,0.0,0.0,0.0,0.0
847,249,205,42,151,True,False,13,13,0,0,0,0.0,0.0,0.0,0.0,0.0
847,250,205,42,258,True,False,13,13,0,0,0,0.0,0.0,0.0,0.0,0.0
847,251,205,42,390,True,False,13,13,0,0,0,0.0,0.0,0.0,0.0,0.0
847,252,205,42,405,True,True,13,13,5,17,2,0.0,0.0,1.3076923076923077,0.38461538461538464,1.3076923076923077
847,253,205,42,415,True,False,13,13,0,0,0,0.0,0.0,0.0,0.0,0.0
848,404,205,109,30,True,False,26,26,0,0,0,0.0,0.0,0.0,0.0,0.0
848,405,205,109,140,True,False,26,26,0,0,0,0.0,0.0,0.0,0.0,0.0
848,406,205,109,146,True,True,26,26,4,15,2,0.0,0.0,0.5769230769230769,0.15384615384615385,0.5769230769230769
848,407,205,109,163,True,False,26,26,0,0,0,0.0,0.0,0.0,0.0,0.0
848,408,205,109,205,True,False,26,26,0,0,0,0.0,0.0,0.0,0.0,0.0
848,409,205,109,259,True,False,26,26,0,0,0,0.0,0.0,0.0,0.0,0.0
848,410,205,109,328,True,True,26,26,6,9,1,0.0,0.0,0.34615384615384615,0.23076923076923078,0.34615384615384615
848,411,205,109,371,True,False,26,26,0,0,0,0.0,0.0,0.0,0.0,0.0
848,412,205,109,404,True,False,26,26,0,0,0,0.0,0.0,0.0,0.0,0.0
848,413,205,109,405,True,True,26,26,2,2,1,0.0,0.0,0.07692307692307693,0.07692307692307693,0.07692307692307693
848,414,205,109,430,True,False,26,26,0,0,0,0.0,0.0,0.0,0.0,0.0
848,415,205,109,487,True,False,26,26,0,0,0,0.0,0.0,0.0,0.0,0.0
848,416,205,109,494,True,True,26,26,8,35,2,0.0,0.0,1.3461538461538463,0.3076923076923077,1.3461538461538463
849,573,205,146,8,True,True,8,8,6,32,2,0.0,1.0,4.0,0.75,4.0
849,574,205,146,42,True,False,8,8,0,0,0,0.0,0.0,0.0,0.0,0.0
849,575,205,146,100,True,False,8,8,0,0,0,0.0,0.0,0.0,0.0,0.0
849,576,205,146,151,True,False,8,8,0,0,0,0.0,0.0,0.0,0.0,0.0
849,577,205,146,230,True,False,8,8,0,0,0,0.0,0.0,0.0,0.0,0.0
849,578,205,146,315,True,False,8,8,0,0,0,0.0,0.0,0.0,0.0,0.0
849,579,205,146,404,True,False,8,8,0,0,0,0.0,0.0,0.0,0.0,0.0
849,580,205,146,405,True,False,8,8,0,0,0,0.0,0.0,0.0,0.0,0.0
849,581,205,146,485,True,False,8,8,0,0,0,0.0,0.0,0.0,0.0,0.0
850,605,205,151,8,True,False,12,12,0,0,0,0.0,0.0,0.0,0.0,0.0
850,606,205,151,10,True,False,12,12,0,0,0,0.0,0.0,0.0,0.0,0.0
850,607,205,151,22,True,False,12,12,0,0,0,0.0,0.0,0.0,0.0,0.0
850,608,205,151,79,True,False,12,12,0,0,0,0.0,0.0,0.0,0.0,0.0
850,609,205,151,80,True,False,12,12,0,0,0,0.0,0.0,0.0,0.0,0.0
850,610,205,151,117,True,True,12,12,4,24,1,0.0,1.5,2.0,0.3333333333333333,2.0
850,611,205,151,149,True,False,12,12,0,0,0,0.0,0.0,0.0,0.0,0.0
850,612,205,151,171,True,False,12,12,0,0,0,0.0,0.0,0.0,0.0,0.0
850,613,205,151,184,True,False,12,12,0,0,0,0.0,0.0,0.0,0.0,0.0
850,614,205,151,230,True,False,12,12,0,0,0,0.0,0.0,0.0,0.0,0.0
850,615,205,151,258,True,False,12,12,0,0,0,0.0,0.0,0.0,0.0,0.0
850,616,205,151,268,True,False,12,12,0,0,0,0.0,0.0,0.0,0.0,0.0
850,617,205,151,311,True,False,12,12,0,0,0,0.0,0.0,0.0,0.0,0.0
850,618,205,151,390,True,False,12,12,0,0,0,0.0,0.0,0.0,0.0,0.0
850,619,205,151,494,True,True,12,12,9,72,2,0.0,1.0,6.0,0.75,6.0
851,1049,205,259,1,True,False,6,6,0,0,0,0.0,0.0,0.0,0.0,0.0
851,1050,205,259,30,True,False,6,6,0,0,0,0.0,0.0,0.0,0.0,0.0
851,1051,205,259,109,True,False,6,6,0,0,0,0.0,0.0,0.0,0.0,0.0
851,1052,205,259,146,True,False,6,6,0,0,0,0.0,0.0,0.0,0.0,0.0
851,1053,205,259,149,True,False,6,6,0,0,0,0.0,0.0,0.0,0.0,0.0
851,1054,205,259,163,True,False,6,6,0,0,0,0.0,0.0,0.0,0.0,0.0
851,1055,205,259,247,True,False,6,6,0,0,0,0.0,0.0,0.0,0.0,0.0
851,1056,205,259,252,True,False,6,6,0,0,0,0.0,0.0,0.0,0.0,0.0
851,1057,205,259,263,True,False,6,6,0,0,0,0.0,0.0,0.0,0.0,0.0
851,1058,205,259,288,True,False,6,6,0,0,0,0.0,0.0,0.0,0.0,0.0
851,1059,205,259,297,True,True,6,6,1,5,1,0.0,0.0,0.8333333333333334,0.16666666666666666,0.8333333333333334
851,1060,205,259,328,True,False,6,6,0,0,0,0.0,0.0,0.0,0.0,0.0
851,1061,205,259,346,True,False,6,6,0,0,0,0.0,0.0,0.0,0.0,0.0
851,1062,205,259,352,True,False,6,6,0,0,0,0.0,0.0,0.0,0.0,0.0
851,1063,205,259,371,True,False,6,6,0,0,0,0.0,0.0,0.0,0.0,0.0
851,1064,205,259,382,True,False,6,6,0,0,0,0.0,0.0,0.0,0.0,0.0
851,1065,205,259,398,True,False,6,6,0,0,0,0.0,0.0,0.0,0.0,0.0
851,1066,205,259,404,True,False,6,6,0,0,0,0.0,0.0,0.0,0.0,0.0
851,1067,205,259,405,True,True,6,6,1,4,1,0.0,0.0,0.6666666666666666,0.16666666666666666,0.6666666666666666
851,1068,205,259,410,True,True,6,6,1,1,1,0.0,0.0,0.16666666666666666,0.16666666666666666,0.16666666666666666
851,1069,205,259,494,True,False,6,6,0,0,0,0.0,0.0,0.0,0.0,0.0
852,1171,205,290,7,True,False,9,9,0,0,0,0.0,0.0,0.0,0.0,0.0
852,1172,205,290,8,True,False,9,9,0,0,0,0.0,0.0,0.0,0.0,0.0
852,1173,205,290,77,True,False,9,9,0,0,0,0.0,0.0,0.0,0.0,0.0
852,1174,205,290,143,True,False,9,9,0,0,0,0.0,0.0,0.0,0.0,0.0
852,1175,205,290,184,True,False,9,9,0,0,0,0.0,0.0,0.0,0.0,0.0
852,1176,205,290,247,True,False,9,9,0,0,0,0.0,0.0,0.0,0.0,0.0
852,1177,205,290,261,True,False,9,9,0,0,0,0.0,0.0,0.0,0.0,0.0
852,1178,205,290,279,True,False,9,9,0,0,0,0.0,0.0,0.0,0.0,0.0
852,1179,205,290,317,True,False,9,9,0,0,0,0.0,0.0,0.0,0.0,0.0
852,1180,205,290,346,True,False,9,9,0,0,0,0.0,0.0,0.0,0.0,0.0
852,1181,205,290,383,True,False,9,9,0,0,0,0.0,0.0,0.0,0.0,0.0
852,1182,205,290,402,True,True,9,9,7,104,1,0.0,3.5,11.555555555555555,0.7777777777777778,11.555555555555555
852,1183,205,290,474,True,False,9,9,0,0,0,0.0,0.0,0.0,0.0,0.0
853,1202,205,297,1,True,False,6,6,0,0,0,0.0,0.0,0.0,0.0,0.0
853,1203,205,297,42,True,True,6,6,2,18,1,6.0,7.0,3.0,0.3333333333333333,3.0
853,1204,205,297,56,True,False,6,6,0,0,0,0.0,0.0,0.0,0.0,0.0
853,1205,205,297,63,True,False,6,6,0,0,0,0.0,0.0,0.0,0.0,0.0
853,1206,205,297,112,True,False,6,6,0,0,0,0.0,0.0,0.0,0.0,0.0
853,1207,205,297,118,True,False,6,6,0,0,0,0.0,0.0,0.0,0.0,0.0
853,1208,205,297,151,True,False,6,6,0,0,0,0.0,0.0,0.0,0.0,0.0
853,1209,205,297,163,True,False,6,6,0,0,0,0.0,0.0,0.0,0.0,0.0
853,1210,205,297,222,True,False,6,6,0,0,0,0.0,0.0,0.0,0.0,0.0
853,1211,205,297,259,True,False,6,6,0,0,0,0.0,0.0,0.0,0.0,0.0
853,1212,205,297,271,True,False,6,6,0,0,0,0.0,0.0,0.0,0.0,0.0
853,1213,205,297,371,True,True,6,6,2,3,1,0.0,0.0,0.5,0.3333333333333333,0.5
853,1214,205,297,382,True,True,6,6,4,23,1,0.0,2.0,3.8333333333333335,0.6666666666666666,3.8333333333333335
853,1215,205,297,410,True,False,6,6,0,0,0,0.0,0.0,0.0,0.0,0.0
853,1216,205,297,414,True,False,6,6,0,0,0,0.0,0.0,0.0,0.0,0.0
853,1217,205,297,497,True,False,6,6,0,0,0,0.0,0.0,0.0,0.0,0.0
854,1331,205,328,30,True,False,6,6,0,0,0,0.0,0.0,0.0,0.0,0.0
854,1332,205,328,39,True,False,6,6,0,0,0,0.0,0.0,0.0,0.0,0.0
854,1333,205,328,109,True,False,6,6,0,0,0,0.0,0.0,0.0,0.0,0.0
854,1334,205,328,140,True,False,6,6,0,0,0,0.0,0.0,0.0,0.0,0.0
854,1335,205,328,170,True,False,6,6,0,0,0,0.0,0.0,0.0,0.0,0.0
854,1336,205,328,199,True,False,6,6,0,0,0,0.0,0.0,0.0,0.0,0.0
854,1337,205,328,238,True,False,6,6,0,0,0,0.0,0.0,0.0,0.0,0.0
854,1338,205,328,252,True,False,6,6,0,0,0,0.0,0.0,0.0,0.0,0.0
854,1339,205,328,404,True,False,6,6,0,0,0,0.0,0.0,0.0,0.0,0.0
854,1340,205,328,485,True,False,6,6,0,0,0,0.0,0.0,0.0,0.0,0.0
854,1341,205,328,494,True,True,6,6,6,38,2,0.0,0.0,6.333333333333333,1.0,6.333333333333333
855,1384,205,352,24,True,False,86,86,0,0,0,0.0,0.0,0.0,0.0,0.0
855,1385,205,352,85,True,False,86,86,0,0,0,0.0,0.0,0.0,0.0,0.0
855,1386,205,352,98,True,True,86,86,5,61,1,4.0,8.0,0.7093023255813954,0.05813953488372093,0.7093023255813954
855,1387,205,352,115,True,True,86,86,11,44,2,0.0,2.0,0.5116279069767442,0.12790697674418605,0.5116279069767442
855,1388,205,352,167,True,True,86,86,4,18,1,0.0,0.0,0.20930232558139536,0.046511627906976744,0.20930232558139536
855,1389,205,352,217,True,True,86,86,5,5,1,6.0,8.0,0.05813953488372093,0.05813953488372093,0.05813953488372093
855,1390,205,352,263,True,True,86,86,2,6,1,0.0,0.0,0.06976744186046512,0.023255813953488372,0.06976744186046512
855,1391,205,352,309,True,True,86,86,7,20,1,0.0,1.5,0.23255813953488372,0.08139534883720931,0.23255813953488372
855,1392,205,352,316,True,True,86,86,33,303,6,0.0,7.0,3.5232558139534884,0.38372093023255816,3.5232558139534884
855,1393,205,352,361,True,False,86,86,0,0,0,0.0,0.0,0.0,0.0,0.0
855,1394,205,352,402,True,True,86,86,5,19,1,0.0,2.0,0.22093023255813954,0.05813953488372093,0.22093023255813954
855,1395,205,352,404,True,True,86,86,5,36,1,0.0,2.0,0.4186046511627907,0.05813953488372093,0.4186046511627907
855,1396,205,352,474,True,False,86,86,0,0,0,0.0,0.0,0.0,0.0,0.0
855,1397,205,352,494,True,True,86,86,6,72,2,0.0,2.0,0.8372093023255814,0.06976744186046512,0.8372093023255814
856,1618,205,405,10,True,True,24,24,18,112,2,0.0,2.0,4.666666666666667,0.75,4.666666666666667
856,1619,205,405,80,True,False,24,24,0,0,0,0.0,0.0,0.0,0.0,0.0
856,1620,205,405,100,True,False,24,24,0,0,0,0.0,0.0,0.0,0.0,0.0
856,1621,205,405,117,True,True,24,24,5,34,1,0.0,3.0,1.4166666666666667,0.20833333333333334,1.4166666666666667
856,1622,205,405,258,True,True,24,24,3,32,1,0.0,1.0,1.3333333333333333,0.125,1.3333333333333333
856,1623,205,405,311,True,False,24,24,0,0,0,0.0,0.0,0.0,0.0,0.0
856,1624,205,405,315,True,False,24,24,0,0,0,0.0,0.0,0.0,0.0,0.0
856,1625,205,405,390,True,False,24,24,0,0,0,0.0,0.0,0.0,0.0,0.0
856,1626,205,405,404,True,False,24,24,0,0,0,0.0,0.0,0.0,0.0,0.0
856,1627,205,405,485,True,False,24,24,0,0,0,0.0,0.0,0.0,0.0,0.0
857,1844,205,494,16,True,False,28,28,0,0,0,0.0,0.0,0.0,0.0,0.0
857,1845,205,494,39,True,True,28,28,8,46,2,0.0,4.0,1.6428571428571428,0.2857142857142857,1.6428571428571428
857,1846,205,494,109,True,True,28,28,1,1,1,10.0,10.0,0.03571428571428571,0.03571428571428571,0.03571428571428571
857,1847,205,494,117,True,True,28,28,5,30,1,0.0,3.0,1.0714285714285714,0.17857142857142858,1.0714285714285714
857,1848,205,494,169,True,True,28,28,11,57,3,6.0,9.0,2.0357142857142856,0.39285714285714285,2.0357142857142856
857,1849,205,494,170,True,False,28,28,0,0,0,0.0,0.0,0.0,0.0,0.0
857,1850,205,494,176,True,False,28,28,0,0,0,0.0,0.0,0.0,0.0,0.0
857,1851,205,494,199,True,False,28,28,0,0,0,0.0,0.0,0.0,0.0,0.0
857,1852,205,494,238,True,False,28,28,0,0,0,0.0,0.0,0.0,0.0,0.0
857,1853,205,494,252,True,False,28,28,0,0,0,0.0,0.0,0.0,0.0,0.0
857,1854,205,494,294,True,True,28,28,13,102,3,0.0,4.5,3.642857142857143,0.4642857142857143,3.642857142857143
857,1855,205,494,311,True,False,28,28,0,0,0,0.0,0.0,0.0,0.0,0.0
857,1856,205,494,317,True,False,28,28,0,0,0,0.0,0.0,0.0,0.0,0.0
857,1857,205,494,383,True,False,28,28,0,0,0,0.0,0.0,0.0,0.0,0.0
857,1858,205,494,404,True,True,28,28,5,22,1,0.0,2.0,0.7857142857142857,0.17857142857142858,0.7857142857142857
857,1859,205,494,455,True,False,28,28,0,0,0,0.0,0.0,0.0,0.0,0.0
857,1860,205,494,462,True,False,28,28,0,0,0,0.0,0.0,0.0,0.0,0.0
857,1861,205,494,474,True,False,28,28,0,0,0,0.0,0.0,0.0,0.0,0.0
858,1075,206,262,13,True,False,45,45,0,0,0,0.0,0.0,0.0,0.0,0.0
858,1076,206,262,85,True,False,45,45,0,0,0,0.0,0.0,0.0,0.0,0.0
858,1077,206,262,129,True,False,45,45,0,0,0,0.0,0.0,0.0,0.0,0.0
858,1078,206,262,179,True,False,45,45,0,0,0,0.0,0.0,0.0,0.0,0.0
858,1079,206,262,247,True,False,45,45,0,0,0,0.0,0.0,0.0,0.0,0.0
858,1080,206,262,381,True,False,45,45,0,0,0,0.0,0.0,0.0,0.0,0.0
858,1081,206,262,487,True,True,45,45,45,635,2,0.0,4.0,14.11111111111111,1.0,14.11111111111111
859,1819,206,487,3,True,False,28,28,0,0,0,0.0,0.0,0.0,0.0,0.0
859,1820,206,487,16,True,True,28,28,25,231,4,3.0,8.0,8.25,0.8928571428571429,8.25
859,1821,206,487,26,True,False,28,28,0,0,0,0.0,0.0,0.0,0.0,0.0
859,1822,206,487,46,True,False,28,28,0,0,0,0.0,0.0,0.0,0.0,0.0
859,1823,206,487,109,True,False,28,28,0,0,0,0.0,0.0,0.0,0.0,0.0
859,1824,206,487,140,True,False,28,28,0,0,0,0.0,0.0,0.0,0.0,0.0
859,1825,206,487,163,True,False,28,28,0,0,0,0.0,0.0,0.0,0.0,0.0
859,1826,206,487,262,True,False,28,28,0,0,0,0.0,0.0,0.0,0.0,0.0
859,1827,206,487,266,True,True,28,28,3,34,1,6.0,9.0,1.2142857142857142,0.10714285714285714,1.2142857142857142
859,1828,206,487,297,True,False,28,28,0,0,0,0.0,0.0,0.0,0.0,0.0
859,1829,206,487,328,True,True,28,28,1,1,1,10.0,10.0,0.03571428571428571,0.03571428571428571,0.03571428571428571
859,1830,206,487,371,True,False,28,28,0,0,0,0.0,0.0,0.0,0.0,0.0
859,1831,206,487,430,True,False,28,28,0,0,0,0.0,0.0,0.0,0.0,0.0
859,1832,206,487,462,True,False,28,28,0,0,0,0.0,0.0,0.0,0.0,0.0
860,656,207,161,28,True,False,12,12,0,0,0,0.0,0.0,0.0,0.0,0.0
860,657,207,161,143,True,False,12,12,0,0,0,0.0,0.0,0.0,0.0,0.0
860,658,207,161,157,True,False,12,12,0,0,0,0.0,0.0,0.0,0.0,0.0
860,659,207,161,167,True,True,12,12,4,27,2,0.0,0.0,2.25,0.3333333333333333,2.25
860,660,207,161,369,True,False,12,12,0,0,0,0.0,0.0,0.0,0.0,0.0
860,661,207,161,375,True,True,12,12,7,51,1,0.0,0.0,4.25,0.5833333333333334,4.25
860,662,207,161,398,True,False,12,12,0,0,0,0.0,0.0,0.0,0.0,0.0
860,663,207,161,440,True,False,12,12,0,0,0,0.0,0.0,0.0,0.0,0.0
860,664,207,161,485,True,False,12,12,0,0,0,0.0,0.0,0.0,0.0,0.0
861,688,207,167,7,True,False,400,400,0,0,0,0.0,0.0,0.0,0.0,0.0
861,689,207,167,88,True,True,400,400,48,501,4,0.0,6.0,1.2525,0.12,1.2525
861,690,207,167,133,True,False,400,400,0,0,0,0.0,0.0,0.0,0.0,0.0
861,691,207,167,143,True,True,400,400,26,388,2,0.0,5.0,0.97,0.065,0.97
861,692,207,167,157,True,True,400,400,22,116,2,0.0,3.0,0.29,0.055,0.29
861,693,207,167,161,True,True,400,400,143,752,11,0.0,2.0,1.88,0.3575,1.88
861,694,207,167,196,True,False,400,400,0,0,0,0.0,0.0,0.0,0.0,0.0
861,695,207,167,261,True,False,400,400,0,0,0,0.0,0.0,0.0,0.0,0.0
861,696,207,167,279,True,False,400,400,0,0,0,0.0,0.0,0.0,0.0,0.0
861,697,207,167,290,True,False,400,400,0,0,0,0.0,0.0,0.0,0.0,0.0
861,698,207,167,316,True,False,400,400,0,0,0,0.0,0.0,0.0,0.0,0.0
861,699,207,167,432,True,True,400,400,15,165,1,0.0,2.0,0.4125,0.0375,0.4125
861,700,207,167,440,True,True,400,400,8,20,1,0.0,1.0,0.05,0.02,0.05
861,701,207,167,474,True,False,400,400,0,0,0,0.0,0.0,0.0,0.0,0.0
861,702,207,167,509,True,True,400,400,3,9,1,0.0,0.0,0.0225,0.0075,0.0225
862,820,207,196,1,True,True,6,6,3,5,1,9.0,10.0,0.8333333333333334,0.5,0.8333333333333334
862,821,207,196,28,True,False,6,6,0,0,0,0.0,0.0,0.0,0.0,0.0
862,822,207,196,133,True,False,6,6,0,0,0,0.0,0.0,0.0,0.0,0.0
862,823,207,196,207,True,False,6,6,0,0,0,0.0,0.0,0.0,0.0,0.0
862,824,207,196,222,True,False,6,6,0,0,0,0.0,0.0,0.0,0.0,0.0
862,825,207,196,263,True,False,6,6,0,0,0,0.0,0.0,0.0,0.0,0.0
862,826,207,196,271,True,False,6,6,0,0,0,0.0,0.0,0.0,0.0,0.0
862,827,207,196,299,True,False,6,6,0,0,0,0.0,0.0,0.0,0.0,0.0
862,828,207,196,318,True,False,6,6,0,0,0,0.0,0.0,0.0,0.0,0.0
862,829,207,196,429,True,False,6,6,0,0,0,0.0,0.0,0.0,0.0,0.0
862,830,207,196,509,True,False,6,6,0,0,0,0.0,0.0,0.0,0.0,0.0
863,1082,207,263,7,True,False,232,232,0,0,0,0.0,0.0,0.0,0.0,0.0
863,1083,207,263,133,True,True,232,232,15,41,1,0.0,2.0,0.17672413793103448,0.06465517241379311,0.17672413793103448
863,1084,207,263,167,True,True,232,232,29,175,4,0.0,0.0,0.7543103448275862,0.125,0.7543103448275862
863,1085,207,263,196,True,True,232,232,167,1763,12,0.0,3.0,7.599137931034483,0.7198275862068966,7.599137931034483
863,1086,207,263,258,True,False,232,232,0,0,0,0.0,0.0,0.0,0.0,0.0
863,1087,207,263,309,True,False,232,232,0,0,0,0.0,0.0,0.0,0.0,0.0
863,1088,207,263,405,True,True,232,232,14,34,2,0.0,0.0,0.14655172413793102,0.0603448275862069,0.14655172413793102
863,1089,207,263,440,True,False,232,232,0,0,0,0.0,0.0,0.0,0.0,0.0
863,1090,207,263,509,True,True,232,232,9,42,1,0.0,1.0,0.1810344827586207,0.03879310344827586,0.1810344827586207
864,1462,207,375,28,True,False,9,9,0,0,0,0.0,0.0,0.0,0.0,0.0
864,1463,207,375,161,True,True,9,9,5,10,1,0.0,0.0,1.1111111111111112,0.5555555555555556,1.1111111111111112
864,1464,207,375,163,True,False,9,9,0,0,0,0.0,0.0,0.0,0.0,0.0
864,1465,207,375,167,True,True,9,9,1,4,1,0.0,0.0,0.4444444444444444,0.1111111111111111,0.4444444444444444
864,1466,207,375,271,True,False,9,9,0,0,0,0.0,0.0,0.0,0.0,0.0
864,1467,207,375,355,True,False,9,9,0,0,0,0.0,0.0,0.0,0.0,0.0
864,1468,207,375,369,True,True,9,9,3,11,1,7.0,9.0,1.2222222222222223,0.3333333333333333,1.2222222222222223
864,1469,207,375,410,True,False,9,9,0,0,0,0.0,0.0,0.0,0.0,0.0
864,1470,207,375,429,True,False,9,9,0,0,0,0.0,0.0,0.0,0.0,0.0
865,1618,207,405,10,True,False,25,25,0,0,0,0.0,0.0,0.0,0.0,0.0
865,1619,207,405,80,True,False,25,25,0,0,0,0.0,0.0,0.0,0.0,0.0
865,1620,207,405,100,True,False,25,25,0,0,0,0.0,0.0,0.0,0.0,0.0
865,1621,207,405,117,True,False,25,25,0,0,0,0.0,0.0,0.0,0.0,0.0
865,1622,207,405,258,True,False,25,25,0,0,0,0.0,0.0,0.0,0.0,0.0
865,1623,207,405,311,True,False,25,25,0,0,0,0.0,0.0,0.0,0.0,0.0
865,1624,207,405,315,True,False,25,25,0,0,0,0.0,0.0,0.0,0.0,0.0
865,1625,207,405,390,True,False,25,25,0,0,0,0.0,0.0,0.0,0.0,0.0
865,1626,207,405,404,True,False,25,25,0,0,0,0.0,0.0,0.0,0.0,0.0
865,1627,207,405,485,True,False,25,25,0,0,0,0.0,0.0,0.0,0.0,0.0
866,1703,207,440,7,True,False,35,35,0,0,0,0.0,0.0,0.0,0.0,0.0
866,1704,207,440,28,True,False,35,35,0,0,0,0.0,0.0,0.0,0.0,0.0
866,1705,207,440,143,True,False,35,35,0,0,0,0.0,0.0,0.0,0.0,0.0
866,1706,207,440,161,True,False,35,35,0,0,0,0.0,0.0,0.0,0.0,0.0
866,1707,207,440,167,True,True,35,35,20,69,3,0.0,0.0,1.9714285714285715,0.5714285714285714,1.9714285714285715
866,1708,207,440,261,True,False,35,35,0,0,0,0.0,0.0,0.0,0.0,0.0
866,1709,207,440,263,True,False,35,35,0,0,0,0.0,0.0,0.0,0.0,0.0
866,1710,207,440,318,True,False,35,35,0,0,0,0.0,0.0,0.0,0.0,0.0
866,1711,207,440,321,True,False,35,35,0,0,0,0.0,0.0,0.0,0.0,0.0
866,1712,207,440,509,True,False,35,35,0,0,0,0.0,0.0,0.0,0.0,0.0
867,1808,207,485,8,True,False,78,78,0,0,0,0.0,0.0,0.0,0.0,0.0
867,1809,207,485,79,True,False,78,78,0,0,0,0.0,0.0,0.0,0.0,0.0
867,1810,207,485,100,True,False,78,78,0,0,0,0.0,0.0,0.0,0.0,0.0
867,1811,207,485,149,True,False,78,78,0,0,0,0.0,0.0,0.0,0.0,0.0
867,1812,207,485,151,True,False,78,78,0,0,0,0.0,0.0,0.0,0.0,0.0
867,1813,207,485,161,True,True,78,78,14,66,1,0.0,3.0,0.8461538461538461,0.1794871794871795,0.8461538461538461
867,1814,207,485,167,True,True,78,78,15,88,2,0.0,3.0,1.1282051282051282,0.19230769230769232,1.1282051282051282
867,1815,207,485,170,True,False,78,78,0,0,0,0.0,0.0,0.0,0.0,0.0
867,1816,207,485,230,True,False,78,78,0,0,0,0.0,0.0,0.0,0.0,0.0
867,1817,207,485,315,True,False,78,78,0,0,0,0.0,0.0,0.0,0.0,0.0
867,1818,207,485,405,True,False,78,78,0,0,0,0.0,0.0,0.0,0.0,0.0
868,366,208,84,24,True,False,231,231,0,0,0,0.0,0.0,0.0,0.0,0.0
868,367,208,84,58,True,True,231,231,15,15,2,6.0,8.0,0.06493506493506493,0.06493506493506493,0.06493506493506493
868,368,208,84,115,True,True,231,231,76,655,10,0.0,7.0,2.8354978354978355,0.329004329004329,2.8354978354978355
868,369,208,84,316,True,False,231,231,0,0,0,0.0,0.0,0.0,0.0,0.0
868,370,208,84,385,True,True,231,231,20,122,3,0.0,4.0,0.5281385281385281,0.08658008658008658,0.5281385281385281
868,371,208,84,389,True,True,231,231,14,120,2,0.0,5.0,0.5194805194805194,0.06060606060606061,0.5194805194805194
868,372,208,84,402,True,True,231,231,82,440,10,0.0,2.0,1.9047619047619047,0.354978354978355,1.9047619047619047
868,373,208,84,474,True,True,231,231,29,167,4,0.0,6.0,0.7229437229437229,0.12554112554112554,0.7229437229437229
869,387,208,98,84,True,False,118,118,0,0,0,0.0,0.0,0.0,0.0,0.0
869,388,208,98,85,True,False,118,118,0,0,0,0.0,0.0,0.0,0.0,0.0
869,389,208,98,240,True,True,118,118,14,91,2,0.0,1.0,0.7711864406779662,0.11864406779661017,0.7711864406779662
869,390,208,98,252,True,False,118,118,0,0,0,0.0,0.0,0.0,0.0,0.0
869,391,208,98,402,True,True,118,118,8,16,2,0.0,9.0,0.13559322033898305,0.06779661016949153,0.13559322033898305
870,500,208,133,7,True,True,135,135,39,318,4,0.0,5.0,2.3555555555555556,0.28888888888888886,2.3555555555555556
870,501,208,133,157,True,True,135,135,14,73,2,4.0,9.0,0.5407407407407407,0.1037037037037037,0.5407407407407407
870,502,208,133,196,True,True,135,135,9,69,1,1.0,6.0,0.5111111111111111,0.06666666666666667,0.5111111111111111
870,503,208,133,222,True,False,135,135,0,0,0,0.0,0.0,0.0,0.0,0.0
870,504,208,133,415,True,False,135,135,0,0,0,0.0,0.0,0.0,0.0,0.0
870,505,208,133,432,True,True,135,135,6,36,1,0.0,0.0,0.26666666666666666,0.044444444444444446,0.26666666666666666
871,548,208,143,7,True,True,101,101,9,26,1,0.0,2.0,0.25742574257425743,0.0891089108910891,0.25742574257425743
871,549,208,143,88,True,False,101,101,0,0,0,0.0,0.0,0.0,0.0,0.0
871,550,208,143,133,True,False,101,101,0,0,0,0.0,0.0,0.0,0.0,0.0
871,551,208,143,161,True,True,101,101,2,4,1,10.0,10.0,0.039603960396039604,0.019801980198019802,0.039603960396039604
871,552,208,143,163,True,False,101,101,0,0,0,0.0,0.0,0.0,0.0,0.0
871,553,208,143,233,True,False,101,101,0,0,0,0.0,0.0,0.0,0.0,0.0
871,554,208,143,279,True,False,101,101,0,0,0,0.0,0.0,0.0,0.0,0.0
871,555,208,143,432,True,True,101,101,57,319,8,0.0,0.0,3.1584158415841586,0.5643564356435643,3.1584158415841586
871,556,208,143,440,True,False,101,101,0,0,0,0.0,0.0,0.0,0.0,0.0
871,557,208,143,474,True,False,101,101,0,0,0,0.0,0.0,0.0,0.0,0.0
872,582,208,147,6,True,True,107,107,6,8,2,6.0,9.5,0.07476635514018691,0.056074766355140186,0.07476635514018691
872,583,208,147,24,True,True,107,107,1,1,1,10.0,10.0,0.009345794392523364,0.009345794392523364,0.009345794392523364
872,584,208,147,217,True,False,107,107,0,0,0,0.0,0.0,0.0,0.0,0.0
872,585,208,147,227,True,False,107,107,0,0,0,0.0,0.0,0.0,0.0,0.0
872,586,208,147,309,True,True,107,107,30,231,7,1.0,8.0,2.1588785046728973,0.2803738317757009,2.1588785046728973
872,587,208,147,316,True,True,107,107,12,35,2,1.0,9.0,0.32710280373831774,0.11214953271028037,0.32710280373831774
872,588,208,147,387,True,True,107,107,5,12,1,4.0,6.5,0.11214953271028037,0.04672897196261682,0.11214953271028037
872,589,208,147,402,True,True,107,107,49,483,8,0.0,2.0,4.514018691588785,0.45794392523364486,4.514018691588785
872,590,208,147,474,True,False,107,107,0,0,0,0.0,0.0,0.0,0.0,0.0
873,942,208,240,85,True,False,45,45,0,0,0,0.0,0.0,0.0,0.0,0.0
873,943,208,240,98,True,False,45,45,0,0,0,0.0,0.0,0.0,0.0,0.0
873,944,208,240,208,True,False,45,45,0,0,0,0.0,0.0,0.0,0.0,0.0
873,945,208,240,296,True,False,45,45,0,0,0,0.0,0.0,0.0,0.0,0.0
874,973,208,247,125,True,False,8,8,0,0,0,0.0,0.0,0.0,0.0,0.0
874,974,208,247,163,True,False,8,8,0,0,0,0.0,0.0,0.0,0.0,0.0
874,975,208,247,259,True,False,8,8,0,0,0,0.0,0.0,0.0,0.0,0.0
874,976,208,247,262,True,False,8,8,0,0,0,0.0,0.0,0.0,0.0,0.0
874,977,208,247,371,True,False,8,8,0,0,0,0.0,0.0,0.0,0.0,0.0
874,978,208,247,402,True,False,8,8,0,0,0,0.0,0.0,0.0,0.0,0.0
874,979,208,247,432,True,False,8,8,0,0,0,0.0,0.0,0.0,0.0,0.0
875,1583,208,402,7,True,False,8,8,0,0,0,0.0,0.0,0.0,0.0,0.0
875,1584,208,402,24,True,True,8,8,1,6,1,8.0,9.5,0.75,0.125,0.75
875,1585,208,402,77,True,False,8,8,0,0,0,0.0,0.0,0.0,0.0,0.0
875,1586,208,402,84,True,False,8,8,0,0,0,0.0,0.0,0.0,0.0,0.0
875,1587,208,402,98,True,False,8,8,0,0,0,0.0,0.0,0.0,0.0,0.0
875,1588,208,402,115,True,False,8,8,0,0,0,0.0,0.0,0.0,0.0,0.0
875,1589,208,402,147,True,True,8,8,1,15,1,0.0,3.0,1.875,0.125,1.875
875,1590,208,402,217,True,True,8,8,3,3,1,7.0,8.0,0.375,0.375,0.375
875,1591,208,402,247,True,False,8,8,0,0,0,0.0,0.0,0.0,0.0,0.0
875,1592,208,402,309,True,False,8,8,0,0,0,0.0,0.0,0.0,0.0,0.0
875,1593,208,402,316,True,True,8,8,6,87,2,2.0,6.0,10.875,0.75,10.875
875,1594,208,402,352,True,False,8,8,0,0,0,0.0,0.0,0.0,0.0,0.0
875,1595,208,402,375,True,False,8,8,0,0,0,0.0,0.0,0.0,0.0,0.0
875,1596,208,402,385,True,False,8,8,0,0,0,0.0,0.0,0.0,0.0,0.0
875,1597,208,402,474,True,False,8,8,0,0,0,0.0,0.0,0.0,0.0,0.0
876,1678,208,432,7,True,True,254,254,10,46,1,0.0,2.0,0.18110236220472442,0.03937007874015748,0.18110236220472442
876,1679,208,432,88,True,True,254,254,12,72,1,0.0,4.0,0.28346456692913385,0.047244094488188976,0.28346456692913385
876,1680,208,432,143,True,True,254,254,49,509,8,0.0,5.0,2.0039370078740157,0.19291338582677164,2.0039370078740157
876,1681,208,432,157,True,True,254,254,68,585,8,0.0,7.0,2.3031496062992125,0.2677165354330709,2.3031496062992125
876,1682,208,432,161,True,True,254,254,13,55,3,3.0,7.0,0.21653543307086615,0.051181102362204724,0.21653543307086615
876,1683,208,432,233,True,False,254,254,0,0,0,0.0,0.0,0.0,0.0,0.0
876,1684,208,432,279,True,True,254,254,3,13,2,3.0,6.0,0.051181102362204724,0.011811023622047244,0.051181102362204724
876,1685,208,432,440,True,True,254,254,9,83,1,5.0,9.0,0.32677165354330706,0.03543307086614173,0.32677165354330706
876,1686,208,432,474,True,False,254,254,0,0,0,0.0,0.0,0.0,0.0,0.0
877,279,213,57,206,True,True,658,658,30,146,1,0.0,4.0,0.22188449848024316,0.04559270516717325,0.22188449848024316
877,280,213,57,406,True,False,658,658,0,0,0,0.0,0.0,0.0,0.0,0.0
878,30,217,6,13,True,False,17,17,0,0,0,0.0,0.0,0.0,0.0,0.0
878,31,217,6,21,True,True,17,17,5,5,1,0.0,0.0,0.29411764705882354,0.29411764705882354,0.29411764705882354
878,32,217,6,125,True,False,17,17,0,0,0,0.0,0.0,0.0,0.0,0.0
878,33,217,6,156,True,False,17,17,0,0,0,0.0,0.0,0.0,0.0,0.0
878,34,217,6,179,True,True,17,17,3,6,1,0.0,0.5,0.35294117647058826,0.17647058823529413,0.35294117647058826
878,35,217,6,186,True,False,17,17,0,0,0,0.0,0.0,0.0,0.0,0.0
878,36,217,6,243,True,False,17,17,0,0,0,0.0,0.0,0.0,0.0,0.0
878,37,217,6,245,True,False,17,17,0,0,0,0.0,0.0,0.0,0.0,0.0
878,38,217,6,309,True,False,17,17,0,0,0,0.0,0.0,0.0,0.0,0.0
878,39,217,6,313,True,True,17,17,3,14,1,0.0,1.0,0.8235294117647058,0.17647058823529413,0.8235294117647058
878,40,217,6,319,True,True,17,17,14,38,1,0.0,0.0,2.235294117647059,0.8235294117647058,2.235294117647059
878,41,217,6,381,True,False,17,17,0,0,0,0.0,0.0,0.0,0.0,0.0
879,93,217,13,6,True,False,10,10,0,0,0,0.0,0.0,0.0,0.0,0.0
879,94,217,13,34,True,False,10,10,0,0,0,0.0,0.0,0.0,0.0,0.0
879,95,217,13,58,True,False,10,10,0,0,0,0.0,0.0,0.0,0.0,0.0
879,96,217,13,169,True,True,10,10,3,9,3,0.0,0.0,0.9,0.3,0.9
879,97,217,13,243,True,False,10,10,0,0,0,0.0,0.0,0.0,0.0,0.0
879,98,217,13,256,True,True,10,10,8,14,8,0.0,0.0,1.4,0.8,1.4
879,99,217,13,262,True,False,10,10,0,0,0,0.0,0.0,0.0,0.0,0.0
879,100,217,13,281,True,False,10,10,0,0,0,0.0,0.0,0.0,0.0,0.0
879,101,217,13,335,True,False,10,10,0,0,0,0.0,0.0,0.0,0.0,0.0
879,102,217,13,353,True,False,10,10,0,0,0,0.0,0.0,0.0,0.0,0.0
879,103,217,13,361,True,False,10,10,0,0,0,0.0,0.0,0.0,0.0,0.0
879,104,217,13,433,True,False,10,10,0,0,0,0.0,0.0,0.0,0.0,0.0
879,105,217,13,455,True,True,10,10,7,21,7,0.0,0.0,2.1,0.7,2.1
879,106,217,13,472,True,False,10,10,0,0,0,0.0,0.0,0.0,0.0,0.0
879,107,217,13,508,True,True,10,10,2,4,2,0.0,0.5,0.4,0.2,0.4
880,117,217,21,12,True,True,23,23,4,4,1,0.0,0.0,0.17391304347826086,0.17391304347826086,0.17391304347826086
880,118,217,21,31,True,False,23,23,0,0,0,0.0,0.0,0.0,0.0,0.0
880,119,217,21,74,True,False,23,23,0,0,0,0.0,0.0,0.0,0.0,0.0
880,120,217,21,121,True,True,23,23,7,7,2,0.0,0.0,0.30434782608695654,0.30434782608695654,0.30434782608695654
880,121,217,21,141,True,False,23,23,0,0,0,0.0,0.0,0.0,0.0,0.0
880,122,217,21,156,True,True,23,23,19,27,4,0.0,0.0,1.173913043478261,0.8260869565217391,1.173913043478261
880,123,217,21,186,True,False,23,23,0,0,0,0.0,0.0,0.0,0.0,0.0
880,124,217,21,248,True,False,23,23,0,0,0,0.0,0.0,0.0,0.0,0.0
880,125,217,21,319,True,True,23,23,23,54,5,0.0,0.0,2.347826086956522,1.0,2.347826086956522
880,126,217,21,381,True,False,23,23,0,0,0,0.0,0.0,0.0,0.0,0.0
880,127,217,21,449,True,True,23,23,19,19,4,0.0,0.0,0.8260869565217391,0.8260869565217391,0.8260869565217391
880,128,217,21,463,True,False,23,23,0,0,0,0.0,0.0,0.0,0.0,0.0
881,281,217,58,13,True,False,19,19,0,0,0,0.0,0.0,0.0,0.0,0.0
881,282,217,58,21,True,False,19,19,0,0,0,0.0,0.0,0.0,0.0,0.0
881,283,217,58,84,True,False,19,19,0,0,0,0.0,0.0,0.0,0.0,0.0
881,284,217,58,129,True,True,19,19,5,15,1,0.0,3.0,0.7894736842105263,0.2631578947368421,0.7894736842105263
881,285,217,58,156,True,True,19,19,14,40,1,0.0,2.0,2.1052631578947367,0.7368421052631579,2.1052631578947367
881,286,217,58,179,True,True,19,19,5,14,1,0.0,2.0,0.7368421052631579,0.2631578947368421,0.7368421052631579
881,287,217,58,186,True,True,19,19,14,40,1,0.0,1.0,2.1052631578947367,0.7368421052631579,2.1052631578947367
881,288,217,58,243,True,False,19,19,0,0,0,0.0,0.0,0.0,0.0,0.0
881,289,217,58,245,True,False,19,19,0,0,0,0.0,0.0,0.0,0.0,0.0
881,290,217,58,381,True,True,19,19,14,35,1,0.0,1.0,1.8421052631578947,0.7368421052631579,1.8421052631578947
881,291,217,58,389,True,False,19,19,0,0,0,0.0,0.0,0.0,0.0,0.0
881,292,217,58,449,True,False,19,19,0,0,0,0.0,0.0,0.0,0.0,0.0
882,489,217,129,13,True,True,151,151,130,352,26,0.0,0.0,2.3311258278145695,0.8609271523178808,2.3311258278145695
882,490,217,129,34,True,False,151,151,0,0,0,0.0,0.0,0.0,0.0,0.0
882,491,217,129,58,True,False,151,151,0,0,0,0.0,0.0,0.0,0.0,0.0
882,492,217,129,169,True,True,151,151,54,72,10,0.0,1.0,0.4768211920529801,0.3576158940397351,0.4768211920529801
882,493,217,129,217,True,False,151,151,0,0,0,0.0,0.0,0.0,0.0,0.0
882,494,217,129,243,True,False,151,151,0,0,0,0.0,0.0,0.0,0.0,0.0
882,495,217,129,256,True,True,151,151,121,227,23,0.0,1.0,1.5033112582781456,0.8013245033112583,1.5033112582781456
882,496,217,129,262,True,False,151,151,0,0,0,0.0,0.0,0.0,0.0,0.0
882,497,217,129,433,True,False,151,151,0,0,0,0.0,0.0,0.0,0.0,0.0
882,498,217,129,455,True,True,151,151,84,113,17,0.0,1.0,0.7483443708609272,0.5562913907284768,0.7483443708609272
882,499,217,129,472,True,False,151,151,0,0,0,0.0,0.0,0.0,0.0,0.0
883,620,217,156,12,True,True,18,18,6,13,5,0.0,0.0,0.7222222222222222,0.3333333333333333,0.7222222222222222
883,621,217,156,22,True,False,18,18,0,0,0,0.0,0.0,0.0,0.0,0.0
883,622,217,156,58,True,False,18,18,0,0,0,0.0,0.0,0.0,0.0,0.0
883,623,217,156,113,True,True,18,18,1,1,1,1.0,1.0,0.05555555555555555,0.05555555555555555,0.05555555555555555
883,624,217,156,121,True,True,18,18,14,32,11,0.0,0.0,1.7777777777777777,0.7777777777777778,1.7777777777777777
883,625,217,156,139,True,False,18,18,0,0,0,0.0,0.0,0.0,0.0,0.0
883,626,217,156,144,True,False,18,18,0,0,0,0.0,0.0,0.0,0.0,0.0
883,627,217,156,243,True,False,18,18,0,0,0,0.0,0.0,0.0,0.0,0.0
883,628,217,156,248,True,False,18,18,0,0,0,0.0,0.0,0.0,0.0,0.0
883,629,217,156,251,True,True,18,18,13,32,10,0.0,0.0,1.7777777777777777,0.7222222222222222,1.7777777777777777
883,630,217,156,262,True,False,18,18,0,0,0,0.0,0.0,0.0,0.0,0.0
883,631,217,156,273,True,False,18,18,0,0,0,0.0,0.0,0.0,0.0,0.0
883,632,217,156,321,True,True,18,18,3,5,3,0.0,0.0,0.2777777777777778,0.16666666666666666,0.2777777777777778
883,633,217,156,449,True,True,18,18,14,21,12,0.0,0.0,1.1666666666666667,0.7777777777777778,1.1666666666666667
883,634,217,156,463,True,False,18,18,0,0,0,0.0,0.0,0.0,0.0,0.0
883,635,217,156,481,True,False,18,18,0,0,0,0.0,0.0,0.0,0.0,0.0
884,780,217,179,13,True,True,78,78,56,88,16,0.0,0.0,1.1282051282051282,0.717948717948718,1.1282051282051282
884,781,217,179,34,True,False,78,78,0,0,0,0.0,0.0,0.0,0.0,0.0
884,782,217,179,43,True,False,78,78,0,0,0,0.0,0.0,0.0,0.0,0.0
884,783,217,179,129,True,True,78,78,78,223,20,0.0,0.0,2.858974358974359,1.0,2.858974358974359
884,784,217,179,245,True,False,78,78,0,0,0,0.0,0.0,0.0,0.0,0.0
884,785,217,179,253,True,False,78,78,0,0,0,0.0,0.0,0.0,0.0,0.0
884,786,217,179,256,True,False,78,78,0,0,0,0.0,0.0,0.0,0.0,0.0
884,787,217,179,313,True,False,78,78,0,0,0,0.0,0.0,0.0,0.0,0.0
884,788,217,179,353,True,False,78,78,0,0,0,0.0,0.0,0.0,0.0,0.0
884,789,217,179,472,True,False,78,78,0,0,0,0.0,0.0,0.0,0.0,0.0
884,790,217,179,488,True,False,78,78,0,0,0,0.0,0.0,0.0,0.0,0.0
885,808,217,186,12,True,False,11,11,0,0,0,0.0,0.0,0.0,0.0,0.0
885,809,217,186,21,True,False,11,11,0,0,0,0.0,0.0,0.0,0.0,0.0
885,810,217,186,31,True,False,11,11,0,0,0,0.0,0.0,0.0,0.0,0.0
885,811,217,186,74,True,False,11,11,0,0,0,0.0,0.0,0.0,0.0,0.0
885,812,217,186,121,True,True,11,11,11,22,2,0.0,0.0,2.0,1.0,2.0
885,813,217,186,141,True,False,11,11,0,0,0,0.0,0.0,0.0,0.0,0.0
885,814,217,186,156,True,True,11,11,11,19,2,0.0,0.0,1.7272727272727273,1.0,1.7272727272727273
885,815,217,186,248,True,False,11,11,0,0,0,0.0,0.0,0.0,0.0,0.0
885,816,217,186,319,True,True,11,11,11,15,2,0.0,0.0,1.3636363636363635,1.0,1.3636363636363635
885,817,217,186,381,True,False,11,11,0,0,0,0.0,0.0,0.0,0.0,0.0
885,818,217,186,449,True,True,11,11,7,11,1,0.0,0.0,1.0,0.6363636363636364,1.0
885,819,217,186,463,True,False,11,11,0,0,0,0.0,0.0,0.0,0.0,0.0
886,946,217,243,6,True,False,103,103,0,0,0,0.0,0.0,0.0,0.0,0.0
886,947,217,243,21,True,True,103,103,11,27,2,0.0,3.0,0.2621359223300971,0.10679611650485436,0.2621359223300971
886,948,217,243,84,True,True,103,103,12,12,1,0.0,1.0,0.11650485436893204,0.11650485436893204,0.11650485436893204
886,949,217,243,85,True,False,103,103,0,0,0,0.0,0.0,0.0,0.0,0.0
886,950,217,243,115,True,False,103,103,0,0,0,0.0,0.0,0.0,0.0,0.0
886,951,217,243,125,True,False,103,103,0,0,0,0.0,0.0,0.0,0.0,0.0
886,952,217,243,129,True,True,103,103,43,125,6,0.0,0.0,1.2135922330097086,0.4174757281553398,1.2135922330097086
886,953,217,243,156,True,True,103,103,10,15,2,0.0,0.0,0.14563106796116504,0.0970873786407767,0.14563106796116504
886,954,217,243,179,True,True,103,103,24,29,4,0.0,0.0,0.2815533980582524,0.23300970873786409,0.2815533980582524
886,955,217,243,199,True,False,103,103,0,0,0,0.0,0.0,0.0,0.0,0.0
886,956,217,243,217,True,True,103,103,17,57,4,0.0,0.0,0.5533980582524272,0.1650485436893204,0.5533980582524272
886,957,217,243,319,True,True,103,103,8,29,2,0.0,3.0,0.2815533980582524,0.07766990291262135,0.2815533980582524
886,958,217,243,385,True,True,103,103,21,158,2,0.0,1.0,1.5339805825242718,0.20388349514563106,1.5339805825242718
886,959,217,243,402,True,True,103,103,1,1,1,0.0,0.0,0.009708737864077669,0.009708737864077669,0.009708737864077669
886,960,217,243,508,True,False,103,103,0,0,0,0.0,0.0,0.0,0.0,0.0
887,1299,217,319,6,True,False,98,98,0,0,0,0.0,0.0,0.0,0.0,0.0
887,1300,217,319,12,True,True,98,98,30,72,7,0.0,0.0,0.7346938775510204,0.30612244897959184,0.7346938775510204
887,1301,217,319,74,True,False,98,98,0,0,0,0.0,0.0,0.0,0.0,0.0
887,1302,217,319,113,True,True,98,98,6,6,2,0.0,1.0,0.061224489795918366,0.061224489795918366,0.061224489795918366
887,1303,217,319,121,True,True,98,98,81,217,20,0.0,0.0,2.2142857142857144,0.826530612244898,2.2142857142857144
887,1304,217,319,156,True,True,98,98,85,176,20,0.0,0.0,1.7959183673469388,0.8673469387755102,1.7959183673469388
887,1305,217,319,243,True,False,98,98,0,0,0,0.0,0.0,0.0,0.0,0.0
887,1306,217,319,251,True,True,98,98,30,30,8,0.0,0.0,0.30612244897959184,0.30612244897959184,0.30612244897959184
887,1307,217,319,321,True,True,98,98,12,12,3,0.0,0.5,0.12244897959183673,0.12244897959183673,0.12244897959183673
887,1308,217,319,361,True,False,98,98,0,0,0,0.0,0.0,0.0,0.0,0.0
887,1309,217,319,449,True,True,98,98,84,159,20,0.0,0.0,1.6224489795918366,0.8571428571428571,1.6224489795918366
887,1310,217,319,463,True,False,98,98,0,0,0,0.0,0.0,0.0,0.0,0.0
887,1311,217,319,481,True,False,98,98,0,0,0,0.0,0.0,0.0,0.0,0.0
888,1521,217,385,23,True,False,11,11,0,0,0,0.0,0.0,0.0,0.0,0.0
888,1522,217,385,24,True,False,11,11,0,0,0,0.0,0.0,0.0,0.0,0.0
888,1523,217,385,84,True,False,11,11,0,0,0,0.0,0.0,0.0,0.0,0.0
888,1524,217,385,85,True,False,11,11,0,0,0,0.0,0.0,0.0,0.0,0.0
888,1525,217,385,157,True,False,11,11,0,0,0,0.0,0.0,0.0,0.0,0.0
888,1526,217,385,217,True,False,11,11,0,0,0,0.0,0.0,0.0,0.0,0.0
888,1527,217,385,224,True,False,11,11,0,0,0,0.0,0.0,0.0,0.0,0.0
888,1528,217,385,243,True,False,11,11,0,0,0,0.0,0.0,0.0,0.0,0.0
888,1529,217,385,296,True,False,11,11,0,0,0,0.0,0.0,0.0,0.0,0.0
888,1530,217,385,316,True,False,11,11,0,0,0,0.0,0.0,0.0,0.0,0.0
888,1531,217,385,389,True,False,11,11,0,0,0,0.0,0.0,0.0,0.0,0.0
888,1532,217,385,402,True,False,11,11,0,0,0,0.0,0.0,0.0,0.0,0.0
888,1533,217,385,474,True,False,11,11,0,0,0,0.0,0.0,0.0,0.0,0.0
889,0,222,1,56,True,True,178,178,8,30,2,0.0,0.0,0.16853932584269662,0.0449438202247191,0.16853932584269662
889,1,222,1,196,True,False,178,178,0,0,0,0.0,0.0,0.0,0.0,0.0
889,2,222,1,203,True,True,178,178,90,809,8,0.0,7.0,4.544943820224719,0.5056179775280899,4.544943820224719
889,3,222,1,207,True,True,178,178,12,33,3,0.0,0.0,0.1853932584269663,0.06741573033707865,0.1853932584269663
889,4,222,1,222,True,True,178,178,28,253,6,0.0,1.0,1.4213483146067416,0.15730337078651685,1.4213483146067416
889,5,222,1,263,True,True,178,178,2,4,1,0.0,0.0,0.02247191011235955,0.011235955056179775,0.02247191011235955
889,6,222,1,271,True,False,178,178,0,0,0,0.0,0.0,0.0,0.0,0.0
889,7,222,1,297,True,False,178,178,0,0,0,0.0,0.0,0.0,0.0,0.0
889,8,222,1,299,True,False,178,178,0,0,0,0.0,0.0,0.0,0.0,0.0
889,9,222,1,303,True,True,178,178,15,35,1,6.0,9.0,0.19662921348314608,0.08426966292134831,0.19662921348314608
889,10,222,1,355,True,True,178,178,5,10,1,0.0,0.0,0.056179775280898875,0.028089887640449437,0.056179775280898875
889,11,222,1,362,True,True,178,178,71,831,6,0.0,4.0,4.668539325842697,0.398876404494382,4.668539325842697
889,12,222,1,429,True,True,178,178,5,40,2,0.0,0.0,0.2247191011235955,0.028089887640449437,0.2247191011235955
890,271,222,56,7,True,True,104,104,15,75,1,2.0,7.0,0.7211538461538461,0.14423076923076922,0.7211538461538461
890,272,222,56,143,True,False,104,104,0,0,0,0.0,0.0,0.0,0.0,0.0
890,273,222,56,167,True,True,104,104,19,34,2,0.0,8.0,0.3269230769230769,0.18269230769230768,0.3269230769230769
890,274,222,56,207,True,True,104,104,18,66,2,0.0,0.0,0.6346153846153846,0.17307692307692307,0.6346153846153846
890,275,222,56,263,True,True,104,104,55,409,6,0.0,3.0,3.9326923076923075,0.5288461538461539,3.9326923076923075
890,276,222,56,415,True,True,104,104,22,126,2,0.0,7.0,1.2115384615384615,0.21153846153846154,1.2115384615384615
890,277,222,56,440,True,False,104,104,0,0,0,0.0,0.0,0.0,0.0,0.0
890,278,222,56,509,True,True,104,104,9,105,1,0.0,1.0,1.0096153846153846,0.08653846153846154,1.0096153846153846
891,860,222,207,161,True,False,106,106,0,0,0,0.0,0.0,0.0,0.0,0.0
891,861,222,207,167,True,True,106,106,8,39,2,0.0,1.0,0.36792452830188677,0.07547169811320754,0.36792452830188677
891,862,222,207,196,True,True,106,106,6,17,1,0.0,1.0,0.16037735849056603,0.05660377358490566,0.16037735849056603
891,863,222,207,263,True,True,106,106,74,658,9,0.0,1.0,6.2075471698113205,0.6981132075471698,6.2075471698113205
891,864,222,207,375,True,False,106,106,0,0,0,0.0,0.0,0.0,0.0,0.0
891,865,222,207,405,True,False,106,106,0,0,0,0.0,0.0,0.0,0.0,0.0
891,866,222,207,440,True,False,106,106,0,0,0,0.0,0.0,0.0,0.0,0.0
891,867,222,207,485,True,False,106,106,0,0,0,0.0,0.0,0.0,0.0,0.0
892,1082,222,263,7,True,True,28,28,2,9,1,0.0,1.0,0.32142857142857145,0.07142857142857142,0.32142857142857145
892,1083,222,263,133,True,False,28,28,0,0,0,0.0,0.0,0.0,0.0,0.0
892,1084,222,263,167,True,False,28,28,0,0,0,0.0,0.0,0.0,0.0,0.0
892,1085,222,263,196,True,True,28,28,15,200,6,1.0,5.0,7.142857142857143,0.5357142857142857,7.142857142857143
892,1086,222,263,258,True,False,28,28,0,0,0,0.0,0.0,0.0,0.0,0.0
892,1087,222,263,309,True,False,28,28,0,0,0,0.0,0.0,0.0,0.0,0.0
892,1088,222,263,405,True,False,28,28,0,0,0,0.0,0.0,0.0,0.0,0.0
892,1089,222,263,440,True,True,28,28,1,3,1,3.0,4.0,0.10714285714285714,0.03571428571428571,0.10714285714285714
892,1090,222,263,509,True,True,28,28,3,22,2,0.0,5.5,0.7857142857142857,0.10714285714285714,0.7857142857142857
893,1408,222,355,1,True,True,13,13,7,44,1,0.0,0.0,3.3846153846153846,0.5384615384615384,3.3846153846153846
893,1409,222,355,28,True,False,13,13,0,0,0,0.0,0.0,0.0,0.0,0.0
893,1410,222,355,56,True,False,13,13,0,0,0,0.0,0.0,0.0,0.0,0.0
893,1411,222,355,207,True,False,13,13,0,0,0,0.0,0.0,0.0,0.0,0.0
893,1412,222,355,271,True,False,13,13,0,0,0,0.0,0.0,0.0,0.0,0.0
893,1413,222,355,318,True,False,13,13,0,0,0,0.0,0.0,0.0,0.0,0.0
893,1414,222,355,326,True,False,13,13,0,0,0,0.0,0.0,0.0,0.0,0.0
893,1415,222,355,347,True,False,13,13,0,0,0,0.0,0.0,0.0,0.0,0.0
893,1416,222,355,362,True,True,13,13,7,7,1,0.0,1.0,0.5384615384615384,0.5384615384615384,0.5384615384615384
893,1417,222,355,369,True,False,13,13,0,0,0,0.0,0.0,0.0,0.0,0.0
893,1418,222,355,398,True,False,13,13,0,0,0,0.0,0.0,0.0,0.0,0.0
893,1419,222,355,410,True,True,13,13,1,1,1,0.0,0.0,0.07692307692307693,0.07692307692307693,0.07692307692307693
893,1420,222,355,429,True,True,13,13,1,4,1,0.0,0.0,0.3076923076923077,0.07692307692307693,0.3076923076923077
894,1629,222,410,146,True,False,3,3,0,0,0,0.0,0.0,0.0,0.0,0.0
894,1630,222,410,151,True,False,3,3,0,0,0,0.0,0.0,0.0,0.0,0.0
894,1631,222,410,164,True,False,3,3,0,0,0,0.0,0.0,0.0,0.0,0.0
894,1632,222,410,180,True,False,3,3,0,0,0,0.0,0.0,0.0,0.0,0.0
894,1633,222,410,205,True,False,3,3,0,0,0,0.0,0.0,0.0,0.0,0.0
894,1634,222,410,207,True,False,3,3,0,0,0,0.0,0.0,0.0,0.0,0.0
894,1635,222,410,271,True,False,3,3,0,0,0,0.0,0.0,0.0,0.0,0.0
894,1636,222,410,297,True,False,3,3,0,0,0,0.0,0.0,0.0,0.0,0.0
894,1637,222,410,355,True,False,3,3,0,0,0,0.0,0.0,0.0,0.0,0.0
894,1638,222,410,369,True,False,3,3,0,0,0,0.0,0.0,0.0,0.0,0.0
894,1639,222,410,405,True,False,3,3,0,0,0,0.0,0.0,0.0,0.0,0.0
894,1640,222,410,414,True,False,3,3,0,0,0,0.0,0.0,0.0,0.0,0.0
894,1641,222,410,429,True,True,3,3,3,14,2,0.0,0.0,4.666666666666667,1.0,4.666666666666667
894,1642,222,410,485,True,False,3,3,0,0,0,0.0,0.0,0.0,0.0,0.0
895,1651,222,415,7,True,False,10,10,0,0,0,0.0,0.0,0.0,0.0,0.0
895,1652,222,415,80,True,False,10,10,0,0,0,0.0,0.0,0.0,0.0,0.0
895,1653,222,415,117,True,False,10,10,0,0,0,0.0,0.0,0.0,0.0,0.0
895,1654,222,415,133,True,True,10,10,1,6,1,0.0,2.0,0.6,0.1,0.6
895,1655,222,415,149,True,False,10,10,0,0,0,0.0,0.0,0.0,0.0,0.0
895,1656,222,415,151,True,False,10,10,0,0,0,0.0,0.0,0.0,0.0,0.0
895,1657,222,415,175,True,False,10,10,0,0,0,0.0,0.0,0.0,0.0,0.0
895,1658,222,415,196,True,True,10,10,9,25,1,0.0,1.0,2.5,0.9,2.5
895,1659,222,415,258,True,False,10,10,0,0,0,0.0,0.0,0.0,0.0,0.0
895,1660,222,415,263,True,False,10,10,0,0,0,0.0,0.0,0.0,0.0,0.0
895,1661,222,415,268,True,False,10,10,0,0,0,0.0,0.0,0.0,0.0,0.0
895,1662,222,415,311,True,False,10,10,0,0,0,0.0,0.0,0.0,0.0,0.0
895,1663,222,415,315,True,False,10,10,0,0,0,0.0,0.0,0.0,0.0,0.0
895,1664,222,415,387,True,False,10,10,0,0,0,0.0,0.0,0.0,0.0,0.0
895,1665,222,415,390,True,False,10,10,0,0,0,0.0,0.0,0.0,0.0,0.0
895,1666,222,415,509,True,True,10,10,9,60,1,0.0,1.0,6.0,0.9,6.0
896,1667,222,429,1,True,True,29,29,5,46,1,0.0,2.0,1.5862068965517242,0.1724137931034483,1.5862068965517242
896,1668,222,429,259,True,False,29,29,0,0,0,0.0,0.0,0.0,0.0,0.0
896,1669,222,429,297,True,False,29,29,0,0,0,0.0,0.0,0.0,0.0,0.0
896,1670,222,429,369,True,False,29,29,0,0,0,0.0,0.0,0.0,0.0,0.0
896,1671,222,429,410,True,True,29,29,15,87,5,0.0,2.0,3.0,0.5172413793103449,3.0
896,1672,222,429,414,True,False,29,29,0,0,0,0.0,0.0,0.0,0.0,0.0
897,216,224,37,7,True,False,226,226,0,0,0,0.0,0.0,0.0,0.0,0.0
897,217,224,37,24,True,False,226,226,0,0,0,0.0,0.0,0.0,0.0,0.0
897,218,224,37,84,True,True,226,226,21,55,2,5.0,9.0,0.24336283185840707,0.09292035398230089,0.24336283185840707
897,219,224,37,115,True,False,226,226,0,0,0,0.0,0.0,0.0,0.0,0.0
897,220,224,37,143,True,False,226,226,0,0,0,0.0,0.0,0.0,0.0,0.0
897,221,224,37,161,True,False,226,226,0,0,0,0.0,0.0,0.0,0.0,0.0
897,222,224,37,217,True,True,226,226,15,45,1,3.0,7.0,0.19911504424778761,0.06637168141592921,0.19911504424778761
897,223,224,37,279,True,False,226,226,0,0,0,0.0,0.0,0.0,0.0,0.0
897,224,224,37,290,True,False,226,226,0,0,0,0.0,0.0,0.0,0.0,0.0
897,225,224,37,316,True,True,226,226,57,451,4,0.0,4.0,1.9955752212389382,0.252212389380531,1.9955752212389382
897,226,224,37,347,True,False,226,226,0,0,0,0.0,0.0,0.0,0.0,0.0
897,227,224,37,385,True,True,226,226,21,24,2,5.0,9.0,0.10619469026548672,0.09292035398230089,0.10619469026548672
897,228,224,37,402,True,True,226,226,91,773,7,0.0,5.0,3.420353982300885,0.4026548672566372,3.420353982300885
897,229,224,37,404,True,True,226,226,30,180,2,0.0,6.0,0.7964601769911505,0.13274336283185842,0.7964601769911505
897,230,224,37,432,True,False,226,226,0,0,0,0.0,0.0,0.0,0.0,0.0
897,231,224,37,474,True,True,226,226,111,1062,8,0.0,5.0,4.699115044247788,0.4911504424778761,4.699115044247788
898,464,224,120,304,True,True,126,126,2,6,1,0.0,0.0,0.047619047619047616,0.015873015873015872,0.047619047619047616
899,1224,224,304,37,True,False,397,397,0,0,0,0.0,0.0,0.0,0.0,0.0
899,1225,224,304,120,True,True,397,397,331,3030,27,0.0,1.0,7.632241813602015,0.8337531486146096,7.632241813602015
899,1226,224,304,224,True,True,397,397,10,15,2,0.0,0.0,0.037783375314861464,0.02518891687657431,0.037783375314861464
899,1227,224,304,227,True,False,397,397,0,0,0,0.0,0.0,0.0,0.0,0.0
900,1269,224,316,84,True,False,15,15,0,0,0,0.0,0.0,0.0,0.0,0.0
900,1270,224,316,115,True,False,15,15,0,0,0,0.0,0.0,0.0,0.0,0.0
900,1271,224,316,125,True,False,15,15,0,0,0,0.0,0.0,0.0,0.0,0.0
900,1272,224,316,147,True,False,15,15,0,0,0,0.0,0.0,0.0,0.0,0.0
900,1273,224,316,217,True,True,15,15,4,12,1,1.0,3.0,0.8,0.26666666666666666,0.8
900,1274,224,316,309,True,False,15,15,0,0,0,0.0,0.0,0.0,0.0,0.0
900,1275,224,316,341,True,False,15,15,0,0,0,0.0,0.0,0.0,0.0,0.0
900,1276,224,316,361,True,False,15,15,0,0,0,0.0,0.0,0.0,0.0,0.0
900,1277,224,316,385,True,True,15,15,15,161,3,0.0,2.0,10.733333333333333,1.0,10.733333333333333
900,1278,224,316,389,True,False,15,15,0,0,0,0.0,0.0,0.0,0.0,0.0
900,1279,224,316,402,True,False,15,15,0,0,0,0.0,0.0,0.0,0.0,0.0
900,1280,224,316,404,True,True,15,15,2,2,1,0.0,0.0,0.13333333333333333,0.13333333333333333,0.13333333333333333
900,1281,224,316,474,True,False,15,15,0,0,0,0.0,0.0,0.0,0.0,0.0
901,161,227,26,16,True,False,12,12,0,0,0,0.0,0.0,0.0,0.0,0.0
901,162,227,26,46,True,True,12,12,3,12,1,0.0,0.0,1.0,0.25,1.0
901,163,227,26,109,True,False,12,12,0,0,0,0.0,0.0,0.0,0.0,0.0
901,164,227,26,213,True,True,12,12,9,65,1,0.0,0.0,5.416666666666667,0.75,5.416666666666667
901,165,227,26,266,True,False,12,12,0,0,0,0.0,0.0,0.0,0.0,0.0
901,166,227,26,378,True,False,12,12,0,0,0,0.0,0.0,0.0,0.0,0.0
901,167,227,26,382,True,False,12,12,0,0,0,0.0,0.0,0.0,0.0,0.0
901,168,227,26,430,True,True,12,12,3,3,1,0.0,0.0,0.25,0.25,0.25
901,169,227,26,462,True,False,12,12,0,0,0,0.0,0.0,0.0,0.0,0.0
901,170,227,26,487,True,False,12,12,0,0,0,0.0,0.0,0.0,0.0,0.0
901,171,227,26,497,True,False,12,12,0,0,0,0.0,0.0,0.0,0.0,0.0
902,877,227,213,57,True,True,19,19,10,87,2,2.0,5.0,4.578947368421052,0.5263157894736842,4.578947368421052
903,1224,227,304,37,True,False,60,60,0,0,0,0.0,0.0,0.0,0.0,0.0
903,1225,227,304,120,True,True,60,60,17,70,1,0.0,0.0,1.1666666666666667,0.2833333333333333,1.1666666666666667
903,1226,227,304,224,True,False,60,60,0,0,0,0.0,0.0,0.0,0.0,0.0
903,1227,227,304,227,True,False,60,60,0,0,0,0.0,0.0,0.0,0.0,0.0
904,1673,227,430,3,True,False,5,5,0,0,0,0.0,0.0,0.0,0.0,0.0
904,1674,227,430,26,True,False,5,5,0,0,0,0.0,0.0,0.0,0.0,0.0
904,1675,227,430,46,True,True,5,5,5,16,2,0.0,0.0,3.2,1.0,3.2
904,1676,227,430,266,True,False,5,5,0,0,0,0.0,0.0,0.0,0.0,0.0
904,1677,227,430,487,True,False,5,5,0,0,0,0.0,0.0,0.0,0.0,0.0
905,339,229,79,8,True,True,77,77,1,12,1,0.0,1.0,0.15584415584415584,0.012987012987012988,0.15584415584415584
905,340,229,79,22,True,False,77,77,0,0,0,0.0,0.0,0.0,0.0,0.0
905,341,229,79,100,True,True,77,77,45,615,5,0.0,3.0,7.987012987012987,0.5844155844155844,7.987012987012987
905,342,229,79,149,True,False,77,77,0,0,0,0.0,0.0,0.0,0.0,0.0
905,343,229,79,164,True,True,77,77,14,14,1,3.0,6.0,0.18181818181818182,0.18181818181818182,0.18181818181818182
905,344,229,79,171,True,True,77,77,19,210,2,0.0,4.0,2.727272727272727,0.24675324675324675,2.727272727272727
905,345,229,79,184,True,True,77,77,12,111,1,0.0,1.0,1.4415584415584415,0.15584415584415584,1.4415584415584415
905,346,229,79,230,True,True,77,77,5,71,1,0.0,3.0,0.922077922077922,0.06493506493506493,0.922077922077922
905,347,229,79,271,True,False,77,77,0,0,0,0.0,0.0,0.0,0.0,0.0
905,348,229,79,288,True,False,77,77,0,0,0,0.0,0.0,0.0,0.0,0.0
905,349,229,79,311,True,False,77,77,0,0,0,0.0,0.0,0.0,0.0,0.0
905,350,229,79,390,True,False,77,77,0,0,0,0.0,0.0,0.0,0.0,0.0
905,351,229,79,485,True,False,77,77,0,0,0,0.0,0.0,0.0,0.0,0.0
906,482,229,126,2,True,False,20,20,0,0,0,0.0,0.0,0.0,0.0,0.0
906,483,229,126,79,True,True,20,20,15,220,1,0.0,4.0,11.0,0.75,11.0
906,484,229,126,80,True,False,20,20,0,0,0,0.0,0.0,0.0,0.0,0.0
906,485,229,126,144,True,False,20,20,0,0,0,0.0,0.0,0.0,0.0,0.0
906,486,229,126,175,True,False,20,20,0,0,0,0.0,0.0,0.0,0.0,0.0
906,487,229,126,258,True,False,20,20,0,0,0,0.0,0.0,0.0,0.0,0.0
906,488,229,126,371,True,False,20,20,0,0,0,0.0,0.0,0.0,0.0,0.0
907,591,229,149,8,True,False,3,3,0,0,0,0.0,0.0,0.0,0.0,0.0
907,592,229,149,42,True,False,3,3,0,0,0,0.0,0.0,0.0,0.0,0.0
907,593,229,149,79,True,False,3,3,0,0,0,0.0,0.0,0.0,0.0,0.0
907,594,229,149,80,True,False,3,3,0,0,0,0.0,0.0,0.0,0.0,0.0
907,595,229,149,100,True,False,3,3,0,0,0,0.0,0.0,0.0,0.0,0.0
907,596,229,149,151,True,False,3,3,0,0,0,0.0,0.0,0.0,0.0,0.0
907,597,229,149,171,True,False,3,3,0,0,0,0.0,0.0,0.0,0.0,0.0
907,598,229,149,184,True,False,3,3,0,0,0,0.0,0.0,0.0,0.0,0.0
907,599,229,149,230,True,True,3,3,3,11,2,0.0,0.0,3.6666666666666665,1.0,3.6666666666666665
907,600,229,149,268,True,False,3,3,0,0,0,0.0,0.0,0.0,0.0,0.0
907,601,229,149,311,True,False,3,3,0,0,0,0.0,0.0,0.0,0.0,0.0
907,602,229,149,315,True,True,3,3,1,2,1,0.0,0.0,0.6666666666666666,0.3333333333333333,0.6666666666666666
907,603,229,149,390,True,False,3,3,0,0,0,0.0,0.0,0.0,0.0,0.0
907,604,229,149,415,True,False,3,3,0,0,0,0.0,0.0,0.0,0.0,0.0
908,636,229,157,28,True,False,49,49,0,0,0,0.0,0.0,0.0,0.0,0.0
908,637,229,157,77,True,False,49,49,0,0,0,0.0,0.0,0.0,0.0,0.0
908,638,229,157,79,True,True,49,49,24,192,2,0.0,1.0,3.9183673469387754,0.4897959183673469,3.9183673469387754
908,639,229,157,84,True,False,49,49,0,0,0,0.0,0.0,0.0,0.0,0.0
908,640,229,157,85,True,False,49,49,0,0,0,0.0,0.0,0.0,0.0,0.0
908,641,229,157,88,True,False,49,49,0,0,0,0.0,0.0,0.0,0.0,0.0
908,642,229,157,143,True,False,49,49,0,0,0,0.0,0.0,0.0,0.0,0.0
908,643,229,157,161,True,False,49,49,0,0,0,0.0,0.0,0.0,0.0,0.0
908,644,229,157,167,True,False,49,49,0,0,0,0.0,0.0,0.0,0.0,0.0
908,645,229,157,196,True,False,49,49,0,0,0,0.0,0.0,0.0,0.0,0.0
908,646,229,157,229,True,True,49,49,7,63,2,0.0,1.0,1.2857142857142858,0.14285714285714285,1.2857142857142858
908,647,229,157,230,True,True,49,49,18,111,3,0.0,3.0,2.2653061224489797,0.3673469387755102,2.2653061224489797
908,648,229,157,279,True,False,49,49,0,0,0,0.0,0.0,0.0,0.0,0.0
908,649,229,157,315,True,True,49,49,3,7,2,0.0,0.0,0.14285714285714285,0.061224489795918366,0.14285714285714285
908,650,229,157,375,True,False,49,49,0,0,0,0.0,0.0,0.0,0.0,0.0
908,651,229,157,389,True,False,49,49,0,0,0,0.0,0.0,0.0,0.0,0.0
908,652,229,157,402,True,False,49,49,0,0,0,0.0,0.0,0.0,0.0,0.0
908,653,229,157,432,True,False,49,49,0,0,0,0.0,0.0,0.0,0.0,0.0
908,654,229,157,440,True,False,49,49,0,0,0,0.0,0.0,0.0,0.0,0.0
908,655,229,157,474,True,False,49,49,0,0,0,0.0,0.0,0.0,0.0,0.0
909,795,229,184,4,True,True,120,120,12,165,1,3.0,8.0,1.375,0.1,1.375
909,796,229,184,8,True,False,120,120,0,0,0,0.0,0.0,0.0,0.0,0.0
909,797,229,184,22,True,True,120,120,58,651,7,0.0,3.0,5.425,0.48333333333333334,5.425
909,798,229,184,50,True,True,120,120,3,45,1,5.0,8.0,0.375,0.025,0.375
909,799,229,184,79,True,True,120,120,9,27,1,0.0,3.0,0.225,0.075,0.225
909,800,229,184,139,True,False,120,120,0,0,0,0.0,0.0,0.0,0.0,0.0
909,801,229,184,229,True,False,120,120,0,0,0,0.0,0.0,0.0,0.0,0.0
909,802,229,184,230,True,True,120,120,9,94,1,0.0,2.0,0.7833333333333333,0.075,0.7833333333333333
909,803,229,184,273,True,True,120,120,65,198,6,0.0,2.0,1.65,0.5416666666666666,1.65
909,804,229,184,288,True,True,120,120,2,30,1,3.0,6.0,0.25,0.016666666666666666,0.25
909,805,229,184,290,True,False,120,120,0,0,0,0.0,0.0,0.0,0.0,0.0
909,806,229,184,315,True,True,120,120,3,12,1,0.0,0.0,0.1,0.025,0.1
909,807,229,184,383,True,False,120,120,0,0,0,0.0,0.0,0.0,0.0,0.0
910,912,229,230,4,True,False,29,29,0,0,0,0.0,0.0,0.0,0.0,0.0
910,913,229,230,8,True,False,29,29,0,0,0,0.0,0.0,0.0,0.0,0.0
910,914,229,230,22,True,True,29,29,4,4,1,0.0,0.5,0.13793103448275862,0.13793103448275862,0.13793103448275862
910,915,229,230,50,True,False,29,29,0,0,0,0.0,0.0,0.0,0.0,0.0
910,916,229,230,79,True,False,29,29,0,0,0,0.0,0.0,0.0,0.0,0.0
910,917,229,230,80,True,False,29,29,0,0,0,0.0,0.0,0.0,0.0,0.0
910,918,229,230,100,True,False,29,29,0,0,0,0.0,0.0,0.0,0.0,0.0
910,919,229,230,149,True,False,29,29,0,0,0,0.0,0.0,0.0,0.0,0.0
910,920,229,230,151,True,False,29,29,0,0,0,0.0,0.0,0.0,0.0,0.0
910,921,229,230,171,True,False,29,29,0,0,0,0.0,0.0,0.0,0.0,0.0
910,922,229,230,184,True,True,29,29,29,218,4,0.0,2.0,7.517241379310345,1.0,7.517241379310345
910,923,229,230,288,True,False,29,29,0,0,0,0.0,0.0,0.0,0.0,0.0
910,924,229,230,311,True,False,29,29,0,0,0,0.0,0.0,0.0,0.0,0.0
910,925,229,230,390,True,False,29,29,0,0,0,0.0,0.0,0.0,0.0,0.0
910,926,229,230,485,True,False,29,29,0,0,0,0.0,0.0,0.0,0.0,0.0
911,1263,229,315,50,True,True,53,53,5,10,1,3.0,5.5,0.18867924528301888,0.09433962264150944,0.18867924528301888
911,1264,229,315,100,True,True,53,53,24,179,3,0.0,5.0,3.3773584905660377,0.4528301886792453,3.3773584905660377
911,1265,229,315,184,True,True,53,53,9,101,1,0.0,1.0,1.9056603773584906,0.16981132075471697,1.9056603773584906
911,1266,229,315,229,True,True,53,53,9,14,1,0.0,0.0,0.2641509433962264,0.16981132075471697,0.2641509433962264
911,1267,229,315,230,True,True,53,53,15,147,2,0.0,3.0,2.7735849056603774,0.2830188679245283,2.7735849056603774
911,1268,229,315,485,True,False,53,53,0,0,0,0.0,0.0,0.0,0.0,0.0
912,28,230,4,63,True,False,119,119,0,0,0,0.0,0.0,0.0,0.0,0.0
912,29,230,4,138,True,False,119,119,0,0,0,0.0,0.0,0.0,0.0,0.0
913,54,230,8,22,True,True,95,95,40,342,4,0.0,1.0,3.6,0.42105263157894735,3.6
913,55,230,8,79,True,True,95,95,4,10,1,0.0,0.0,0.10526315789473684,0.042105263157894736,0.10526315789473684
913,56,230,8,80,True,False,95,95,0,0,0,0.0,0.0,0.0,0.0,0.0
913,57,230,8,100,True,False,95,95,0,0,0,0.0,0.0,0.0,0.0,0.0
913,58,230,8,126,True,False,95,95,0,0,0,0.0,0.0,0.0,0.0,0.0
913,59,230,8,144,True,False,95,95,0,0,0,0.0,0.0,0.0,0.0,0.0
913,60,230,8,149,True,False,95,95,0,0,0,0.0,0.0,0.0,0.0,0.0
913,61,230,8,171,True,True,95,95,9,37,1,0.0,0.0,0.3894736842105263,0.09473684210526316,0.3894736842105263
913,62,230,8,184,True,True,95,95,12,147,2,0.0,3.0,1.5473684210526315,0.12631578947368421,1.5473684210526315
913,63,230,8,229,True,True,95,95,9,130,1,0.0,3.0,1.368421052631579,0.09473684210526316,1.368421052631579
913,64,230,8,230,True,True,95,95,27,86,6,0.0,0.0,0.9052631578947369,0.28421052631578947,0.9052631578947369
913,65,230,8,258,True,False,95,95,0,0,0,0.0,0.0,0.0,0.0,0.0
913,66,230,8,311,True,False,95,95,0,0,0,0.0,0.0,0.0,0.0,0.0
913,67,230,8,315,True,False,95,95,0,0,0,0.0,0.0,0.0,0.0,0.0
913,68,230,8,390,True,False,95,95,0,0,0,0.0,0.0,0.0,0.0,0.0
914,129,230,22,21,True,True,170,170,28,102,3,3.0,7.0,0.6,0.16470588235294117,0.6
914,130,230,22,31,True,True,170,170,78,366,7,3.0,8.0,2.152941176470588,0.4588235294117647,2.152941176470588
914,131,230,22,43,True,True,170,170,91,395,11,4.0,8.0,2.323529411764706,0.5352941176470588,2.323529411764706
914,132,230,22,61,True,True,170,170,73,413,8,1.0,6.0,2.429411764705882,0.4294117647058823,2.429411764705882
914,133,230,22,74,True,True,170,170,18,18,2,6.0,9.0,0.10588235294117647,0.10588235294117647,0.10588235294117647
914,134,230,22,79,True,False,170,170,0,0,0,0.0,0.0,0.0,0.0,0.0
914,135,230,22,139,True,False,170,170,0,0,0,0.0,0.0,0.0,0.0,0.0
914,136,230,22,144,True,False,170,170,0,0,0,0.0,0.0,0.0,0.0,0.0
914,137,230,22,175,True,False,170,170,0,0,0,0.0,0.0,0.0,0.0,0.0
914,138,230,22,179,True,True,170,170,60,232,7,3.0,7.0,1.3647058823529412,0.35294117647058826,1.3647058823529412
914,139,230,22,186,True,True,170,170,36,122,4,2.0,6.5,0.7176470588235294,0.21176470588235294,0.7176470588235294
914,140,230,22,273,True,True,170,170,22,116,5,0.0,5.0,0.6823529411764706,0.12941176470588237,0.6823529411764706
915,268,230,50,146,True,False,31,31,0,0,0,0.0,0.0,0.0,0.0,0.0
915,269,230,50,288,True,True,31,31,1,3,1,0.0,0.0,0.0967741935483871,0.03225806451612903,0.0967741935483871
915,270,230,50,315,True,False,31,31,0,0,0,0.0,0.0,0.0,0.0,0.0
916,339,230,79,8,True,False,55,55,0,0,0,0.0,0.0,0.0,0.0,0.0
916,340,230,79,22,True,False,55,55,0,0,0,0.0,0.0,0.0,0.0,0.0
916,341,230,79,100,True,True,55,55,3,9,1,0.0,0.0,0.16363636363636364,0.05454545454545454,0.16363636363636364
916,342,230,79,149,True,True,55,55,9,37,4,0.0,1.0,0.6727272727272727,0.16363636363636364,0.6727272727272727
916,343,230,79,164,True,False,55,55,0,0,0,0.0,0.0,0.0,0.0,0.0
916,344,230,79,171,True,False,55,55,0,0,0,0.0,0.0,0.0,0.0,0.0
916,345,230,79,184,True,False,55,55,0,0,0,0.0,0.0,0.0,0.0,0.0
916,346,230,79,230,True,True,55,55,16,68,4,0.0,0.0,1.2363636363636363,0.2909090909090909,1.2363636363636363
916,347,230,79,271,True,False,55,55,0,0,0,0.0,0.0,0.0,0.0,0.0
916,348,230,79,288,True,False,55,55,0,0,0,0.0,0.0,0.0,0.0,0.0
916,349,230,79,311,True,False,55,55,0,0,0,0.0,0.0,0.0,0.0,0.0
916,350,230,79,390,True,False,55,55,0,0,0,0.0,0.0,0.0,0.0,0.0
916,351,230,79,485,True,False,55,55,0,0,0,0.0,0.0,0.0,0.0,0.0
917,352,230,80,10,True,False,7,7,0,0,0,0.0,0.0,0.0,0.0,0.0
917,353,230,80,79,True,False,7,7,0,0,0,0.0,0.0,0.0,0.0,0.0
917,354,230,80,118,True,False,7,7,0,0,0,0.0,0.0,0.0,0.0,0.0
917,355,230,80,138,True,False,7,7,0,0,0,0.0,0.0,0.0,0.0,0.0
917,356,230,80,149,True,False,7,7,0,0,0,0.0,0.0,0.0,0.0,0.0
917,357,230,80,151,True,False,7,7,0,0,0,0.0,0.0,0.0,0.0,0.0
917,358,230,80,171,True,False,7,7,0,0,0,0.0,0.0,0.0,0.0,0.0
917,359,230,80,230,True,True,7,7,2,2,1,0.0,0.0,0.2857142857142857,0.2857142857142857,0.2857142857142857
917,360,230,80,258,True,False,7,7,0,0,0,0.0,0.0,0.0,0.0,0.0
917,361,230,80,268,True,True,7,7,5,55,1,0.0,1.0,7.857142857142857,0.7142857142857143,7.857142857142857
917,362,230,80,297,True,False,7,7,0,0,0,0.0,0.0,0.0,0.0,0.0
917,363,230,80,311,True,False,7,7,0,0,0,0.0,0.0,0.0,0.0,0.0
917,364,230,80,390,True,True,7,7,2,8,1,0.0,0.0,1.1428571428571428,0.2857142857142857,1.1428571428571428
917,365,230,80,415,True,False,7,7,0,0,0,0.0,0.0,0.0,0.0,0.0
918,392,230,100,8,True,False,30,30,0,0,0,0.0,0.0,0.0,0.0,0.0
918,393,230,100,50,True,False,30,30,0,0,0,0.0,0.0,0.0,0.0,0.0
918,394,230,100,109,True,False,30,30,0,0,0,0.0,0.0,0.0,0.0,0.0
918,395,230,100,146,True,False,30,30,0,0,0,0.0,0.0,0.0,0.0,0.0
918,396,230,100,164,True,True,30,30,21,98,2,0.0,3.0,3.2666666666666666,0.7,3.2666666666666666
918,397,230,100,171,True,True,30,30,12,56,1,0.0,3.0,1.8666666666666667,0.4,1.8666666666666667
918,398,230,100,173,True,False,30,30,0,0,0,0.0,0.0,0.0,0.0,0.0
918,399,230,100,180,True,True,30,30,21,84,2,1.0,7.0,2.8,0.7,2.8
918,400,230,100,271,True,True,30,30,21,124,2,0.0,6.0,4.133333333333334,0.7,4.133333333333334
918,401,230,100,315,True,False,30,30,0,0,0,0.0,0.0,0.0,0.0,0.0
918,402,230,100,405,True,False,30,30,0,0,0,0.0,0.0,0.0,0.0,0.0
918,403,230,100,410,True,False,30,30,0,0,0,0.0,0.0,0.0,0.0,0.0
919,591,230,149,8,True,False,37,37,0,0,0,0.0,0.0,0.0,0.0,0.0
919,592,230,149,42,True,False,37,37,0,0,0,0.0,0.0,0.0,0.0,0.0
919,593,230,149,79,True,False,37,37,0,0,0,0.0,0.0,0.0,0.0,0.0
919,594,230,149,80,True,False,37,37,0,0,0,0.0,0.0,0.0,0.0,0.0
919,595,230,149,100,True,False,37,37,0,0,0,0.0,0.0,0.0,0.0,0.0
919,596,230,149,151,True,False,37,37,0,0,0,0.0,0.0,0.0,0.0,0.0
919,597,230,149,171,True,False,37,37,0,0,0,0.0,0.0,0.0,0.0,0.0
919,598,230,149,184,True,False,37,37,0,0,0,0.0,0.0,0.0,0.0,0.0
919,599,230,149,230,True,True,37,37,6,16,3,0.0,0.0,0.43243243243243246,0.16216216216216217,0.43243243243243246
919,600,230,149,268,True,True,37,37,5,65,1,0.0,2.0,1.7567567567567568,0.13513513513513514,1.7567567567567568
919,601,230,149,311,True,False,37,37,0,0,0,0.0,0.0,0.0,0.0,0.0
919,602,230,149,315,True,False,37,37,0,0,0,0.0,0.0,0.0,0.0,0.0
919,603,230,149,390,True,False,37,37,0,0,0,0.0,0.0,0.0,0.0,0.0
919,604,230,149,415,True,False,37,37,0,0,0,0.0,0.0,0.0,0.0,0.0
920,605,230,151,8,True,True,28,28,6,25,2,0.0,0.0,0.8928571428571429,0.21428571428571427,0.8928571428571429
920,606,230,151,10,True,False,28,28,0,0,0,0.0,0.0,0.0,0.0,0.0
920,607,230,151,22,True,False,28,28,0,0,0,0.0,0.0,0.0,0.0,0.0
920,608,230,151,79,True,False,28,28,0,0,0,0.0,0.0,0.0,0.0,0.0
920,609,230,151,80,True,False,28,28,0,0,0,0.0,0.0,0.0,0.0,0.0
920,610,230,151,117,True,False,28,28,0,0,0,0.0,0.0,0.0,0.0,0.0
920,611,230,151,149,True,False,28,28,0,0,0,0.0,0.0,0.0,0.0,0.0
920,612,230,151,171,True,False,28,28,0,0,0,0.0,0.0,0.0,0.0,0.0
920,613,230,151,184,True,True,28,28,5,20,1,0.0,0.0,0.7142857142857143,0.17857142857142858,0.7142857142857143
920,614,230,151,230,True,True,28,28,11,15,3,0.0,0.0,0.5357142857142857,0.39285714285714285,0.5357142857142857
920,615,230,151,258,True,False,28,28,0,0,0,0.0,0.0,0.0,0.0,0.0
920,616,230,151,268,True,False,28,28,0,0,0,0.0,0.0,0.0,0.0,0.0
920,617,230,151,311,True,True,28,28,8,64,1,0.0,2.5,2.2857142857142856,0.2857142857142857,2.2857142857142856
920,618,230,151,390,True,True,28,28,2,3,1,0.0,0.0,0.10714285714285714,0.07142857142857142,0.10714285714285714
920,619,230,151,494,True,False,28,28,0,0,0,0.0,0.0,0.0,0.0,0.0
921,722,230,171,4,True,True,67,67,45,670,2,0.0,5.0,10.0,0.6716417910447762,10.0
921,723,230,171,8,True,False,67,67,0,0,0,0.0,0.0,0.0,0.0,0.0
921,724,230,171,26,True,False,67,67,0,0,0,0.0,0.0,0.0,0.0,0.0
921,725,230,171,42,True,False,67,67,0,0,0,0.0,0.0,0.0,0.0,0.0
921,726,230,171,109,True,False,67,67,0,0,0,0.0,0.0,0.0,0.0,0.0
921,727,230,171,118,True,False,67,67,0,0,0,0.0,0.0,0.0,0.0,0.0
921,728,230,171,138,True,True,67,67,9,135,1,1.0,6.0,2.014925373134328,0.13432835820895522,2.014925373134328
921,729,230,171,151,True,False,67,67,0,0,0,0.0,0.0,0.0,0.0,0.0
921,730,230,171,163,True,False,67,67,0,0,0,0.0,0.0,0.0,0.0,0.0
921,731,230,171,164,True,True,67,67,13,93,2,0.0,3.0,1.3880597014925373,0.19402985074626866,1.3880597014925373
921,732,230,171,172,True,False,67,67,0,0,0,0.0,0.0,0.0,0.0,0.0
921,733,230,171,173,True,False,67,67,0,0,0,0.0,0.0,0.0,0.0,0.0
921,734,230,171,180,True,True,67,67,13,69,2,0.0,3.0,1.0298507462686568,0.19402985074626866,1.0298507462686568
921,735,230,171,259,True,False,67,67,0,0,0,0.0,0.0,0.0,0.0,0.0
921,736,230,171,271,True,True,67,67,3,8,1,0.0,1.0,0.11940298507462686,0.04477611940298507,0.11940298507462686
921,737,230,171,288,True,False,67,67,0,0,0,0.0,0.0,0.0,0.0,0.0
921,738,230,171,297,True,False,67,67,0,0,0,0.0,0.0,0.0,0.0,0.0
921,739,230,171,410,True,True,67,67,3,8,1,0.0,1.0,0.11940298507462686,0.04477611940298507,0.11940298507462686
922,795,230,184,4,True,True,273,273,49,599,4,0.0,3.0,2.1941391941391943,0.1794871794871795,2.1941391941391943
922,796,230,184,8,True,False,273,273,0,0,0,0.0,0.0,0.0,0.0,0.0
922,797,230,184,22,True,True,273,273,111,1198,11,0.0,2.0,4.388278388278389,0.4065934065934066,4.388278388278389
922,798,230,184,50,True,True,273,273,55,815,4,0.0,5.0,2.9853479853479854,0.20146520146520147,2.9853479853479854
922,799,230,184,79,True,False,273,273,0,0,0,0.0,0.0,0.0,0.0,0.0
922,800,230,184,139,True,False,273,273,0,0,0,0.0,0.0,0.0,0.0,0.0
922,801,230,184,229,True,True,273,273,14,210,2,1.0,7.0,0.7692307692307693,0.05128205128205128,0.7692307692307693
922,802,230,184,230,True,False,273,273,0,0,0,0.0,0.0,0.0,0.0,0.0
922,803,230,184,273,True,True,273,273,41,79,5,0.0,4.0,0.2893772893772894,0.15018315018315018,0.2893772893772894
922,804,230,184,288,True,True,273,273,24,291,2,0.0,4.0,1.065934065934066,0.08791208791208792,1.065934065934066
922,805,230,184,290,True,False,273,273,0,0,0,0.0,0.0,0.0,0.0,0.0
922,806,230,184,315,True,False,273,273,0,0,0,0.0,0.0,0.0,0.0,0.0
922,807,230,184,383,True,False,273,273,0,0,0,0.0,0.0,0.0,0.0,0.0
923,1164,230,288,4,True,True,204,204,21,152,2,0.0,2.0,0.7450980392156863,0.10294117647058823,0.7450980392156863
923,1165,230,288,50,True,True,204,204,23,329,3,0.0,4.0,1.6127450980392157,0.11274509803921569,1.6127450980392157
923,1166,230,288,63,True,False,204,204,0,0,0,0.0,0.0,0.0,0.0,0.0
923,1167,230,288,138,True,False,204,204,0,0,0,0.0,0.0,0.0,0.0,0.0
923,1168,230,288,164,True,True,204,204,39,310,4,0.0,5.0,1.5196078431372548,0.19117647058823528,1.5196078431372548
923,1169,230,288,172,True,True,204,204,30,97,3,5.0,9.0,0.47549019607843135,0.14705882352941177,0.47549019607843135
923,1170,230,288,259,True,False,204,204,0,0,0,0.0,0.0,0.0,0.0,0.0
924,1240,230,311,4,True,True,50,50,35,454,3,0.0,3.0,9.08,0.7,9.08
924,1241,230,311,80,True,False,50,50,0,0,0,0.0,0.0,0.0,0.0,0.0
924,1242,230,311,118,True,False,50,50,0,0,0,0.0,0.0,0.0,0.0,0.0
924,1243,230,311,138,True,False,50,50,0,0,0,0.0,0.0,0.0,0.0,0.0
924,1244,230,311,149,True,False,50,50,0,0,0,0.0,0.0,0.0,0.0,0.0
924,1245,230,311,151,True,True,50,50,2,2,1,0.0,0.0,0.04,0.04,0.04
924,1246,230,311,163,True,False,50,50,0,0,0,0.0,0.0,0.0,0.0,0.0
924,1247,230,311,171,True,False,50,50,0,0,0,0.0,0.0,0.0,0.0,0.0
924,1248,230,311,288,True,True,50,50,15,127,3,0.0,1.0,2.54,0.3,2.54
924,1249,230,311,371,True,False,50,50,0,0,0,0.0,0.0,0.0,0.0,0.0
924,1250,230,311,390,True,False,50,50,0,0,0,0.0,0.0,0.0,0.0,0.0
924,1251,230,311,415,True,False,50,50,0,0,0,0.0,0.0,0.0,0.0,0.0
925,1553,230,390,2,True,False,45,45,0,0,0,0.0,0.0,0.0,0.0,0.0
925,1554,230,390,8,True,True,45,45,2,6,1,0.0,0.0,0.13333333333333333,0.044444444444444446,0.13333333333333333
925,1555,230,390,22,True,True,45,45,24,211,4,0.0,2.0,4.688888888888889,0.5333333333333333,4.688888888888889
925,1556,230,390,79,True,False,45,45,0,0,0,0.0,0.0,0.0,0.0,0.0
925,1557,230,390,80,True,False,45,45,0,0,0,0.0,0.0,0.0,0.0,0.0
925,1558,230,390,138,True,False,45,45,0,0,0,0.0,0.0,0.0,0.0,0.0
925,1559,230,390,149,True,False,45,45,0,0,0,0.0,0.0,0.0,0.0,0.0
925,1560,230,390,151,True,False,45,45,0,0,0,0.0,0.0,0.0,0.0,0.0
925,1561,230,390,171,True,False,45,45,0,0,0,0.0,0.0,0.0,0.0,0.0
925,1562,230,390,175,True,False,45,45,0,0,0,0.0,0.0,0.0,0.0,0.0
925,1563,230,390,230,True,True,45,45,12,111,1,0.0,1.0,2.466666666666667,0.26666666666666666,2.466666666666667
925,1564,230,390,258,True,True,45,45,15,62,2,0.0,2.0,1.3777777777777778,0.3333333333333333,1.3777777777777778
925,1565,230,390,268,True,False,45,45,0,0,0,0.0,0.0,0.0,0.0,0.0
925,1566,230,390,294,True,False,45,45,0,0,0,0.0,0.0,0.0,0.0,0.0
925,1567,230,390,311,True,True,45,45,9,56,1,0.0,0.0,1.2444444444444445,0.2,1.2444444444444445
926,1808,230,485,8,True,False,26,26,0,0,0,0.0,0.0,0.0,0.0,0.0
926,1809,230,485,79,True,False,26,26,0,0,0,0.0,0.0,0.0,0.0,0.0
926,1810,230,485,100,True,False,26,26,0,0,0,0.0,0.0,0.0,0.0,0.0
926,1811,230,485,149,True,False,26,26,0,0,0,0.0,0.0,0.0,0.0,0.0
926,1812,230,485,151,True,False,26,26,0,0,0,0.0,0.0,0.0,0.0,0.0
926,1813,230,485,161,True,False,26,26,0,0,0,0.0,0.0,0.0,0.0,0.0
926,1814,230,485,167,True,False,26,26,0,0,0,0.0,0.0,0.0,0.0,0.0
926,1815,230,485,170,True,True,26,26,9,27,1,1.0,4.0,1.0384615384615385,0.34615384615384615,1.0384615384615385
926,1816,230,485,230,True,True,26,26,12,56,3,0.0,0.0,2.1538461538461537,0.46153846153846156,2.1538461538461537
926,1817,230,485,315,True,False,26,26,0,0,0,0.0,0.0,0.0,0.0,0.0
926,1818,230,485,405,True,False,26,26,0,0,0,0.0,0.0,0.0,0.0,0.0
927,141,233,23,7,True,True,91,91,6,42,1,0.0,3.0,0.46153846153846156,0.06593406593406594,0.46153846153846156
927,142,233,23,24,True,False,91,91,0,0,0,0.0,0.0,0.0,0.0,0.0
927,143,233,23,85,True,False,91,91,0,0,0,0.0,0.0,0.0,0.0,0.0
927,144,233,23,88,True,True,91,91,9,82,2,0.0,2.0,0.9010989010989011,0.0989010989010989,0.9010989010989011
927,145,233,23,143,True,True,91,91,8,30,3,2.0,4.0,0.32967032967032966,0.08791208791208792,0.32967032967032966
927,146,233,23,157,True,True,91,91,30,228,7,0.0,2.0,2.5054945054945055,0.32967032967032966,2.5054945054945055
927,147,233,23,247,True,False,91,91,0,0,0,0.0,0.0,0.0,0.0,0.0
927,148,233,23,262,True,False,91,91,0,0,0,0.0,0.0,0.0,0.0,0.0
927,149,233,23,279,True,True,91,91,36,291,10,0.0,3.0,3.197802197802198,0.3956043956043956,3.197802197802198
927,150,233,23,309,True,False,91,91,0,0,0,0.0,0.0,0.0,0.0,0.0
927,151,233,23,316,True,False,91,91,0,0,0,0.0,0.0,0.0,0.0,0.0
927,152,233,23,385,True,False,91,91,0,0,0,0.0,0.0,0.0,0.0,0.0
927,153,233,23,389,True,False,91,91,0,0,0,0.0,0.0,0.0,0.0,0.0
927,154,233,23,402,True,False,91,91,0,0,0,0.0,0.0,0.0,0.0,0.0
927,155,233,23,474,True,True,91,91,15,57,3,1.0,4.0,0.6263736263736264,0.16483516483516483,0.6263736263736264
928,384,233,88,23,True,True,291,291,107,857,10,0.0,1.0,2.9450171821305844,0.36769759450171824,2.9450171821305844
928,385,233,88,157,True,True,291,291,126,1265,13,0.0,3.0,4.347079037800687,0.4329896907216495,4.347079037800687
928,386,233,88,161,True,False,291,291,0,0,0,0.0,0.0,0.0,0.0,0.0
929,636,233,157,28,True,False,18,18,0,0,0,0.0,0.0,0.0,0.0,0.0
929,637,233,157,77,True,False,18,18,0,0,0,0.0,0.0,0.0,0.0,0.0
929,638,233,157,79,True,False,18,18,0,0,0,0.0,0.0,0.0,0.0,0.0
929,639,233,157,84,True,False,18,18,0,0,0,0.0,0.0,0.0,0.0,0.0
929,640,233,157,85,True,False,18,18,0,0,0,0.0,0.0,0.0,0.0,0.0
929,641,233,157,88,True,True,18,18,6,18,1,2.0,4.0,1.0,0.3333333333333333,1.0
929,642,233,157,143,True,True,18,18,3,42,1,0.0,3.0,2.3333333333333335,0.16666666666666666,2.3333333333333335
929,643,233,157,161,True,True,18,18,3,15,1,1.0,4.0,0.8333333333333334,0.16666666666666666,0.8333333333333334
929,644,233,157,167,True,False,18,18,0,0,0,0.0,0.0,0.0,0.0,0.0
929,645,233,157,196,True,False,18,18,0,0,0,0.0,0.0,0.0,0.0,0.0
929,646,233,157,229,True,False,18,18,0,0,0,0.0,0.0,0.0,0.0,0.0
929,647,233,157,230,True,False,18,18,0,0,0,0.0,0.0,0.0,0.0,0.0
929,648,233,157,279,True,True,18,18,6,47,2,0.0,3.0,2.611111111111111,0.3333333333333333,2.611111111111111
929,649,233,157,315,True,False,18,18,0,0,0,0.0,0.0,0.0,0.0,0.0
929,650,233,157,375,True,False,18,18,0,0,0,0.0,0.0,0.0,0.0,0.0
929,651,233,157,389,True,False,18,18,0,0,0,0.0,0.0,0.0,0.0,0.0
929,652,233,157,402,True,False,18,18,0,0,0,0.0,0.0,0.0,0.0,0.0
929,653,233,157,432,True,False,18,18,0,0,0,0.0,0.0,0.0,0.0,0.0
929,654,233,157,440,True,False,18,18,0,0,0,0.0,0.0,0.0,0.0,0.0
929,655,233,157,474,True,False,18,18,0,0,0,0.0,0.0,0.0,0.0,0.0
930,1070,233,261,23,True,True,273,273,45,417,3,0.0,6.0,1.5274725274725274,0.16483516483516483,1.5274725274725274
930,1071,233,261,157,True,True,273,273,42,385,3,0.0,4.0,1.4102564102564104,0.15384615384615385,1.4102564102564104
930,1072,233,261,321,True,True,273,273,38,294,5,4.0,9.0,1.0769230769230769,0.1391941391941392,1.0769230769230769
930,1073,233,261,440,True,False,273,273,0,0,0,0.0,0.0,0.0,0.0,0.0
930,1074,233,261,481,True,False,273,273,0,0,0,0.0,0.0,0.0,0.0,0.0
931,1145,233,279,23,True,True,222,222,121,1114,12,0.0,1.0,5.018018018018018,0.545045045045045,5.018018018018018
931,1146,233,279,143,True,False,222,222,0,0,0,0.0,0.0,0.0,0.0,0.0
931,1147,233,279,157,True,True,222,222,108,841,8,0.0,3.0,3.7882882882882885,0.4864864864864865,3.7882882882882885
931,1148,233,279,161,True,False,222,222,0,0,0,0.0,0.0,0.0,0.0,0.0
931,1149,233,279,208,True,False,222,222,0,0,0,0.0,0.0,0.0,0.0,0.0
931,1150,233,279,440,True,True,222,222,13,20,2,0.0,5.5,0.09009009009009009,0.05855855855855856,0.09009009009009009
931,1151,233,279,474,True,True,222,222,8,40,1,8.0,8.5,0.18018018018018017,0.036036036036036036,0.18018018018018017
931,1152,233,279,509,True,True,222,222,1,5,1,0.0,0.0,0.02252252252252252,0.0045045045045045045,0.02252252252252252
932,69,238,10,109,True,False,185,185,0,0,0,0.0,0.0,0.0,0.0,0.0
932,70,238,10,112,True,False,185,185,0,0,0,0.0,0.0,0.0,0.0,0.0
932,71,238,10,117,True,False,185,185,0,0,0,0.0,0.0,0.0,0.0,0.0
932,72,238,10,173,True,False,185,185,0,0,0,0.0,0.0,0.0,0.0,0.0
932,73,238,10,238,True,True,185,185,5,25,1,0.0,0.0,0.13513513513513514,0.02702702702702703,0.13513513513513514
932,74,238,10,268,True,True,185,185,12,85,1,0.0,1.0,0.4594594594594595,0.06486486486486487,0.4594594594594595
932,75,238,10,281,True,False,185,185,0,0,0,0.0,0.0,0.0,0.0,0.0
932,76,238,10,294,True,True,185,185,12,56,2,0.0,0.0,0.3027027027027027,0.06486486486486487,0.3027027027027027
932,77,238,10,324,True,True,185,185,24,355,2,0.0,5.0,1.9189189189189189,0.12972972972972974,1.9189189189189189
932,78,238,10,378,True,True,185,185,10,65,1,6.0,9.0,0.35135135135135137,0.05405405405405406,0.35135135135135137
932,79,238,10,387,True,True,185,185,20,169,4,0.0,1.0,0.9135135135135135,0.10810810810810811,0.9135135135135135
932,80,238,10,462,True,True,185,185,31,287,3,1.0,7.0,1.5513513513513513,0.16756756756756758,1.5513513513513513
932,81,238,10,497,True,True,185,185,40,268,4,3.0,9.0,1.4486486486486487,0.21621621621621623,1.4486486486486487
933,352,238,80,10,True,False,9,9,0,0,0,0.0,0.0,0.0,0.0,0.0
933,353,238,80,79,True,False,9,9,0,0,0,0.0,0.0,0.0,0.0,0.0
933,354,238,80,118,True,False,9,9,0,0,0,0.0,0.0,0.0,0.0,0.0
933,355,238,80,138,True,False,9,9,0,0,0,0.0,0.0,0.0,0.0,0.0
933,356,238,80,149,True,False,9,9,0,0,0,0.0,0.0,0.0,0.0,0.0
933,357,238,80,151,True,False,9,9,0,0,0,0.0,0.0,0.0,0.0,0.0
933,358,238,80,171,True,False,9,9,0,0,0,0.0,0.0,0.0,0.0,0.0
933,359,238,80,230,True,False,9,9,0,0,0,0.0,0.0,0.0,0.0,0.0
933,360,238,80,258,True,False,9,9,0,0,0,0.0,0.0,0.0,0.0,0.0
933,361,238,80,268,True,False,9,9,0,0,0,0.0,0.0,0.0,0.0,0.0
933,362,238,80,297,True,False,9,9,0,0,0,0.0,0.0,0.0,0.0,0.0
933,363,238,80,311,True,False,9,9,0,0,0,0.0,0.0,0.0,0.0,0.0
933,364,238,80,390,True,True,9,9,9,30,2,0.0,0.0,3.3333333333333335,1.0,3.3333333333333335
933,365,238,80,415,True,True,9,9,6,18,1,0.0,0.0,2.0,0.6666666666666666,2.0
934,446,238,117,10,True,True,133,133,34,395,7,0.0,4.0,2.969924812030075,0.2556390977443609,2.969924812030075
934,447,238,117,16,True,True,133,133,23,111,2,0.0,9.0,0.8345864661654135,0.17293233082706766,0.8345864661654135
934,448,238,117,80,True,True,133,133,10,66,1,0.0,1.0,0.49624060150375937,0.07518796992481203,0.49624060150375937
934,449,238,117,199,True,False,133,133,0,0,0,0.0,0.0,0.0,0.0,0.0
934,450,238,117,238,True,True,133,133,24,100,2,0.0,0.0,0.7518796992481203,0.18045112781954886,0.7518796992481203
934,451,238,117,268,True,True,133,133,10,69,1,0.0,3.0,0.518796992481203,0.07518796992481203,0.518796992481203
934,452,238,117,281,True,False,133,133,0,0,0,0.0,0.0,0.0,0.0,0.0
934,453,238,117,294,True,True,133,133,21,131,3,0.0,0.0,0.9849624060150376,0.15789473684210525,0.9849624060150376
934,454,238,117,317,True,True,133,133,15,105,2,0.0,2.0,0.7894736842105263,0.11278195488721804,0.7894736842105263
934,455,238,117,324,True,True,133,133,11,67,2,2.0,5.0,0.5037593984962406,0.08270676691729323,0.5037593984962406
934,456,238,117,378,True,False,133,133,0,0,0,0.0,0.0,0.0,0.0,0.0
934,457,238,117,383,True,False,133,133,0,0,0,0.0,0.0,0.0,0.0,0.0
934,458,238,117,387,True,True,133,133,5,20,1,0.0,0.0,0.15037593984962405,0.03759398496240601,0.15037593984962405
934,459,238,117,455,True,False,133,133,0,0,0,0.0,0.0,0.0,0.0,0.0
934,460,238,117,462,True,True,133,133,46,387,4,0.0,6.0,2.9097744360902253,0.3458646616541353,2.9097744360902253
934,461,238,117,494,True,True,133,133,4,20,2,0.0,0.0,0.15037593984962405,0.03007518796992481,0.15037593984962405
935,591,238,149,8,True,False,12,12,0,0,0,0.0,0.0,0.0,0.0,0.0
935,592,238,149,42,True,False,12,12,0,0,0,0.0,0.0,0.0,0.0,0.0
935,593,238,149,79,True,False,12,12,0,0,0,0.0,0.0,0.0,0.0,0.0
935,594,238,149,80,True,False,12,12,0,0,0,0.0,0.0,0.0,0.0,0.0
935,595,238,149,100,True,False,12,12,0,0,0,0.0,0.0,0.0,0.0,0.0
935,596,238,149,151,True,False,12,12,0,0,0,0.0,0.0,0.0,0.0,0.0
935,597,238,149,171,True,False,12,12,0,0,0,0.0,0.0,0.0,0.0,0.0
935,598,238,149,184,True,False,12,12,0,0,0,0.0,0.0,0.0,0.0,0.0
935,599,238,149,230,True,False,12,12,0,0,0,0.0,0.0,0.0,0.0,0.0
935,600,238,149,268,True,True,12,12,2,10,1,0.0,0.0,0.8333333333333334,0.16666666666666666,0.8333333333333334
935,601,238,149,311,True,False,12,12,0,0,0,0.0,0.0,0.0,0.0,0.0
935,602,238,149,315,True,False,12,12,0,0,0,0.0,0.0,0.0,0.0,0.0
935,603,238,149,390,True,True,12,12,5,46,1,0.0,2.0,3.8333333333333335,0.4166666666666667,3.8333333333333335
935,604,238,149,415,True,False,12,12,0,0,0,0.0,0.0,0.0,0.0,0.0
936,831,238,199,10,True,False,46,46,0,0,0,0.0,0.0,0.0,0.0,0.0
936,832,238,199,39,True,True,46,46,12,59,1,0.0,3.0,1.2826086956521738,0.2608695652173913,1.2826086956521738
936,833,238,199,77,True,False,46,46,0,0,0,0.0,0.0,0.0,0.0,0.0
936,834,238,199,117,True,False,46,46,0,0,0,0.0,0.0,0.0,0.0,0.0
936,835,238,199,170,True,False,46,46,0,0,0,0.0,0.0,0.0,0.0,0.0
936,836,238,199,176,True,False,46,46,0,0,0,0.0,0.0,0.0,0.0,0.0
936,837,238,199,238,True,True,46,46,11,21,2,0.0,0.0,0.45652173913043476,0.2391304347826087,0.45652173913043476
936,838,238,199,252,True,False,46,46,0,0,0,0.0,0.0,0.0,0.0,0.0
936,839,238,199,317,True,True,46,46,8,47,2,0.0,4.0,1.0217391304347827,0.17391304347826086,1.0217391304347827
936,840,238,199,383,True,False,46,46,0,0,0,0.0,0.0,0.0,0.0,0.0
936,841,238,199,387,True,False,46,46,0,0,0,0.0,0.0,0.0,0.0,0.0
936,842,238,199,402,True,False,46,46,0,0,0,0.0,0.0,0.0,0.0,0.0
936,843,238,199,404,True,True,46,46,4,12,1,0.0,0.0,0.2608695652173913,0.08695652173913043,0.2608695652173913
936,844,238,199,462,True,False,46,46,0,0,0,0.0,0.0,0.0,0.0,0.0
936,845,238,199,494,True,True,46,46,31,289,2,0.0,1.0,6.282608695652174,0.6739130434782609,6.282608695652174
937,1184,238,294,21,True,True,193,193,10,11,2,7.0,10.0,0.05699481865284974,0.05181347150259067,0.05699481865284974
937,1185,238,294,22,True,False,193,193,0,0,0,0.0,0.0,0.0,0.0,0.0
937,1186,238,294,61,True,True,193,193,18,30,2,6.0,9.0,0.15544041450777202,0.09326424870466321,0.15544041450777202
937,1187,238,294,117,True,True,193,193,123,942,8,0.0,1.0,4.880829015544041,0.6373056994818653,4.880829015544041
937,1188,238,294,141,True,True,193,193,1,1,1,10.0,10.0,0.0051813471502590676,0.0051813471502590676,0.0051813471502590676
937,1189,238,294,169,True,True,193,193,2,30,1,0.0,3.0,0.15544041450777202,0.010362694300518135,0.15544041450777202
937,1190,238,294,175,True,False,193,193,0,0,0,0.0,0.0,0.0,0.0,0.0
937,1191,238,294,179,True,False,193,193,0,0,0,0.0,0.0,0.0,0.0,0.0
937,1192,238,294,186,True,True,193,193,5,5,1,8.0,9.0,0.025906735751295335,0.025906735751295335,0.025906735751295335
937,1193,238,294,281,True,True,193,193,17,135,2,3.0,8.0,0.6994818652849741,0.08808290155440414,0.6994818652849741
937,1194,238,294,313,True,True,193,193,6,6,1,8.0,9.5,0.031088082901554404,0.031088082901554404,0.031088082901554404
937,1195,238,294,433,True,False,193,193,0,0,0,0.0,0.0,0.0,0.0,0.0
937,1196,238,294,455,True,True,193,193,69,733,10,0.0,6.0,3.7979274611398965,0.35751295336787564,3.7979274611398965
938,1282,238,317,30,True,False,89,89,0,0,0,0.0,0.0,0.0,0.0,0.0
938,1283,238,317,39,True,False,89,89,0,0,0,0.0,0.0,0.0,0.0,0.0
938,1284,238,317,176,True,True,89,89,9,130,1,0.0,3.0,1.4606741573033708,0.10112359550561797,1.4606741573033708
938,1285,238,317,199,True,True,89,89,1,5,1,0.0,0.0,0.056179775280898875,0.011235955056179775,0.056179775280898875
938,1286,238,317,238,True,True,89,89,5,5,1,0.0,0.0,0.056179775280898875,0.056179775280898875,0.056179775280898875
938,1287,238,317,252,True,True,89,89,12,75,2,5.0,9.0,0.8426966292134831,0.1348314606741573,0.8426966292134831
938,1288,238,317,294,True,True,89,89,12,111,1,0.0,1.0,1.247191011235955,0.1348314606741573,1.247191011235955
938,1289,238,317,371,True,False,89,89,0,0,0,0.0,0.0,0.0,0.0,0.0
938,1290,238,317,383,True,True,89,89,16,16,1,0.0,4.0,0.1797752808988764,0.1797752808988764,0.1797752808988764
938,1291,238,317,387,True,True,89,89,16,199,1,0.0,3.0,2.235955056179775,0.1797752808988764,2.235955056179775
938,1292,238,317,404,True,False,89,89,0,0,0,0.0,0.0,0.0,0.0,0.0
938,1293,238,317,455,True,False,89,89,0,0,0,0.0,0.0,0.0,0.0,0.0
938,1294,238,317,462,True,True,89,89,29,275,3,0.0,7.0,3.0898876404494384,0.3258426966292135,3.0898876404494384
938,1295,238,317,494,True,False,89,89,0,0,0,0.0,0.0,0.0,0.0,0.0
939,1534,238,387,6,True,False,52,52,0,0,0,0.0,0.0,0.0,0.0,0.0
939,1535,238,387,10,True,True,52,52,25,97,3,0.0,1.0,1.8653846153846154,0.4807692307692308,1.8653846153846154
939,1536,238,387,117,True,True,52,52,29,177,4,0.0,0.0,3.4038461538461537,0.5576923076923077,3.4038461538461537
939,1537,238,387,175,True,False,52,52,0,0,0,0.0,0.0,0.0,0.0,0.0
939,1538,238,387,281,True,True,52,52,20,265,4,0.0,6.0,5.096153846153846,0.38461538461538464,5.096153846153846
939,1539,238,387,294,True,True,52,52,6,26,1,0.0,2.0,0.5,0.11538461538461539,0.5
939,1540,238,387,309,True,False,52,52,0,0,0,0.0,0.0,0.0,0.0,0.0
939,1541,238,387,383,True,False,52,52,0,0,0,0.0,0.0,0.0,0.0,0.0
939,1542,238,387,455,True,False,52,52,0,0,0,0.0,0.0,0.0,0.0,0.0
940,1598,238,404,10,True,True,78,78,10,82,2,0.0,0.5,1.0512820512820513,0.1282051282051282,1.0512820512820513
940,1599,238,404,39,True,True,78,78,26,214,1,0.0,1.0,2.7435897435897436,0.3333333333333333,2.7435897435897436
940,1600,238,404,84,True,False,78,78,0,0,0,0.0,0.0,0.0,0.0,0.0
940,1601,238,404,115,True,False,78,78,0,0,0,0.0,0.0,0.0,0.0,0.0
940,1602,238,404,117,True,True,78,78,8,24,2,0.0,0.0,0.3076923076923077,0.10256410256410256,0.3076923076923077
940,1603,238,404,169,True,True,78,78,9,76,2,0.0,3.0,0.9743589743589743,0.11538461538461539,0.9743589743589743
940,1604,238,404,199,True,True,78,78,4,6,1,0.0,0.0,0.07692307692307693,0.05128205128205128,0.07692307692307693
940,1605,238,404,217,True,False,78,78,0,0,0,0.0,0.0,0.0,0.0,0.0
940,1606,238,404,262,True,False,78,78,0,0,0,0.0,0.0,0.0,0.0,0.0
940,1607,238,404,294,True,True,78,78,4,12,1,0.0,0.0,0.15384615384615385,0.05128205128205128,0.15384615384615385
940,1608,238,404,309,True,False,78,78,0,0,0,0.0,0.0,0.0,0.0,0.0
940,1609,238,404,316,True,False,78,78,0,0,0,0.0,0.0,0.0,0.0,0.0
940,1610,238,404,317,True,True,78,78,37,175,5,0.0,1.0,2.2435897435897436,0.47435897435897434,2.2435897435897436
940,1611,238,404,383,True,True,78,78,14,75,1,0.0,1.0,0.9615384615384616,0.1794871794871795,0.9615384615384616
940,1612,238,404,385,True,False,78,78,0,0,0,0.0,0.0,0.0,0.0,0.0
940,1613,238,404,387,True,True,78,78,4,12,1,0.0,0.0,0.15384615384615385,0.05128205128205128,0.15384615384615385
940,1614,238,404,389,True,False,78,78,0,0,0,0.0,0.0,0.0,0.0,0.0
940,1615,238,404,433,True,False,78,78,0,0,0,0.0,0.0,0.0,0.0,0.0
940,1616,238,404,474,True,False,78,78,0,0,0,0.0,0.0,0.0,0.0,0.0
940,1617,238,404,494,True,True,78,78,9,49,2,0.0,1.0,0.6282051282051282,0.11538461538461539,0.6282051282051282
941,1844,238,494,16,True,True,50,50,6,80,1,0.0,2.0,1.6,0.12,1.6
941,1845,238,494,39,True,False,50,50,0,0,0,0.0,0.0,0.0,0.0,0.0
941,1846,238,494,109,True,False,50,50,0,0,0,0.0,0.0,0.0,0.0,0.0
941,1847,238,494,117,True,True,50,50,2,2,1,0.0,0.5,0.04,0.04,0.04
941,1848,238,494,169,True,False,50,50,0,0,0,0.0,0.0,0.0,0.0,0.0
941,1849,238,494,170,True,False,50,50,0,0,0,0.0,0.0,0.0,0.0,0.0
941,1850,238,494,176,True,False,50,50,0,0,0,0.0,0.0,0.0,0.0,0.0
941,1851,238,494,199,True,False,50,50,0,0,0,0.0,0.0,0.0,0.0,0.0
941,1852,238,494,238,True,True,50,50,16,115,2,0.0,1.0,2.3,0.32,2.3
941,1853,238,494,252,True,False,50,50,0,0,0,0.0,0.0,0.0,0.0,0.0
941,1854,238,494,294,True,True,50,50,20,257,2,0.0,2.0,5.14,0.4,5.14
941,1855,238,494,311,True,True,50,50,5,39,2,0.0,2.0,0.78,0.1,0.78
941,1856,238,494,317,True,True,50,50,7,31,2,0.0,0.0,0.62,0.14,0.62
941,1857,238,494,383,True,False,50,50,0,0,0,0.0,0.0,0.0,0.0,0.0
941,1858,238,494,404,True,False,50,50,0,0,0,0.0,0.0,0.0,0.0,0.0
941,1859,238,494,455,True,False,50,50,0,0,0,0.0,0.0,0.0,0.0,0.0
941,1860,238,494,462,True,True,50,50,3,18,1,2.0,4.0,0.36,0.06,0.36
941,1861,238,494,474,True,False,50,50,0,0,0,0.0,0.0,0.0,0.0,0.0
942,374,240,85,84,True,False,45,45,0,0,0,0.0,0.0,0.0,0.0,0.0
942,375,240,85,98,True,False,45,45,0,0,0,0.0,0.0,0.0,0.0,0.0
942,376,240,85,115,True,False,45,45,0,0,0,0.0,0.0,0.0,0.0,0.0
942,377,240,85,167,True,False,45,45,0,0,0,0.0,0.0,0.0,0.0,0.0
942,378,240,85,240,True,True,45,45,14,195,1,0.0,3.0,4.333333333333333,0.3111111111111111,4.333333333333333
942,379,240,85,262,True,False,45,45,0,0,0,0.0,0.0,0.0,0.0,0.0
942,380,240,85,309,True,False,45,45,0,0,0,0.0,0.0,0.0,0.0,0.0
942,381,240,85,352,True,False,45,45,0,0,0,0.0,0.0,0.0,0.0,0.0
942,382,240,85,375,True,True,45,45,10,144,2,0.0,4.0,3.2,0.2222222222222222,3.2
942,383,240,85,389,True,False,45,45,0,0,0,0.0,0.0,0.0,0.0,0.0
943,387,240,98,84,True,False,19,19,0,0,0,0.0,0.0,0.0,0.0,0.0
943,388,240,98,85,True,False,19,19,0,0,0,0.0,0.0,0.0,0.0,0.0
943,389,240,98,240,True,True,19,19,4,20,1,0.0,0.0,1.0526315789473684,0.21052631578947367,1.0526315789473684
943,390,240,98,252,True,False,19,19,0,0,0,0.0,0.0,0.0,0.0,0.0
943,391,240,98,402,True,False,19,19,0,0,0,0.0,0.0,0.0,0.0,0.0
944,868,240,208,84,True,False,6,6,0,0,0,0.0,0.0,0.0,0.0,0.0
944,869,240,208,98,True,False,6,6,0,0,0,0.0,0.0,0.0,0.0,0.0
944,870,240,208,133,True,False,6,6,0,0,0,0.0,0.0,0.0,0.0,0.0
944,871,240,208,143,True,False,6,6,0,0,0,0.0,0.0,0.0,0.0,0.0
944,872,240,208,147,True,False,6,6,0,0,0,0.0,0.0,0.0,0.0,0.0
944,873,240,208,240,True,True,6,6,1,5,1,0.0,0.0,0.8333333333333334,0.16666666666666666,0.8333333333333334
944,874,240,208,247,True,False,6,6,0,0,0,0.0,0.0,0.0,0.0,0.0
944,875,240,208,402,True,False,6,6,0,0,0,0.0,0.0,0.0,0.0,0.0
944,876,240,208,432,True,False,6,6,0,0,0,0.0,0.0,0.0,0.0,0.0
945,1197,240,296,84,True,False,102,102,0,0,0,0.0,0.0,0.0,0.0,0.0
945,1198,240,296,98,True,True,102,102,30,261,2,0.0,2.0,2.5588235294117645,0.29411764705882354,2.5588235294117645
945,1199,240,296,147,True,False,102,102,0,0,0,0.0,0.0,0.0,0.0,0.0
945,1200,240,296,208,True,True,102,102,57,320,2,0.0,2.0,3.1372549019607843,0.5588235294117647,3.1372549019607843
945,1201,240,296,240,True,True,102,102,87,582,4,0.0,4.0,5.705882352941177,0.8529411764705882,5.705882352941177
946,30,243,6,13,True,False,5,5,0,0,0,0.0,0.0,0.0,0.0,0.0
946,31,243,6,21,True,False,5,5,0,0,0,0.0,0.0,0.0,0.0,0.0
946,32,243,6,125,True,False,5,5,0,0,0,0.0,0.0,0.0,0.0,0.0
946,33,243,6,156,True,False,5,5,0,0,0,0.0,0.0,0.0,0.0,0.0
946,34,243,6,179,True,False,5,5,0,0,0,0.0,0.0,0.0,0.0,0.0
946,35,243,6,186,True,False,5,5,0,0,0,0.0,0.0,0.0,0.0,0.0
946,36,243,6,243,True,True,5,5,1,1,1,0.0,0.0,0.2,0.2,0.2
946,37,243,6,245,True,False,5,5,0,0,0,0.0,0.0,0.0,0.0,0.0
946,38,243,6,309,True,True,5,5,3,3,1,5.0,6.0,0.6,0.6,0.6
946,39,243,6,313,True,False,5,5,0,0,0,0.0,0.0,0.0,0.0,0.0
946,40,243,6,319,True,False,5,5,0,0,0,0.0,0.0,0.0,0.0,0.0
946,41,243,6,381,True,False,5,5,0,0,0,0.0,0.0,0.0,0.0,0.0
947,117,243,21,12,True,False,8,8,0,0,0,0.0,0.0,0.0,0.0,0.0
947,118,243,21,31,True,False,8,8,0,0,0,0.0,0.0,0.0,0.0,0.0
947,119,243,21,74,True,False,8,8,0,0,0,0.0,0.0,0.0,0.0,0.0
947,120,243,21,121,True,True,8,8,8,8,2,0.0,0.0,1.0,1.0,1.0
947,121,243,21,141,True,False,8,8,0,0,0,0.0,0.0,0.0,0.0,0.0
947,122,243,21,156,True,True,8,8,8,8,2,0.0,0.0,1.0,1.0,1.0
947,123,243,21,186,True,False,8,8,0,0,0,0.0,0.0,0.0,0.0,0.0
947,124,243,21,248,True,False,8,8,0,0,0,0.0,0.0,0.0,0.0,0.0
947,125,243,21,319,True,True,8,8,8,16,2,0.0,0.0,2.0,1.0,2.0
947,126,243,21,381,True,False,8,8,0,0,0,0.0,0.0,0.0,0.0,0.0
947,127,243,21,449,True,True,8,8,8,8,2,0.0,0.0,1.0,1.0,1.0
947,128,243,21,463,True,False,8,8,0,0,0,0.0,0.0,0.0,0.0,0.0
948,366,243,84,24,True,False,4,4,0,0,0,0.0,0.0,0.0,0.0,0.0
948,367,243,84,58,True,False,4,4,0,0,0,0.0,0.0,0.0,0.0,0.0
948,368,243,84,115,True,False,4,4,0,0,0,0.0,0.0,0.0,0.0,0.0
948,369,243,84,316,True,False,4,4,0,0,0,0.0,0.0,0.0,0.0,0.0
948,370,243,84,385,True,True,4,4,3,3,1,0.0,0.0,0.75,0.75,0.75
948,371,243,84,389,True,False,4,4,0,0,0,0.0,0.0,0.0,0.0,0.0
948,372,243,84,402,True,True,4,4,3,12,1,0.0,0.0,3.0,0.75,3.0
948,373,243,84,474,True,False,4,4,0,0,0,0.0,0.0,0.0,0.0,0.0
949,374,243,85,84,True,False,5,5,0,0,0,0.0,0.0,0.0,0.0,0.0
949,375,243,85,98,True,False,5,5,0,0,0,0.0,0.0,0.0,0.0,0.0
949,376,243,85,115,True,True,5,5,4,20,1,0.0,0.0,4.0,0.8,4.0
949,377,243,85,167,True,False,5,5,0,0,0,0.0,0.0,0.0,0.0,0.0
949,378,243,85,240,True,False,5,5,0,0,0,0.0,0.0,0.0,0.0,0.0
949,379,243,85,262,True,False,5,5,0,0,0,0.0,0.0,0.0,0.0,0.0
949,380,243,85,309,True,False,5,5,0,0,0,0.0,0.0,0.0,0.0,0.0
949,381,243,85,352,True,False,5,5,0,0,0,0.0,0.0,0.0,0.0,0.0
949,382,243,85,375,True,False,5,5,0,0,0,0.0,0.0,0.0,0.0,0.0
949,383,243,85,389,True,False,5,5,0,0,0,0.0,0.0,0.0,0.0,0.0
950,437,243,115,58,True,False,35,35,0,0,0,0.0,0.0,0.0,0.0,0.0
950,438,243,115,84,True,False,35,35,0,0,0,0.0,0.0,0.0,0.0,0.0
950,439,243,115,85,True,True,35,35,5,5,1,0.0,0.0,0.14285714285714285,0.14285714285714285,0.14285714285714285
950,440,243,115,217,True,True,35,35,9,65,1,0.0,0.0,1.8571428571428572,0.2571428571428571,1.8571428571428572
950,441,243,115,316,True,False,35,35,0,0,0,0.0,0.0,0.0,0.0,0.0
950,442,243,115,375,True,False,35,35,0,0,0,0.0,0.0,0.0,0.0,0.0
950,443,243,115,389,True,False,35,35,0,0,0,0.0,0.0,0.0,0.0,0.0
950,444,243,115,402,True,False,35,35,0,0,0,0.0,0.0,0.0,0.0,0.0
950,445,243,115,474,True,False,35,35,0,0,0,0.0,0.0,0.0,0.0,0.0
951,474,243,125,6,True,False,29,29,0,0,0,0.0,0.0,0.0,0.0,0.0
951,475,243,125,23,True,False,29,29,0,0,0,0.0,0.0,0.0,0.0,0.0
951,476,243,125,217,True,True,29,29,15,225,1,2.0,7.0,7.758620689655173,0.5172413793103449,7.758620689655173
951,477,243,125,247,True,False,29,29,0,0,0,0.0,0.0,0.0,0.0,0.0
951,478,243,125,296,True,False,29,29,0,0,0,0.0,0.0,0.0,0.0,0.0
951,479,243,125,309,True,True,29,29,14,155,1,0.0,1.0,5.344827586206897,0.4827586206896552,5.344827586206897
951,480,243,125,385,True,False,29,29,0,0,0,0.0,0.0,0.0,0.0,0.0
951,481,243,125,402,True,False,29,29,0,0,0,0.0,0.0,0.0,0.0,0.0
952,489,243,129,13,True,True,37,37,34,106,8,0.0,1.0,2.864864864864865,0.918918918918919,2.864864864864865
952,490,243,129,34,True,False,37,37,0,0,0,0.0,0.0,0.0,0.0,0.0
952,491,243,129,58,True,False,37,37,0,0,0,0.0,0.0,0.0,0.0,0.0
952,492,243,129,169,True,True,37,37,22,28,5,0.0,1.0,0.7567567567567568,0.5945945945945946,0.7567567567567568
952,493,243,129,217,True,False,37,37,0,0,0,0.0,0.0,0.0,0.0,0.0
952,494,243,129,243,True,False,37,37,0,0,0,0.0,0.0,0.0,0.0,0.0
952,495,243,129,256,True,True,37,37,16,29,5,0.0,1.0,0.7837837837837838,0.43243243243243246,0.7837837837837838
952,496,243,129,262,True,False,37,37,0,0,0,0.0,0.0,0.0,0.0,0.0
952,497,243,129,433,True,False,37,37,0,0,0,0.0,0.0,0.0,0.0,0.0
952,498,243,129,455,True,True,37,37,15,21,4,0.0,1.0,0.5675675675675675,0.40540540540540543,0.5675675675675675
952,499,243,129,472,True,False,37,37,0,0,0,0.0,0.0,0.0,0.0,0.0
953,620,243,156,12,True,False,7,7,0,0,0,0.0,0.0,0.0,0.0,0.0
953,621,243,156,22,True,False,7,7,0,0,0,0.0,0.0,0.0,0.0,0.0
953,622,243,156,58,True,False,7,7,0,0,0,0.0,0.0,0.0,0.0,0.0
953,623,243,156,113,True,False,7,7,0,0,0,0.0,0.0,0.0,0.0,0.0
953,624,243,156,121,True,True,7,7,7,17,6,0.0,0.0,2.4285714285714284,1.0,2.4285714285714284
953,625,243,156,139,True,False,7,7,0,0,0,0.0,0.0,0.0,0.0,0.0
953,626,243,156,144,True,False,7,7,0,0,0,0.0,0.0,0.0,0.0,0.0
953,627,243,156,243,True,False,7,7,0,0,0,0.0,0.0,0.0,0.0,0.0
953,628,243,156,248,True,False,7,7,0,0,0,0.0,0.0,0.0,0.0,0.0
953,629,243,156,251,True,True,7,7,5,10,4,0.0,0.5,1.4285714285714286,0.7142857142857143,1.4285714285714286
953,630,243,156,262,True,False,7,7,0,0,0,0.0,0.0,0.0,0.0,0.0
953,631,243,156,273,True,False,7,7,0,0,0,0.0,0.0,0.0,0.0,0.0
953,632,243,156,321,True,False,7,7,0,0,0,0.0,0.0,0.0,0.0,0.0
953,633,243,156,449,True,True,7,7,6,9,5,0.0,0.0,1.2857142857142858,0.8571428571428571,1.2857142857142858
953,634,243,156,463,True,False,7,7,0,0,0,0.0,0.0,0.0,0.0,0.0
953,635,243,156,481,True,False,7,7,0,0,0,0.0,0.0,0.0,0.0,0.0
954,780,243,179,13,True,True,12,12,11,13,5,0.0,0.0,1.0833333333333333,0.9166666666666666,1.0833333333333333
954,781,243,179,34,True,False,12,12,0,0,0,0.0,0.0,0.0,0.0,0.0
954,782,243,179,43,True,False,12,12,0,0,0,0.0,0.0,0.0,0.0,0.0
954,783,243,179,129,True,True,12,12,12,37,6,0.0,0.0,3.0833333333333335,1.0,3.0833333333333335
954,784,243,179,245,True,False,12,12,0,0,0,0.0,0.0,0.0,0.0,0.0
954,785,243,179,253,True,False,12,12,0,0,0,0.0,0.0,0.0,0.0,0.0
954,786,243,179,256,True,False,12,12,0,0,0,0.0,0.0,0.0,0.0,0.0
954,787,243,179,313,True,False,12,12,0,0,0,0.0,0.0,0.0,0.0,0.0
954,788,243,179,353,True,False,12,12,0,0,0,0.0,0.0,0.0,0.0,0.0
954,789,243,179,472,True,False,12,12,0,0,0,0.0,0.0,0.0,0.0,0.0
954,790,243,179,488,True,False,12,12,0,0,0,0.0,0.0,0.0,0.0,0.0
955,831,243,199,10,True,False,5,5,0,0,0,0.0,0.0,0.0,0.0,0.0
955,832,243,199,39,True,False,5,5,0,0,0,0.0,0.0,0.0,0.0,0.0
955,833,243,199,77,True,False,5,5,0,0,0,0.0,0.0,0.0,0.0,0.0
955,834,243,199,117,True,False,5,5,0,0,0,0.0,0.0,0.0,0.0,0.0
955,835,243,199,170,True,False,5,5,0,0,0,0.0,0.0,0.0,0.0,0.0
955,836,243,199,176,True,False,5,5,0,0,0,0.0,0.0,0.0,0.0,0.0
955,837,243,199,238,True,False,5,5,0,0,0,0.0,0.0,0.0,0.0,0.0
955,838,243,199,252,True,False,5,5,0,0,0,0.0,0.0,0.0,0.0,0.0
955,839,243,199,317,True,False,5,5,0,0,0,0.0,0.0,0.0,0.0,0.0
955,840,243,199,383,True,False,5,5,0,0,0,0.0,0.0,0.0,0.0,0.0
955,841,243,199,387,True,False,5,5,0,0,0,0.0,0.0,0.0,0.0,0.0
955,842,243,199,402,True,True,5,5,3,5,1,0.0,0.0,1.0,0.6,1.0
955,843,243,199,404,True,False,5,5,0,0,0,0.0,0.0,0.0,0.0,0.0
955,844,243,199,462,True,False,5,5,0,0,0,0.0,0.0,0.0,0.0,0.0
955,845,243,199,494,True,False,5,5,0,0,0,0.0,0.0,0.0,0.0,0.0
956,878,243,217,6,True,False,117,117,0,0,0,0.0,0.0,0.0,0.0,0.0
956,879,243,217,13,True,True,117,117,3,3,1,0.0,1.0,0.02564102564102564,0.02564102564102564,0.02564102564102564
956,880,243,217,21,True,False,117,117,0,0,0,0.0,0.0,0.0,0.0,0.0
956,881,243,217,58,True,False,117,117,0,0,0,0.0,0.0,0.0,0.0,0.0
956,882,243,217,129,True,True,117,117,16,30,3,0.0,2.0,0.2564102564102564,0.13675213675213677,0.2564102564102564
956,883,243,217,156,True,True,117,117,21,21,2,5.0,8.0,0.1794871794871795,0.1794871794871795,0.1794871794871795
956,884,243,217,179,True,False,117,117,0,0,0,0.0,0.0,0.0,0.0,0.0
956,885,243,217,186,True,True,117,117,5,10,1,9.0,9.5,0.08547008547008547,0.042735042735042736,0.08547008547008547
956,886,243,217,243,True,True,117,117,29,237,5,0.0,2.0,2.0256410256410255,0.24786324786324787,2.0256410256410255
956,887,243,217,319,True,True,117,117,21,105,2,3.0,8.0,0.8974358974358975,0.1794871794871795,0.8974358974358975
956,888,243,217,385,True,False,117,117,0,0,0,0.0,0.0,0.0,0.0,0.0
957,1299,243,319,6,True,False,26,26,0,0,0,0.0,0.0,0.0,0.0,0.0
957,1300,243,319,12,True,False,26,26,0,0,0,0.0,0.0,0.0,0.0,0.0
957,1301,243,319,74,True,False,26,26,0,0,0,0.0,0.0,0.0,0.0,0.0
957,1302,243,319,113,True,False,26,26,0,0,0,0.0,0.0,0.0,0.0,0.0
957,1303,243,319,121,True,True,26,26,26,82,6,0.0,0.0,3.1538461538461537,1.0,3.1538461538461537
957,1304,243,319,156,True,True,26,26,26,49,6,0.0,0.0,1.8846153846153846,1.0,1.8846153846153846
957,1305,243,319,243,True,False,26,26,0,0,0,0.0,0.0,0.0,0.0,0.0
957,1306,243,319,251,True,True,26,26,11,11,3,0.0,1.0,0.4230769230769231,0.4230769230769231,0.4230769230769231
957,1307,243,319,321,True,False,26,26,0,0,0,0.0,0.0,0.0,0.0,0.0
957,1308,243,319,361,True,False,26,26,0,0,0,0.0,0.0,0.0,0.0,0.0
957,1309,243,319,449,True,True,26,26,21,33,5,0.0,0.0,1.2692307692307692,0.8076923076923077,1.2692307692307692
957,1310,243,319,463,True,False,26,26,0,0,0,0.0,0.0,0.0,0.0,0.0
957,1311,243,319,481,True,False,26,26,0,0,0,0.0,0.0,0.0,0.0,0.0
958,1521,243,385,23,True,True,216,216,13,112,2,0.0,1.0,0.5185185185185185,0.06018518518518518,0.5185185185185185
958,1522,243,385,24,True,True,216,216,27,222,2,2.0,7.0,1.0277777777777777,0.125,1.0277777777777777
958,1523,243,385,84,True,True,216,216,59,674,5,0.0,5.0,3.1203703703703702,0.27314814814814814,3.1203703703703702
958,1524,243,385,85,True,True,216,216,15,157,2,0.0,1.0,0.7268518518518519,0.06944444444444445,0.7268518518518519
958,1525,243,385,157,True,True,216,216,1,2,1,0.0,0.0,0.009259259259259259,0.004629629629629629,0.009259259259259259
958,1526,243,385,217,True,True,216,216,45,670,3,0.0,6.0,3.1018518518518516,0.20833333333333334,3.1018518518518516
958,1527,243,385,224,True,True,216,216,1,1,1,10.0,10.0,0.004629629629629629,0.004629629629629629,0.004629629629629629
958,1528,243,385,243,True,False,216,216,0,0,0,0.0,0.0,0.0,0.0,0.0
958,1529,243,385,296,True,True,216,216,1,1,1,10.0,10.0,0.004629629629629629,0.004629629629629629,0.004629629629629629
958,1530,243,385,316,True,True,216,216,3,30,1,0.0,1.0,0.1388888888888889,0.013888888888888888,0.1388888888888889
958,1531,243,385,389,True,True,216,216,15,210,1,0.0,3.0,0.9722222222222222,0.06944444444444445,0.9722222222222222
958,1532,243,385,402,True,True,216,216,19,111,3,0.0,1.0,0.5138888888888888,0.08796296296296297,0.5138888888888888
958,1533,243,385,474,True,False,216,216,0,0,0,0.0,0.0,0.0,0.0,0.0
959,1583,243,402,7,True,False,6,6,0,0,0,0.0,0.0,0.0,0.0,0.0
959,1584,243,402,24,True,False,6,6,0,0,0,0.0,0.0,0.0,0.0,0.0
959,1585,243,402,77,True,True,6,6,1,12,1,0.0,1.0,2.0,0.16666666666666666,2.0
959,1586,243,402,84,True,False,6,6,0,0,0,0.0,0.0,0.0,0.0,0.0
959,1587,243,402,98,True,False,6,6,0,0,0,0.0,0.0,0.0,0.0,0.0
959,1588,243,402,115,True,True,6,6,2,10,2,0.0,1.0,1.6666666666666667,0.3333333333333333,1.6666666666666667
959,1589,243,402,147,True,False,6,6,0,0,0,0.0,0.0,0.0,0.0,0.0
959,1590,243,402,217,True,False,6,6,0,0,0,0.0,0.0,0.0,0.0,0.0
959,1591,243,402,247,True,False,6,6,0,0,0,0.0,0.0,0.0,0.0,0.0
959,1592,243,402,309,True,False,6,6,0,0,0,0.0,0.0,0.0,0.0,0.0
959,1593,243,402,316,True,False,6,6,0,0,0,0.0,0.0,0.0,0.0,0.0
959,1594,243,402,352,True,True,6,6,2,17,2,0.0,2.0,2.8333333333333335,0.3333333333333333,2.8333333333333335
959,1595,243,402,375,True,True,6,6,1,10,1,5.0,7.0,1.6666666666666667,0.16666666666666666,1.6666666666666667
959,1596,243,402,385,True,False,6,6,0,0,0,0.0,0.0,0.0,0.0,0.0
959,1597,243,402,474,True,False,6,6,0,0,0,0.0,0.0,0.0,0.0,0.0
960,1872,243,508,39,True,False,79,79,0,0,0,0.0,0.0,0.0,0.0,0.0
960,1873,243,508,84,True,True,79,79,21,72,2,0.0,4.0,0.9113924050632911,0.26582278481012656,0.9113924050632911
960,1874,243,508,115,True,True,79,79,25,116,2,0.0,2.0,1.4683544303797469,0.31645569620253167,1.4683544303797469
960,1875,243,508,117,True,False,79,79,0,0,0,0.0,0.0,0.0,0.0,0.0
960,1876,243,508,169,True,False,79,79,0,0,0,0.0,0.0,0.0,0.0,0.0
960,1877,243,508,199,True,False,79,79,0,0,0,0.0,0.0,0.0,0.0,0.0
960,1878,243,508,238,True,False,79,79,0,0,0,0.0,0.0,0.0,0.0,0.0
960,1879,243,508,252,True,False,79,79,0,0,0,0.0,0.0,0.0,0.0,0.0
960,1880,243,508,316,True,True,79,79,24,119,2,0.0,4.0,1.5063291139240507,0.3037974683544304,1.5063291139240507
960,1881,243,508,317,True,False,79,79,0,0,0,0.0,0.0,0.0,0.0,0.0
960,1882,243,508,335,True,False,79,79,0,0,0,0.0,0.0,0.0,0.0,0.0
960,1883,243,508,433,True,False,79,79,0,0,0,0.0,0.0,0.0,0.0,0.0
960,1884,243,508,455,True,False,79,79,0,0,0,0.0,0.0,0.0,0.0,0.0
960,1885,243,508,485,True,False,79,79,0,0,0,0.0,0.0,0.0,0.0,0.0
960,1886,243,508,494,True,False,79,79,0,0,0,0.0,0.0,0.0,0.0,0.0
961,93,245,13,6,True,False,171,171,0,0,0,0.0,0.0,0.0,0.0,0.0
961,94,245,13,34,True,True,171,171,51,117,15,0.0,0.0,0.6842105263157895,0.2982456140350877,0.6842105263157895
961,95,245,13,58,True,True,171,171,9,10,4,0.0,0.0,0.05847953216374269,0.05263157894736842,0.05847953216374269
961,96,245,13,169,True,True,171,171,11,22,5,0.0,0.0,0.1286549707602339,0.06432748538011696,0.1286549707602339
961,97,245,13,243,True,True,171,171,7,12,2,0.0,0.0,0.07017543859649122,0.04093567251461988,0.07017543859649122
961,98,245,13,256,True,True,171,171,78,92,25,0.0,0.0,0.5380116959064327,0.45614035087719296,0.5380116959064327
961,99,245,13,262,True,True,171,171,2,4,1,0.0,0.0,0.023391812865497075,0.011695906432748537,0.023391812865497075
961,100,245,13,281,True,True,171,171,9,19,3,0.0,0.0,0.1111111111111111,0.05263157894736842,0.1111111111111111
961,101,245,13,335,True,False,171,171,0,0,0,0.0,0.0,0.0,0.0,0.0
961,102,245,13,353,True,True,171,171,19,28,4,0.0,0.0,0.16374269005847952,0.1111111111111111,0.16374269005847952
961,103,245,13,361,True,False,171,171,0,0,0,0.0,0.0,0.0,0.0,0.0
961,104,245,13,433,True,True,171,171,66,167,20,0.0,0.0,0.9766081871345029,0.38596491228070173,0.9766081871345029
961,105,245,13,455,True,True,171,171,3,7,2,0.0,0.0,0.04093567251461988,0.017543859649122806,0.04093567251461988
961,106,245,13,472,True,True,171,171,51,56,13,0.0,0.0,0.32748538011695905,0.2982456140350877,0.32748538011695905
961,107,245,13,508,True,True,171,171,8,8,3,0.0,0.0,0.04678362573099415,0.04678362573099415,0.04678362573099415
962,205,245,34,6,True,False,80,80,0,0,0,0.0,0.0,0.0,0.0,0.0
962,206,245,34,58,True,True,80,80,21,29,6,0.0,0.0,0.3625,0.2625,0.3625
962,207,245,34,113,True,False,80,80,0,0,0,0.0,0.0,0.0,0.0,0.0
962,208,245,34,217,True,False,80,80,0,0,0,0.0,0.0,0.0,0.0,0.0
962,209,245,34,243,True,True,80,80,5,8,1,0.0,0.0,0.1,0.0625,0.1
962,210,245,34,251,True,False,80,80,0,0,0,0.0,0.0,0.0,0.0,0.0
962,211,245,34,262,True,False,80,80,0,0,0,0.0,0.0,0.0,0.0,0.0
962,212,245,34,321,True,False,80,80,0,0,0,0.0,0.0,0.0,0.0,0.0
962,213,245,34,361,True,False,80,80,0,0,0,0.0,0.0,0.0,0.0,0.0
962,214,245,34,481,True,False,80,80,0,0,0,0.0,0.0,0.0,0.0,0.0
962,215,245,34,508,True,False,80,80,0,0,0,0.0,0.0,0.0,0.0,0.0
963,281,245,58,13,True,False,8,8,0,0,0,0.0,0.0,0.0,0.0,0.0
963,282,245,58,21,True,False,8,8,0,0,0,0.0,0.0,0.0,0.0,0.0
963,283,245,58,84,True,False,8,8,0,0,0,0.0,0.0,0.0,0.0,0.0
963,284,245,58,129,True,False,8,8,0,0,0,0.0,0.0,0.0,0.0,0.0
963,285,245,58,156,True,False,8,8,0,0,0,0.0,0.0,0.0,0.0,0.0
963,286,245,58,179,True,False,8,8,0,0,0,0.0,0.0,0.0,0.0,0.0
963,287,245,58,186,True,False,8,8,0,0,0,0.0,0.0,0.0,0.0,0.0
963,288,245,58,243,True,False,8,8,0,0,0,0.0,0.0,0.0,0.0,0.0
963,289,245,58,245,True,False,8,8,0,0,0,0.0,0.0,0.0,0.0,0.0
963,290,245,58,381,True,False,8,8,0,0,0,0.0,0.0,0.0,0.0,0.0
963,291,245,58,389,True,False,8,8,0,0,0,0.0,0.0,0.0,0.0,0.0
963,292,245,58,449,True,False,8,8,0,0,0,0.0,0.0,0.0,0.0,0.0
964,489,245,129,13,True,True,15,15,15,22,8,0.0,0.0,1.4666666666666666,1.0,1.4666666666666666
964,490,245,129,34,True,True,15,15,8,15,4,0.0,0.0,1.0,0.5333333333333333,1.0
964,491,245,129,58,True,True,15,15,4,4,2,0.0,0.0,0.26666666666666666,0.26666666666666666,0.26666666666666666
964,492,245,129,169,True,False,15,15,0,0,0,0.0,0.0,0.0,0.0,0.0
964,493,245,129,217,True,False,15,15,0,0,0,0.0,0.0,0.0,0.0,0.0
964,494,245,129,243,True,True,15,15,3,8,1,0.0,1.0,0.5333333333333333,0.2,0.5333333333333333
964,495,245,129,256,True,True,15,15,7,8,4,0.0,0.0,0.5333333333333333,0.4666666666666667,0.5333333333333333
964,496,245,129,262,True,False,15,15,0,0,0,0.0,0.0,0.0,0.0,0.0
964,497,245,129,433,True,True,15,15,4,4,2,0.0,0.0,0.26666666666666666,0.26666666666666666,0.26666666666666666
964,498,245,129,455,True,True,15,15,2,2,1,0.0,0.5,0.13333333333333333,0.13333333333333333,0.13333333333333333
964,499,245,129,472,True,True,15,15,5,9,3,0.0,0.0,0.6,0.3333333333333333,0.6
965,703,245,169,13,True,False,17,17,0,0,0,0.0,0.0,0.0,0.0,0.0
965,704,245,169,21,True,False,17,17,0,0,0,0.0,0.0,0.0,0.0,0.0
965,705,245,169,39,True,True,17,17,10,103,4,0.0,5.0,6.0588235294117645,0.5882352941176471,6.0588235294117645
965,706,245,169,61,True,False,17,17,0,0,0,0.0,0.0,0.0,0.0,0.0
965,707,245,169,129,True,False,17,17,0,0,0,0.0,0.0,0.0,0.0,0.0
965,708,245,169,139,True,True,17,17,2,5,2,0.0,1.0,0.29411764705882354,0.11764705882352941,0.29411764705882354
965,709,245,169,141,True,False,17,17,0,0,0,0.0,0.0,0.0,0.0,0.0
965,710,245,169,156,True,False,17,17,0,0,0,0.0,0.0,0.0,0.0,0.0
965,711,245,169,179,True,False,17,17,0,0,0,0.0,0.0,0.0,0.0,0.0
965,712,245,169,186,True,False,17,17,0,0,0,0.0,0.0,0.0,0.0,0.0
965,713,245,169,199,True,True,17,17,3,25,3,0.0,1.0,1.4705882352941178,0.17647058823529413,1.4705882352941178
965,714,245,169,248,True,False,17,17,0,0,0,0.0,0.0,0.0,0.0,0.0
965,715,245,169,383,True,False,17,17,0,0,0,0.0,0.0,0.0,0.0,0.0
965,716,245,169,433,True,True,17,17,1,9,1,0.0,1.0,0.5294117647058824,0.058823529411764705,0.5294117647058824
965,717,245,169,455,True,True,17,17,1,3,1,0.0,1.0,0.17647058823529413,0.058823529411764705,0.17647058823529413
965,718,245,169,508,True,True,17,17,8,73,4,0.0,1.0,4.294117647058823,0.47058823529411764,4.294117647058823
966,1019,245,253,2,True,False,17,17,0,0,0,0.0,0.0,0.0,0.0,0.0
966,1020,245,253,22,True,True,17,17,2,3,1,0.0,0.0,0.17647058823529413,0.11764705882352941,0.17647058823529413
966,1021,245,253,139,True,True,17,17,2,2,1,0.0,0.5,0.11764705882352941,0.11764705882352941,0.11764705882352941
966,1022,245,253,144,True,False,17,17,0,0,0,0.0,0.0,0.0,0.0,0.0
966,1023,245,253,175,True,False,17,17,0,0,0,0.0,0.0,0.0,0.0,0.0
966,1024,245,253,256,True,True,17,17,17,33,8,0.0,0.0,1.9411764705882353,1.0,1.9411764705882353
966,1025,245,253,273,True,False,17,17,0,0,0,0.0,0.0,0.0,0.0,0.0
966,1026,245,253,353,True,False,17,17,0,0,0,0.0,0.0,0.0,0.0,0.0
967,1027,245,256,22,True,True,87,87,1,1,1,0.0,0.0,0.011494252873563218,0.011494252873563218,0.011494252873563218
967,1028,245,256,117,True,False,87,87,0,0,0,0.0,0.0,0.0,0.0,0.0
967,1029,245,256,139,True,True,87,87,5,10,3,0.0,0.0,0.11494252873563218,0.05747126436781609,0.11494252873563218
967,1030,245,256,144,True,False,87,87,0,0,0,0.0,0.0,0.0,0.0,0.0
967,1031,245,256,169,True,True,87,87,4,10,2,0.0,0.0,0.11494252873563218,0.04597701149425287,0.11494252873563218
967,1032,245,256,175,True,False,87,87,0,0,0,0.0,0.0,0.0,0.0,0.0
967,1033,245,256,199,True,True,87,87,5,8,3,0.0,0.0,0.09195402298850575,0.05747126436781609,0.09195402298850575
967,1034,245,256,273,True,False,87,87,0,0,0,0.0,0.0,0.0,0.0,0.0
967,1035,245,256,281,True,True,87,87,8,48,2,0.0,0.0,0.5517241379310345,0.09195402298850575,0.5517241379310345
967,1036,245,256,433,True,True,87,87,45,155,20,0.0,0.0,1.7816091954022988,0.5172413793103449,1.7816091954022988
967,1037,245,256,455,True,True,87,87,2,2,1,0.0,0.0,0.022988505747126436,0.022988505747126436,0.022988505747126436
967,1038,245,256,508,True,True,87,87,7,22,4,0.0,0.0,0.25287356321839083,0.08045977011494253,0.25287356321839083
968,1153,245,281,13,True,False,3,3,0,0,0,0.0,0.0,0.0,0.0,0.0
968,1154,245,281,21,True,False,3,3,0,0,0,0.0,0.0,0.0,0.0,0.0
968,1155,245,281,61,True,False,3,3,0,0,0,0.0,0.0,0.0,0.0,0.0
968,1156,245,281,74,True,False,3,3,0,0,0,0.0,0.0,0.0,0.0,0.0
968,1157,245,281,117,True,True,3,3,2,6,2,4.0,9.0,2.0,0.6666666666666666,2.0
968,1158,245,281,141,True,False,3,3,0,0,0,0.0,0.0,0.0,0.0,0.0
968,1159,245,281,179,True,False,3,3,0,0,0,0.0,0.0,0.0,0.0,0.0
968,1160,245,281,186,True,False,3,3,0,0,0,0.0,0.0,0.0,0.0,0.0
968,1161,245,281,199,True,False,3,3,0,0,0,0.0,0.0,0.0,0.0,0.0
968,1162,245,281,313,True,False,3,3,0,0,0,0.0,0.0,0.0,0.0,0.0
968,1163,245,281,387,True,False,3,3,0,0,0,0.0,0.0,0.0,0.0,0.0
969,1252,245,313,6,True,False,6,6,0,0,0,0.0,0.0,0.0,0.0,0.0
969,1253,245,313,13,True,True,6,6,6,10,3,0.0,0.0,1.6666666666666667,1.0,1.6666666666666667
969,1254,245,313,34,True,True,6,6,2,3,1,0.0,0.0,0.5,0.3333333333333333,0.5
969,1255,245,313,43,True,False,6,6,0,0,0,0.0,0.0,0.0,0.0,0.0
969,1256,245,313,243,True,False,6,6,0,0,0,0.0,0.0,0.0,0.0,0.0
969,1257,245,313,256,True,True,6,6,3,6,1,0.0,0.5,1.0,0.5,1.0
969,1258,245,313,281,True,True,6,6,3,8,1,0.0,1.0,1.3333333333333333,0.5,1.3333333333333333
969,1259,245,313,353,True,True,6,6,1,1,1,0.0,0.0,0.16666666666666666,0.16666666666666666,0.16666666666666666
969,1260,245,313,361,True,False,6,6,0,0,0,0.0,0.0,0.0,0.0,0.0
969,1261,245,313,455,True,False,6,6,0,0,0,0.0,0.0,0.0,0.0,0.0
969,1262,245,313,472,True,True,6,6,3,7,2,0.0,0.0,1.1666666666666667,0.5,1.1666666666666667
970,1398,245,353,2,True,False,24,24,0,0,0,0.0,0.0,0.0,0.0,0.0
970,1399,245,353,113,True,False,24,24,0,0,0,0.0,0.0,0.0,0.0,0.0
970,1400,245,353,139,True,False,24,24,0,0,0,0.0,0.0,0.0,0.0,0.0
970,1401,245,353,144,True,False,24,24,0,0,0,0.0,0.0,0.0,0.0,0.0
970,1402,245,353,175,True,False,24,24,0,0,0,0.0,0.0,0.0,0.0,0.0
970,1403,245,353,321,True,False,24,24,0,0,0,0.0,0.0,0.0,0.0,0.0
970,1404,245,353,335,True,False,24,24,0,0,0,0.0,0.0,0.0,0.0,0.0
970,1405,245,353,455,True,False,24,24,0,0,0,0.0,0.0,0.0,0.0,0.0
970,1406,245,353,481,True,False,24,24,0,0,0,0.0,0.0,0.0,0.0,0.0
970,1407,245,353,508,True,False,24,24,0,0,0,0.0,0.0,0.0,0.0,0.0
971,1687,245,433,13,True,False,44,44,0,0,0,0.0,0.0,0.0,0.0,0.0
971,1688,245,433,21,True,False,44,44,0,0,0,0.0,0.0,0.0,0.0,0.0
971,1689,245,433,39,True,True,44,44,3,19,2,6.0,9.0,0.4318181818181818,0.06818181818181818,0.4318181818181818
971,1690,245,433,61,True,False,44,44,0,0,0,0.0,0.0,0.0,0.0,0.0
971,1691,245,433,74,True,False,44,44,0,0,0,0.0,0.0,0.0,0.0,0.0
971,1692,245,433,129,True,False,44,44,0,0,0,0.0,0.0,0.0,0.0,0.0
971,1693,245,433,141,True,False,44,44,0,0,0,0.0,0.0,0.0,0.0,0.0
971,1694,245,433,156,True,False,44,44,0,0,0,0.0,0.0,0.0,0.0,0.0
971,1695,245,433,169,True,False,44,44,0,0,0,0.0,0.0,0.0,0.0,0.0
971,1696,245,433,179,True,False,44,44,0,0,0,0.0,0.0,0.0,0.0,0.0
971,1697,245,433,186,True,False,44,44,0,0,0,0.0,0.0,0.0,0.0,0.0
971,1698,245,433,199,True,True,44,44,3,30,1,0.0,1.0,0.6818181818181818,0.06818181818181818,0.6818181818181818
971,1699,245,433,245,True,False,44,44,0,0,0,0.0,0.0,0.0,0.0,0.0
971,1700,245,433,248,True,False,44,44,0,0,0,0.0,0.0,0.0,0.0,0.0
971,1701,245,433,381,True,False,44,44,0,0,0,0.0,0.0,0.0,0.0,0.0
971,1702,245,433,508,True,True,44,44,3,24,3,0.0,0.5,0.5454545454545454,0.06818181818181818,0.5454545454545454
972,1770,245,472,6,True,False,84,84,0,0,0,0.0,0.0,0.0,0.0,0.0
972,1771,245,472,34,True,True,84,84,65,112,14,0.0,0.0,1.3333333333333333,0.7738095238095238,1.3333333333333333
972,1772,245,472,58,True,True,84,84,28,46,7,0.0,0.0,0.5476190476190477,0.3333333333333333,0.5476190476190477
972,1773,245,472,217,True,False,84,84,0,0,0,0.0,0.0,0.0,0.0,0.0
972,1774,245,472,243,True,False,84,84,0,0,0,0.0,0.0,0.0,0.0,0.0
972,1775,245,472,256,True,True,84,84,3,3,1,0.0,0.0,0.03571428571428571,0.03571428571428571,0.03571428571428571
972,1776,245,472,262,True,False,84,84,0,0,0,0.0,0.0,0.0,0.0,0.0
972,1777,245,472,281,True,False,84,84,0,0,0,0.0,0.0,0.0,0.0,0.0
972,1778,245,472,335,True,False,84,84,0,0,0,0.0,0.0,0.0,0.0,0.0
972,1779,245,472,353,True,True,84,84,16,25,3,0.0,0.0,0.2976190476190476,0.19047619047619047,0.2976190476190476
972,1780,245,472,361,True,False,84,84,0,0,0,0.0,0.0,0.0,0.0,0.0
972,1781,245,472,433,True,True,84,84,6,15,2,0.0,0.0,0.17857142857142858,0.07142857142857142,0.17857142857142858
973,474,247,125,6,True,False,18,18,0,0,0,0.0,0.0,0.0,0.0,0.0
973,475,247,125,23,True,False,18,18,0,0,0,0.0,0.0,0.0,0.0,0.0
973,476,247,125,217,True,False,18,18,0,0,0,0.0,0.0,0.0,0.0,0.0
973,477,247,125,247,True,False,18,18,0,0,0,0.0,0.0,0.0,0.0,0.0
973,478,247,125,296,True,False,18,18,0,0,0,0.0,0.0,0.0,0.0,0.0
973,479,247,125,309,True,False,18,18,0,0,0,0.0,0.0,0.0,0.0,0.0
973,480,247,125,385,True,False,18,18,0,0,0,0.0,0.0,0.0,0.0,0.0
973,481,247,125,402,True,False,18,18,0,0,0,0.0,0.0,0.0,0.0,0.0
974,665,247,163,259,True,True,13,13,10,15,2,0.0,0.0,1.1538461538461537,0.7692307692307693,1.1538461538461537
974,666,247,163,288,True,False,13,13,0,0,0,0.0,0.0,0.0,0.0,0.0
974,667,247,163,371,True,True,13,13,5,5,1,0.0,0.0,0.38461538461538464,0.38461538461538464,0.38461538461538464
974,668,247,163,410,True,False,13,13,0,0,0,0.0,0.0,0.0,0.0,0.0
975,1049,247,259,1,True,False,14,14,0,0,0,0.0,0.0,0.0,0.0,0.0
975,1050,247,259,30,True,False,14,14,0,0,0,0.0,0.0,0.0,0.0,0.0
975,1051,247,259,109,True,False,14,14,0,0,0,0.0,0.0,0.0,0.0,0.0
975,1052,247,259,146,True,False,14,14,0,0,0,0.0,0.0,0.0,0.0,0.0
975,1053,247,259,149,True,False,14,14,0,0,0,0.0,0.0,0.0,0.0,0.0
975,1054,247,259,163,True,False,14,14,0,0,0,0.0,0.0,0.0,0.0,0.0
975,1055,247,259,247,True,True,14,14,14,57,3,0.0,0.0,4.071428571428571,1.0,4.071428571428571
975,1056,247,259,252,True,False,14,14,0,0,0,0.0,0.0,0.0,0.0,0.0
975,1057,247,259,263,True,False,14,14,0,0,0,0.0,0.0,0.0,0.0,0.0
975,1058,247,259,288,True,False,14,14,0,0,0,0.0,0.0,0.0,0.0,0.0
975,1059,247,259,297,True,False,14,14,0,0,0,0.0,0.0,0.0,0.0,0.0
975,1060,247,259,328,True,False,14,14,0,0,0,0.0,0.0,0.0,0.0,0.0
975,1061,247,259,346,True,False,14,14,0,0,0,0.0,0.0,0.0,0.0,0.0
975,1062,247,259,352,True,False,14,14,0,0,0,0.0,0.0,0.0,0.0,0.0
975,1063,247,259,371,True,False,14,14,0,0,0,0.0,0.0,0.0,0.0,0.0
975,1064,247,259,382,True,False,14,14,0,0,0,0.0,0.0,0.0,0.0,0.0
975,1065,247,259,398,True,False,14,14,0,0,0,0.0,0.0,0.0,0.0,0.0
975,1066,247,259,404,True,False,14,14,0,0,0,0.0,0.0,0.0,0.0,0.0
975,1067,247,259,405,True,False,14,14,0,0,0,0.0,0.0,0.0,0.0,0.0
975,1068,247,259,410,True,False,14,14,0,0,0,0.0,0.0,0.0,0.0,0.0
975,1069,247,259,494,True,False,14,14,0,0,0,0.0,0.0,0.0,0.0,0.0
976,1075,247,262,13,True,False,28,28,0,0,0,0.0,0.0,0.0,0.0,0.0
976,1076,247,262,85,True,False,28,28,0,0,0,0.0,0.0,0.0,0.0,0.0
976,1077,247,262,129,True,True,28,28,10,31,2,7.0,10.0,1.1071428571428572,0.35714285714285715,1.1071428571428572
976,1078,247,262,179,True,True,28,28,15,34,2,6.0,9.0,1.2142857142857142,0.5357142857142857,1.2142857142857142
976,1079,247,262,247,True,False,28,28,0,0,0,0.0,0.0,0.0,0.0,0.0
976,1080,247,262,381,True,False,28,28,0,0,0,0.0,0.0,0.0,0.0,0.0
976,1081,247,262,487,True,False,28,28,0,0,0,0.0,0.0,0.0,0.0,0.0
977,1454,247,371,39,True,False,28,28,0,0,0,0.0,0.0,0.0,0.0,0.0
977,1455,247,371,126,True,False,28,28,0,0,0,0.0,0.0,0.0,0.0,0.0
977,1456,247,371,146,True,False,28,28,0,0,0,0.0,0.0,0.0,0.0,0.0
977,1457,247,371,163,True,False,28,28,0,0,0,0.0,0.0,0.0,0.0,0.0
977,1458,247,371,247,True,True,28,28,19,91,3,0.0,0.0,3.25,0.6785714285714286,3.25
977,1459,247,371,252,True,False,28,28,0,0,0,0.0,0.0,0.0,0.0,0.0
977,1460,247,371,259,True,True,28,28,18,27,3,0.0,0.0,0.9642857142857143,0.6428571428571429,0.9642857142857143
977,1461,247,371,385,True,False,28,28,0,0,0,0.0,0.0,0.0,0.0,0.0
978,1583,247,402,7,True,False,48,48,0,0,0,0.0,0.0,0.0,0.0,0.0
978,1584,247,402,24,True,False,48,48,0,0,0,0.0,0.0,0.0,0.0,0.0
978,1585,247,402,77,True,True,48,48,20,290,3,0.0,3.0,6.041666666666667,0.4166666666666667,6.041666666666667
978,1586,247,402,84,True,False,48,48,0,0,0,0.0,0.0,0.0,0.0,0.0
978,1587,247,402,98,True,False,48,48,0,0,0,0.0,0.0,0.0,0.0,0.0
978,1588,247,402,115,True,False,48,48,0,0,0,0.0,0.0,0.0,0.0,0.0
978,1589,247,402,147,True,False,48,48,0,0,0,0.0,0.0,0.0,0.0,0.0
978,1590,247,402,217,True,False,48,48,0,0,0,0.0,0.0,0.0,0.0,0.0
978,1591,247,402,247,True,True,48,48,27,269,2,0.0,2.0,5.604166666666667,0.5625,5.604166666666667
978,1592,247,402,309,True,False,48,48,0,0,0,0.0,0.0,0.0,0.0,0.0
978,1593,247,402,316,True,False,48,48,0,0,0,0.0,0.0,0.0,0.0,0.0
978,1594,247,402,352,True,False,48,48,0,0,0,0.0,0.0,0.0,0.0,0.0
978,1595,247,402,375,True,False,48,48,0,0,0,0.0,0.0,0.0,0.0,0.0
978,1596,247,402,385,True,False,48,48,0,0,0,0.0,0.0,0.0,0.0,0.0
978,1597,247,402,474,True,False,48,48,0,0,0,0.0,0.0,0.0,0.0,0.0
979,1678,247,432,7,True,False,33,33,0,0,0,0.0,0.0,0.0,0.0,0.0
979,1679,247,432,88,True,False,33,33,0,0,0,0.0,0.0,0.0,0.0,0.0
979,1680,247,432,143,True,False,33,33,0,0,0,0.0,0.0,0.0,0.0,0.0
979,1681,247,432,157,True,False,33,33,0,0,0,0.0,0.0,0.0,0.0,0.0
979,1682,247,432,161,True,False,33,33,0,0,0,0.0,0.0,0.0,0.0,0.0
979,1683,247,432,233,True,False,33,33,0,0,0,0.0,0.0,0.0,0.0,0.0
979,1684,247,432,279,True,False,33,33,0,0,0,0.0,0.0,0.0,0.0,0.0
979,1685,247,432,440,True,False,33,33,0,0,0,0.0,0.0,0.0,0.0,0.0
979,1686,247,432,474,True,False,33,33,0,0,0,0.0,0.0,0.0,0.0,0.0
980,13,248,2,21,True,False,54,54,0,0,0,0.0,0.0,0.0,0.0,0.0
980,14,248,2,31,True,False,54,54,0,0,0,0.0,0.0,0.0,0.0,0.0
980,15,248,2,43,True,False,54,54,0,0,0,0.0,0.0,0.0,0.0,0.0
980,16,248,2,61,True,False,54,54,0,0,0,0.0,0.0,0.0,0.0,0.0
980,17,248,2,74,True,False,54,54,0,0,0,0.0,0.0,0.0,0.0,0.0
980,18,248,2,126,True,True,54,54,6,21,2,0.0,3.0,0.3888888888888889,0.1111111111111111,0.3888888888888889
980,19,248,2,144,True,False,54,54,0,0,0,0.0,0.0,0.0,0.0,0.0
980,20,248,2,175,True,True,54,54,2,10,1,0.0,0.0,0.18518518518518517,0.037037037037037035,0.18518518518518517
980,21,248,2,179,True,False,54,54,0,0,0,0.0,0.0,0.0,0.0,0.0
980,22,248,2,186,True,False,54,54,0,0,0,0.0,0.0,0.0,0.0,0.0
980,23,248,2,313,True,False,54,54,0,0,0,0.0,0.0,0.0,0.0,0.0
980,24,248,2,488,True,False,54,54,0,0,0,0.0,0.0,0.0,0.0,0.0
981,82,248,12,6,True,False,26,26,0,0,0,0.0,0.0,0.0,0.0,0.0
981,83,248,12,58,True,False,26,26,0,0,0,0.0,0.0,0.0,0.0,0.0
981,84,248,12,113,True,False,26,26,0,0,0,0.0,0.0,0.0,0.0,0.0
981,85,248,12,121,True,True,26,26,5,5,4,0.0,0.0,0.19230769230769232,0.19230769230769232,0.19230769230769232
981,86,248,12,144,True,True,26,26,15,86,8,0.0,0.0,3.3076923076923075,0.5769230769230769,3.3076923076923075
981,87,248,12,243,True,False,26,26,0,0,0,0.0,0.0,0.0,0.0,0.0
981,88,248,12,251,True,False,26,26,0,0,0,0.0,0.0,0.0,0.0,0.0
981,89,248,12,321,True,False,26,26,0,0,0,0.0,0.0,0.0,0.0,0.0
981,90,248,12,335,True,True,26,26,8,28,6,0.0,0.0,1.0769230769230769,0.3076923076923077,1.0769230769230769
981,91,248,12,463,True,True,26,26,7,7,6,0.0,0.0,0.2692307692307692,0.2692307692307692,0.2692307692307692
981,92,248,12,481,True,False,26,26,0,0,0,0.0,0.0,0.0,0.0,0.0
982,129,248,22,21,True,False,6,6,0,0,0,0.0,0.0,0.0,0.0,0.0
982,130,248,22,31,True,False,6,6,0,0,0,0.0,0.0,0.0,0.0,0.0
982,131,248,22,43,True,False,6,6,0,0,0,0.0,0.0,0.0,0.0,0.0
982,132,248,22,61,True,False,6,6,0,0,0,0.0,0.0,0.0,0.0,0.0
982,133,248,22,74,True,False,6,6,0,0,0,0.0,0.0,0.0,0.0,0.0
982,134,248,22,79,True,True,6,6,1,1,1,5.0,5.0,0.16666666666666666,0.16666666666666666,0.16666666666666666
982,135,248,22,139,True,True,6,6,6,28,4,0.0,0.0,4.666666666666667,1.0,4.666666666666667
982,136,248,22,144,True,True,6,6,1,5,1,0.0,0.0,0.8333333333333334,0.16666666666666666,0.8333333333333334
982,137,248,22,175,True,False,6,6,0,0,0,0.0,0.0,0.0,0.0,0.0
982,138,248,22,179,True,False,6,6,0,0,0,0.0,0.0,0.0,0.0,0.0
982,139,248,22,186,True,False,6,6,0,0,0,0.0,0.0,0.0,0.0,0.0
982,140,248,22,273,True,True,6,6,3,13,2,0.0,4.0,2.1666666666666665,0.5,2.1666666666666665
983,465,248,121,2,True,True,332,332,22,116,6,0.0,0.0,0.3493975903614458,0.06626506024096386,0.3493975903614458
983,466,248,121,22,True,True,332,332,9,18,5,0.0,0.0,0.05421686746987952,0.02710843373493976,0.05421686746987952
983,467,248,121,113,True,False,332,332,0,0,0,0.0,0.0,0.0,0.0,0.0
983,468,248,121,139,True,True,332,332,97,321,45,0.0,0.0,0.9668674698795181,0.2921686746987952,0.9668674698795181
983,469,248,121,144,True,True,332,332,27,155,11,0.0,0.0,0.46686746987951805,0.08132530120481928,0.46686746987951805
983,470,248,121,175,True,True,332,332,98,489,34,0.0,0.0,1.4728915662650603,0.29518072289156627,1.4728915662650603
983,471,248,121,251,True,False,332,332,0,0,0,0.0,0.0,0.0,0.0,0.0
983,472,248,121,273,True,True,332,332,110,512,42,0.0,0.0,1.5421686746987953,0.3313253012048193,1.5421686746987953
983,473,248,121,481,True,False,332,332,0,0,0,0.0,0.0,0.0,0.0,0.0
984,514,248,139,22,True,False,66,66,0,0,0,0.0,0.0,0.0,0.0,0.0
984,515,248,139,79,True,True,66,66,5,49,4,0.0,3.0,0.7424242424242424,0.07575757575757576,0.7424242424242424
984,516,248,139,80,True,True,66,66,13,109,5,0.0,5.0,1.6515151515151516,0.19696969696969696,1.6515151515151516
984,517,248,139,126,True,False,66,66,0,0,0,0.0,0.0,0.0,0.0,0.0
984,518,248,139,144,True,False,66,66,0,0,0,0.0,0.0,0.0,0.0,0.0
984,519,248,139,149,True,True,66,66,28,219,12,0.0,4.0,3.3181818181818183,0.42424242424242425,3.3181818181818183
984,520,248,139,151,True,True,66,66,7,16,3,1.0,4.0,0.24242424242424243,0.10606060606060606,0.24242424242424243
984,521,248,139,175,True,False,66,66,0,0,0,0.0,0.0,0.0,0.0,0.0
984,522,248,139,184,True,True,66,66,16,150,11,2.0,6.0,2.272727272727273,0.24242424242424243,2.272727272727273
984,523,248,139,199,True,False,66,66,0,0,0,0.0,0.0,0.0,0.0,0.0
984,524,248,139,229,True,True,66,66,2,12,2,2.0,5.0,0.18181818181818182,0.030303030303030304,0.18181818181818182
984,525,248,139,230,True,True,66,66,28,151,14,2.0,5.0,2.287878787878788,0.42424242424242425,2.287878787878788
984,526,248,139,258,True,True,66,66,5,20,1,3.0,6.0,0.30303030303030304,0.07575757575757576,0.30303030303030304
984,527,248,139,273,True,True,66,66,1,8,1,0.0,1.5,0.12121212121212122,0.015151515151515152,0.12121212121212122
984,528,248,139,311,True,True,66,66,12,85,3,2.0,6.0,1.2878787878787878,0.18181818181818182,1.2878787878787878
984,529,248,139,315,True,False,66,66,0,0,0,0.0,0.0,0.0,0.0,0.0
984,530,248,139,390,True,True,66,66,6,15,3,3.0,6.0,0.22727272727272727,0.09090909090909091,0.22727272727272727
984,531,248,139,415,True,True,66,66,3,28,2,0.0,2.0,0.42424242424242425,0.045454545454545456,0.42424242424242425
985,558,248,144,2,True,True,82,82,10,20,2,5.0,8.5,0.24390243902439024,0.12195121951219512,0.24390243902439024
985,559,248,144,21,True,False,82,82,0,0,0,0.0,0.0,0.0,0.0,0.0
985,560,248,144,22,True,True,82,82,2,8,1,0.0,0.5,0.0975609756097561,0.024390243902439025,0.0975609756097561
985,561,248,144,31,True,False,82,82,0,0,0,0.0,0.0,0.0,0.0,0.0
985,562,248,144,61,True,False,82,82,0,0,0,0.0,0.0,0.0,0.0,0.0
985,563,248,144,74,True,False,82,82,0,0,0,0.0,0.0,0.0,0.0,0.0
985,564,248,144,79,True,True,82,82,14,121,5,2.0,8.0,1.475609756097561,0.17073170731707318,1.475609756097561
985,565,248,144,126,True,True,82,82,41,483,8,0.0,5.0,5.890243902439025,0.5,5.890243902439025
985,566,248,144,139,True,True,82,82,2,16,1,0.0,4.0,0.1951219512195122,0.024390243902439025,0.1951219512195122
985,567,248,144,179,True,False,82,82,0,0,0,0.0,0.0,0.0,0.0,0.0
985,568,248,144,186,True,False,82,82,0,0,0,0.0,0.0,0.0,0.0,0.0
985,569,248,144,229,True,False,82,82,0,0,0,0.0,0.0,0.0,0.0,0.0
985,570,248,144,248,True,False,82,82,0,0,0,0.0,0.0,0.0,0.0,0.0
985,571,248,144,315,True,True,82,82,2,16,1,1.0,4.5,0.1951219512195122,0.024390243902439025,0.1951219512195122
985,572,248,144,488,True,False,82,82,0,0,0,0.0,0.0,0.0,0.0,0.0
986,703,248,169,13,True,False,90,90,0,0,0,0.0,0.0,0.0,0.0,0.0
986,704,248,169,21,True,False,90,90,0,0,0,0.0,0.0,0.0,0.0,0.0
986,705,248,169,39,True,True,90,90,25,316,5,0.0,5.0,3.511111111111111,0.2777777777777778,3.511111111111111
986,706,248,169,61,True,False,90,90,0,0,0,0.0,0.0,0.0,0.0,0.0
986,707,248,169,129,True,False,90,90,0,0,0,0.0,0.0,0.0,0.0,0.0
986,708,248,169,139,True,False,90,90,0,0,0,0.0,0.0,0.0,0.0,0.0
986,709,248,169,141,True,False,90,90,0,0,0,0.0,0.0,0.0,0.0,0.0
986,710,248,169,156,True,False,90,90,0,0,0,0.0,0.0,0.0,0.0,0.0
986,711,248,169,179,True,False,90,90,0,0,0,0.0,0.0,0.0,0.0,0.0
986,712,248,169,186,True,False,90,90,0,0,0,0.0,0.0,0.0,0.0,0.0
986,713,248,169,199,True,True,90,90,16,157,4,0.0,1.0,1.7444444444444445,0.17777777777777778,1.7444444444444445
986,714,248,169,248,True,False,90,90,0,0,0,0.0,0.0,0.0,0.0,0.0
986,715,248,169,383,True,True,90,90,13,61,3,0.0,4.0,0.6777777777777778,0.14444444444444443,0.6777777777777778
986,716,248,169,433,True,True,90,90,3,31,2,0.0,4.0,0.34444444444444444,0.03333333333333333,0.34444444444444444
986,717,248,169,455,True,True,90,90,5,23,2,0.0,0.0,0.25555555555555554,0.05555555555555555,0.25555555555555554
986,718,248,169,508,True,True,90,90,43,371,11,0.0,1.0,4.122222222222222,0.4777777777777778,4.122222222222222
987,758,248,175,2,True,True,175,175,12,100,2,0.0,2.0,0.5714285714285714,0.06857142857142857,0.5714285714285714
987,759,248,175,21,True,False,175,175,0,0,0,0.0,0.0,0.0,0.0,0.0
987,760,248,175,31,True,False,175,175,0,0,0,0.0,0.0,0.0,0.0,0.0
987,761,248,175,43,True,False,175,175,0,0,0,0.0,0.0,0.0,0.0,0.0
987,762,248,175,61,True,False,175,175,0,0,0,0.0,0.0,0.0,0.0,0.0
987,763,248,175,74,True,False,175,175,0,0,0,0.0,0.0,0.0,0.0,0.0
987,764,248,175,80,True,True,175,175,46,291,11,0.0,3.0,1.6628571428571428,0.26285714285714284,1.6628571428571428
987,765,248,175,126,True,True,175,175,19,110,3,0.0,3.0,0.6285714285714286,0.10857142857142857,0.6285714285714286
987,766,248,175,139,True,True,175,175,82,667,20,0.0,2.0,3.8114285714285714,0.4685714285714286,3.8114285714285714
987,767,248,175,179,True,False,175,175,0,0,0,0.0,0.0,0.0,0.0,0.0
987,768,248,175,186,True,False,175,175,0,0,0,0.0,0.0,0.0,0.0,0.0
987,769,248,175,248,True,False,175,175,0,0,0,0.0,0.0,0.0,0.0,0.0
987,770,248,175,258,True,True,175,175,6,21,2,3.0,7.0,0.12,0.03428571428571429,0.12
987,771,248,175,273,True,True,175,175,4,23,2,0.0,0.0,0.13142857142857142,0.022857142857142857,0.13142857142857142
987,772,248,175,311,True,True,175,175,25,98,5,1.0,5.0,0.56,0.14285714285714285,0.56
987,773,248,175,390,True,True,175,175,3,3,1,4.0,5.0,0.017142857142857144,0.017142857142857144,0.017142857142857144
987,774,248,175,415,True,True,175,175,28,127,5,0.0,4.0,0.7257142857142858,0.16,0.7257142857142858
987,775,248,175,488,True,False,175,175,0,0,0,0.0,0.0,0.0,0.0,0.0
988,1075,248,262,13,True,False,12,12,0,0,0,0.0,0.0,0.0,0.0,0.0
988,1076,248,262,85,True,False,12,12,0,0,0,0.0,0.0,0.0,0.0,0.0
988,1077,248,262,129,True,False,12,12,0,0,0,0.0,0.0,0.0,0.0,0.0
988,1078,248,262,179,True,False,12,12,0,0,0,0.0,0.0,0.0,0.0,0.0
988,1079,248,262,247,True,False,12,12,0,0,0,0.0,0.0,0.0,0.0,0.0
988,1080,248,262,381,True,False,12,12,0,0,0,0.0,0.0,0.0,0.0,0.0
988,1081,248,262,487,True,False,12,12,0,0,0,0.0,0.0,0.0,0.0,0.0
989,1127,248,273,21,True,False,190,190,0,0,0,0.0,0.0,0.0,0.0,0.0
989,1128,248,273,22,True,True,190,190,23,191,6,0.0,7.0,1.0052631578947369,0.12105263157894737,1.0052631578947369
989,1129,248,273,31,True,False,190,190,0,0,0,0.0,0.0,0.0,0.0,0.0
989,1130,248,273,43,True,False,190,190,0,0,0,0.0,0.0,0.0,0.0,0.0
989,1131,248,273,61,True,False,190,190,0,0,0,0.0,0.0,0.0,0.0,0.0
989,1132,248,273,74,True,False,190,190,0,0,0,0.0,0.0,0.0,0.0,0.0
989,1133,248,273,79,True,True,190,190,70,531,12,0.0,6.0,2.794736842105263,0.3684210526315789,2.794736842105263
989,1134,248,273,80,True,True,190,190,16,126,5,0.0,3.0,0.6631578947368421,0.08421052631578947,0.6631578947368421
989,1135,248,273,126,True,True,190,190,2,4,1,3.0,4.0,0.021052631578947368,0.010526315789473684,0.021052631578947368
989,1136,248,273,139,True,True,190,190,110,834,28,0.0,1.0,4.389473684210526,0.5789473684210527,4.389473684210526
989,1137,248,273,144,True,True,190,190,7,84,1,1.0,5.0,0.4421052631578947,0.03684210526315789,0.4421052631578947
989,1138,248,273,151,True,True,190,190,4,18,2,0.0,4.5,0.09473684210526316,0.021052631578947368,0.09473684210526316
989,1139,248,273,179,True,False,190,190,0,0,0,0.0,0.0,0.0,0.0,0.0
989,1140,248,273,184,True,True,190,190,17,82,4,1.0,6.0,0.43157894736842106,0.08947368421052632,0.43157894736842106
989,1141,248,273,186,True,False,190,190,0,0,0,0.0,0.0,0.0,0.0,0.0
989,1142,248,273,229,True,True,190,190,3,9,1,0.0,2.0,0.04736842105263158,0.015789473684210527,0.04736842105263158
989,1143,248,273,230,True,True,190,190,18,72,3,3.0,6.0,0.37894736842105264,0.09473684210526316,0.37894736842105264
989,1144,248,273,248,True,False,190,190,0,0,0,0.0,0.0,0.0,0.0,0.0
990,1153,248,281,13,True,False,87,87,0,0,0,0.0,0.0,0.0,0.0,0.0
990,1154,248,281,21,True,False,87,87,0,0,0,0.0,0.0,0.0,0.0,0.0
990,1155,248,281,61,True,False,87,87,0,0,0,0.0,0.0,0.0,0.0,0.0
990,1156,248,281,74,True,False,87,87,0,0,0,0.0,0.0,0.0,0.0,0.0
990,1157,248,281,117,True,True,87,87,47,514,15,0.0,4.0,5.908045977011494,0.5402298850574713,5.908045977011494
990,1158,248,281,141,True,False,87,87,0,0,0,0.0,0.0,0.0,0.0,0.0
990,1159,248,281,179,True,False,87,87,0,0,0,0.0,0.0,0.0,0.0,0.0
990,1160,248,281,186,True,False,87,87,0,0,0,0.0,0.0,0.0,0.0,0.0
990,1161,248,281,199,True,True,87,87,3,3,1,1.0,2.0,0.034482758620689655,0.034482758620689655,0.034482758620689655
990,1162,248,281,313,True,False,87,87,0,0,0,0.0,0.0,0.0,0.0,0.0
990,1163,248,281,387,True,True,87,87,3,15,1,1.0,4.0,0.1724137931034483,0.034482758620689655,0.1724137931034483
991,1350,248,335,21,True,False,88,88,0,0,0,0.0,0.0,0.0,0.0,0.0
991,1351,248,335,61,True,False,88,88,0,0,0,0.0,0.0,0.0,0.0,0.0
991,1352,248,335,141,True,False,88,88,0,0,0,0.0,0.0,0.0,0.0,0.0
991,1353,248,335,156,True,False,88,88,0,0,0,0.0,0.0,0.0,0.0,0.0
991,1354,248,335,179,True,False,88,88,0,0,0,0.0,0.0,0.0,0.0,0.0
991,1355,248,335,186,True,False,88,88,0,0,0,0.0,0.0,0.0,0.0,0.0
991,1356,248,335,248,True,False,88,88,0,0,0,0.0,0.0,0.0,0.0,0.0
991,1357,248,335,488,True,False,88,88,0,0,0,0.0,0.0,0.0,0.0,0.0
991,1358,248,335,508,True,True,88,88,6,42,3,0.0,0.0,0.4772727272727273,0.06818181818181818,0.4772727272727273
992,1505,248,383,21,True,False,6,6,0,0,0,0.0,0.0,0.0,0.0,0.0
992,1506,248,383,39,True,True,6,6,3,45,1,2.0,6.0,7.5,0.5,7.5
992,1507,248,383,61,True,False,6,6,0,0,0,0.0,0.0,0.0,0.0,0.0
992,1508,248,383,129,True,False,6,6,0,0,0,0.0,0.0,0.0,0.0,0.0
992,1509,248,383,141,True,False,6,6,0,0,0,0.0,0.0,0.0,0.0,0.0
992,1510,248,383,169,True,False,6,6,0,0,0,0.0,0.0,0.0,0.0,0.0
992,1511,248,383,179,True,False,6,6,0,0,0,0.0,0.0,0.0,0.0,0.0
992,1512,248,383,186,True,False,6,6,0,0,0,0.0,0.0,0.0,0.0,0.0
992,1513,248,383,273,True,False,6,6,0,0,0,0.0,0.0,0.0,0.0,0.0
992,1514,248,383,281,True,False,6,6,0,0,0,0.0,0.0,0.0,0.0,0.0
992,1515,248,383,313,True,False,6,6,0,0,0,0.0,0.0,0.0,0.0,0.0
992,1516,248,383,317,True,False,6,6,0,0,0,0.0,0.0,0.0,0.0,0.0
992,1517,248,383,335,True,False,6,6,0,0,0,0.0,0.0,0.0,0.0,0.0
992,1518,248,383,433,True,False,6,6,0,0,0,0.0,0.0,0.0,0.0,0.0
992,1519,248,383,455,True,False,6,6,0,0,0,0.0,0.0,0.0,0.0,0.0
992,1520,248,383,508,True,True,6,6,2,10,1,0.0,0.0,1.6666666666666667,0.3333333333333333,1.6666666666666667
993,1687,248,433,13,True,False,51,51,0,0,0,0.0,0.0,0.0,0.0,0.0
993,1688,248,433,21,True,False,51,51,0,0,0,0.0,0.0,0.0,0.0,0.0
993,1689,248,433,39,True,True,51,51,1,2,1,6.0,6.0,0.0392156862745098,0.0196078431372549,0.0392156862745098
993,1690,248,433,61,True,False,51,51,0,0,0,0.0,0.0,0.0,0.0,0.0
993,1691,248,433,74,True,False,51,51,0,0,0,0.0,0.0,0.0,0.0,0.0
993,1692,248,433,129,True,False,51,51,0,0,0,0.0,0.0,0.0,0.0,0.0
993,1693,248,433,141,True,False,51,51,0,0,0,0.0,0.0,0.0,0.0,0.0
993,1694,248,433,156,True,False,51,51,0,0,0,0.0,0.0,0.0,0.0,0.0
993,1695,248,433,169,True,True,51,51,1,5,1,0.0,0.0,0.09803921568627451,0.0196078431372549,0.09803921568627451
993,1696,248,433,179,True,False,51,51,0,0,0,0.0,0.0,0.0,0.0,0.0
993,1697,248,433,186,True,False,51,51,0,0,0,0.0,0.0,0.0,0.0,0.0
993,1698,248,433,199,True,False,51,51,0,0,0,0.0,0.0,0.0,0.0,0.0
993,1699,248,433,245,True,False,51,51,0,0,0,0.0,0.0,0.0,0.0,0.0
993,1700,248,433,248,True,False,51,51,0,0,0,0.0,0.0,0.0,0.0,0.0
993,1701,248,433,381,True,False,51,51,0,0,0,0.0,0.0,0.0,0.0,0.0
993,1702,248,433,508,True,True,51,51,18,132,8,0.0,1.0,2.588235294117647,0.35294117647058826,2.588235294117647
994,1726,248,455,13,True,False,92,92,0,0,0,0.0,0.0,0.0,0.0,0.0
994,1727,248,455,21,True,False,92,92,0,0,0,0.0,0.0,0.0,0.0,0.0
994,1728,248,455,39,True,True,92,92,15,217,4,0.0,5.0,2.358695652173913,0.16304347826086957,2.358695652173913
994,1729,248,455,61,True,False,92,92,0,0,0,0.0,0.0,0.0,0.0,0.0
994,1730,248,455,74,True,False,92,92,0,0,0,0.0,0.0,0.0,0.0,0.0
994,1731,248,455,117,True,True,92,92,30,278,10,0.0,6.0,3.0217391304347827,0.32608695652173914,3.0217391304347827
994,1732,248,455,129,True,False,92,92,0,0,0,0.0,0.0,0.0,0.0,0.0
994,1733,248,455,141,True,False,92,92,0,0,0,0.0,0.0,0.0,0.0,0.0
994,1734,248,455,169,True,False,92,92,0,0,0,0.0,0.0,0.0,0.0,0.0
994,1735,248,455,179,True,False,92,92,0,0,0,0.0,0.0,0.0,0.0,0.0
994,1736,248,455,186,True,False,92,92,0,0,0,0.0,0.0,0.0,0.0,0.0
994,1737,248,455,199,True,True,92,92,30,331,8,0.0,2.0,3.597826086956522,0.32608695652173914,3.597826086956522
994,1738,248,455,248,True,False,92,92,0,0,0,0.0,0.0,0.0,0.0,0.0
994,1739,248,455,281,True,True,92,92,3,14,2,0.0,0.0,0.15217391304347827,0.03260869565217391,0.15217391304347827
994,1740,248,455,313,True,False,92,92,0,0,0,0.0,0.0,0.0,0.0,0.0
994,1741,248,455,317,True,True,92,92,7,14,1,3.0,5.0,0.15217391304347827,0.07608695652173914,0.15217391304347827
994,1742,248,455,383,True,True,92,92,19,116,4,0.0,5.0,1.2608695652173914,0.20652173913043478,1.2608695652173914
994,1743,248,455,508,True,True,92,92,10,53,3,0.0,1.0,0.5760869565217391,0.10869565217391304,0.5760869565217391
995,1755,248,463,6,True,False,288,288,0,0,0,0.0,0.0,0.0,0.0,0.0
995,1756,248,463,58,True,False,288,288,0,0,0,0.0,0.0,0.0,0.0,0.0
995,1757,248,463,117,True,True,288,288,4,7,2,0.0,0.0,0.024305555555555556,0.013888888888888888,0.024305555555555556
995,1758,248,463,169,True,True,288,288,49,209,20,0.0,0.0,0.7256944444444444,0.1701388888888889,0.7256944444444444
995,1759,248,463,199,True,True,288,288,10,19,5,0.0,0.0,0.06597222222222222,0.034722222222222224,0.06597222222222222
995,1760,248,463,217,True,False,288,288,0,0,0,0.0,0.0,0.0,0.0,0.0
995,1761,248,463,243,True,False,288,288,0,0,0,0.0,0.0,0.0,0.0,0.0
995,1762,248,463,262,True,True,288,288,6,34,3,0.0,0.0,0.11805555555555555,0.020833333333333332,0.11805555555555555
995,1763,248,463,281,True,True,288,288,47,267,22,0.0,0.0,0.9270833333333334,0.16319444444444445,0.9270833333333334
995,1764,248,463,335,True,True,288,288,48,145,17,0.0,0.0,0.5034722222222222,0.16666666666666666,0.5034722222222222
995,1765,248,463,361,True,False,288,288,0,0,0,0.0,0.0,0.0,0.0,0.0
995,1766,248,463,383,True,True,288,288,6,20,3,0.0,0.0,0.06944444444444445,0.020833333333333332,0.06944444444444445
995,1767,248,463,433,True,True,288,288,39,128,18,0.0,0.0,0.4444444444444444,0.13541666666666666,0.4444444444444444
995,1768,248,463,455,True,True,288,288,48,247,24,0.0,0.0,0.8576388888888888,0.16666666666666666,0.8576388888888888
995,1769,248,463,508,True,True,288,288,45,173,24,0.0,0.0,0.6006944444444444,0.15625,0.6006944444444444
996,1872,248,508,39,True,True,44,44,15,75,6,0.0,4.0,1.7045454545454546,0.3409090909090909,1.7045454545454546
996,1873,248,508,84,True,False,44,44,0,0,0,0.0,0.0,0.0,0.0,0.0
996,1874,248,508,115,True,False,44,44,0,0,0,0.0,0.0,0.0,0.0,0.0
996,1875,248,508,117,True,False,44,44,0,0,0,0.0,0.0,0.0,0.0,0.0
996,1876,248,508,169,True,True,44,44,3,3,2,0.0,0.0,0.06818181818181818,0.06818181818181818,0.06818181818181818
996,1877,248,508,199,True,True,44,44,9,70,3,1.0,5.0,1.5909090909090908,0.20454545454545456,1.5909090909090908
996,1878,248,508,238,True,False,44,44,0,0,0,0.0,0.0,0.0,0.0,0.0
996,1879,248,508,252,True,True,44,44,6,20,2,2.0,8.5,0.45454545454545453,0.13636363636363635,0.45454545454545453
996,1880,248,508,316,True,False,44,44,0,0,0,0.0,0.0,0.0,0.0,0.0
996,1881,248,508,317,True,True,44,44,18,164,5,1.0,6.0,3.727272727272727,0.4090909090909091,3.727272727272727
996,1882,248,508,335,True,True,44,44,3,21,2,3.0,6.0,0.4772727272727273,0.06818181818181818,0.4772727272727273
996,1883,248,508,433,True,True,44,44,2,9,1,0.0,2.0,0.20454545454545456,0.045454545454545456,0.20454545454545456
996,1884,248,508,455,True,False,44,44,0,0,0,0.0,0.0,0.0,0.0,0.0
996,1885,248,508,485,True,True,44,44,3,3,1,5.0,6.0,0.06818181818181818,0.06818181818181818,0.06818181818181818
996,1886,248,508,494,True,True,44,44,5,27,3,3.0,6.0,0.6136363636363636,0.11363636363636363,0.6136363636363636
997,117,251,21,12,True,False,25,25,0,0,0,0.0,0.0,0.0,0.0,0.0
997,118,251,21,31,True,False,25,25,0,0,0,0.0,0.0,0.0,0.0,0.0
997,119,251,21,74,True,False,25,25,0,0,0,0.0,0.0,0.0,0.0,0.0
997,120,251,21,121,True,False,25,25,0,0,0,0.0,0.0,0.0,0.0,0.0
997,121,251,21,141,True,False,25,25,0,0,0,0.0,0.0,0.0,0.0,0.0
997,122,251,21,156,True,True,25,25,9,11,4,0.0,0.0,0.44,0.36,0.44
997,123,251,21,186,True,False,25,25,0,0,0,0.0,0.0,0.0,0.0,0.0
997,124,251,21,248,True,False,25,25,0,0,0,0.0,0.0,0.0,0.0,0.0
997,125,251,21,319,True,True,25,25,24,51,7,0.0,0.0,2.04,0.96,2.04
997,126,251,21,381,True,True,25,25,1,2,1,0.0,0.0,0.08,0.04,0.08
997,127,251,21,449,True,True,25,25,25,48,8,0.0,0.0,1.92,1.0,1.92
997,128,251,21,463,True,True,25,25,13,13,4,0.0,0.0,0.52,0.52,0.52
998,384,251,88,23,True,False,24,24,0,0,0,0.0,0.0,0.0,0.0,0.0
998,385,251,88,157,True,True,24,24,9,85,1,0.0,1.0,3.5416666666666665,0.375,3.5416666666666665
998,386,251,88,161,True,True,24,24,15,65,1,0.0,2.0,2.7083333333333335,0.625,2.7083333333333335
999,425,251,113,7,True,True,105,105,21,126,3,0.0,3.0,1.2,0.2,1.2
999,426,251,113,133,True,False,105,105,0,0,0,0.0,0.0,0.0,0.0,0.0
999,427,251,113,143,True,True,105,105,18,130,2,0.0,2.0,1.2380952380952381,0.17142857142857143,1.2380952380952381
999,428,251,113,157,True,False,105,105,0,0,0,0.0,0.0,0.0,0.0,0.0
999,429,251,113,196,True,False,105,105,0,0,0,0.0,0.0,0.0,0.0,0.0
999,430,251,113,279,True,True,105,105,14,106,2,0.0,1.0,1.0095238095238095,0.13333333333333333,1.0095238095238095
999,431,251,113,318,True,False,105,105,0,0,0,0.0,0.0,0.0,0.0,0.0
999,432,251,113,440,True,True,105,105,28,150,4,0.0,1.0,1.4285714285714286,0.26666666666666666,1.4285714285714286
999,433,251,113,509,True,False,105,105,0,0,0,0.0,0.0,0.0,0.0,0.0
1000,620,251,156,12,True,True,12,12,1,2,1,0.0,0.5,0.16666666666666666,0.08333333333333333,0.16666666666666666
1000,621,251,156,22,True,False,12,12,0,0,0,0.0,0.0,0.0,0.0,0.0
1000,622,251,156,58,True,True,12,12,3,4,2,0.0,0.0,0.3333333333333333,0.25,0.3333333333333333
1000,623,251,156,113,True,False,12,12,0,0,0,0.0,0.0,0.0,0.0,0.0
1000,624,251,156,121,True,False,12,12,0,0,0,0.0,0.0,0.0,0.0,0.0
1000,625,251,156,139,True,False,12,12,0,0,0,0.0,0.0,0.0,0.0,0.0
1000,626,251,156,144,True,False,12,12,0,0,0,0.0,0.0,0.0,0.0,0.0
1000,627,251,156,243,True,True,12,12,8,21,8,0.0,0.0,1.75,0.6666666666666666,1.75
1000,628,251,156,248,True,False,12,12,0,0,0,0.0,0.0,0.0,0.0,0.0
1000,629,251,156,251,True,False,12,12,0,0,0,0.0,0.0,0.0,0.0,0.0
1000,630,251,156,262,True,False,12,12,0,0,0,0.0,0.0,0.0,0.0,0.0
1000,631,251,156,273,True,False,12,12,0,0,0,0.0,0.0,0.0,0.0,0.0
1000,632,251,156,321,True,False,12,12,0,0,0,0.0,0.0,0.0,0.0,0.0
1000,633,251,156,449,True,True,12,12,12,18,11,0.0,0.0,1.5,1.0,1.5
1000,634,251,156,463,True,True,12,12,11,19,10,0.0,0.0,1.5833333333333333,0.9166666666666666,1.5833333333333333
1000,635,251,156,481,True,False,12,12,0,0,0,0.0,0.0,0.0,0.0,0.0
1001,636,251,157,28,True,False,3,3,0,0,0,0.0,0.0,0.0,0.0,0.0
1001,637,251,157,77,True,False,3,3,0,0,0,0.0,0.0,0.0,0.0,0.0
1001,638,251,157,79,True,False,3,3,0,0,0,0.0,0.0,0.0,0.0,0.0
1001,639,251,157,84,True,False,3,3,0,0,0,0.0,0.0,0.0,0.0,0.0
1001,640,251,157,85,True,False,3,3,0,0,0,0.0,0.0,0.0,0.0,0.0
1001,641,251,157,88,True,False,3,3,0,0,0,0.0,0.0,0.0,0.0,0.0
1001,642,251,157,143,True,False,3,3,0,0,0,0.0,0.0,0.0,0.0,0.0
1001,643,251,157,161,True,False,3,3,0,0,0,0.0,0.0,0.0,0.0,0.0
1001,644,251,157,167,True,False,3,3,0,0,0,0.0,0.0,0.0,0.0,0.0
1001,645,251,157,196,True,False,3,3,0,0,0,0.0,0.0,0.0,0.0,0.0
1001,646,251,157,229,True,False,3,3,0,0,0,0.0,0.0,0.0,0.0,0.0
1001,647,251,157,230,True,False,3,3,0,0,0,0.0,0.0,0.0,0.0,0.0
1001,648,251,157,279,True,False,3,3,0,0,0,0.0,0.0,0.0,0.0,0.0
1001,649,251,157,315,True,False,3,3,0,0,0,0.0,0.0,0.0,0.0,0.0
1001,650,251,157,375,True,True,3,3,2,13,2,4.0,6.0,4.333333333333333,0.6666666666666666,4.333333333333333
1001,651,251,157,389,True,False,3,3,0,0,0,0.0,0.0,0.0,0.0,0.0
1001,652,251,157,402,True,False,3,3,0,0,0,0.0,0.0,0.0,0.0,0.0
1001,653,251,157,432,True,False,3,3,0,0,0,0.0,0.0,0.0,0.0,0.0
1001,654,251,157,440,True,False,3,3,0,0,0,0.0,0.0,0.0,0.0,0.0
1001,655,251,157,474,True,False,3,3,0,0,0,0.0,0.0,0.0,0.0,0.0
1002,656,251,161,28,True,False,45,45,0,0,0,0.0,0.0,0.0,0.0,0.0
1002,657,251,161,143,True,True,45,45,16,211,3,0.0,3.0,4.688888888888889,0.35555555555555557,4.688888888888889
1002,658,251,161,157,True,True,45,45,2,8,1,0.0,0.0,0.17777777777777778,0.044444444444444446,0.17777777777777778
1002,659,251,161,167,True,False,45,45,0,0,0,0.0,0.0,0.0,0.0,0.0
1002,660,251,161,369,True,False,45,45,0,0,0,0.0,0.0,0.0,0.0,0.0
1002,661,251,161,375,True,False,45,45,0,0,0,0.0,0.0,0.0,0.0,0.0
1002,662,251,161,398,True,False,45,45,0,0,0,0.0,0.0,0.0,0.0,0.0
1002,663,251,161,440,True,True,45,45,3,12,1,0.0,2.0,0.26666666666666666,0.06666666666666667,0.26666666666666666
1002,664,251,161,485,True,False,45,45,0,0,0,0.0,0.0,0.0,0.0,0.0
1003,780,251,179,13,True,False,39,39,0,0,0,0.0,0.0,0.0,0.0,0.0
1003,781,251,179,34,True,False,39,39,0,0,0,0.0,0.0,0.0,0.0,0.0
1003,782,251,179,43,True,False,39,39,0,0,0,0.0,0.0,0.0,0.0,0.0
1003,783,251,179,129,True,False,39,39,0,0,0,0.0,0.0,0.0,0.0,0.0
1003,784,251,179,245,True,False,39,39,0,0,0,0.0,0.0,0.0,0.0,0.0
1003,785,251,179,253,True,True,39,39,39,115,12,0.0,0.0,2.948717948717949,1.0,2.948717948717949
1003,786,251,179,256,True,True,39,39,7,7,2,0.0,0.0,0.1794871794871795,0.1794871794871795,0.1794871794871795
1003,787,251,179,313,True,False,39,39,0,0,0,0.0,0.0,0.0,0.0,0.0
1003,788,251,179,353,True,False,39,39,0,0,0,0.0,0.0,0.0,0.0,0.0
1003,789,251,179,472,True,False,39,39,0,0,0,0.0,0.0,0.0,0.0,0.0
1003,790,251,179,488,True,False,39,39,0,0,0,0.0,0.0,0.0,0.0,0.0
1004,808,251,186,12,True,True,9,9,2,6,1,0.0,0.0,0.6666666666666666,0.2222222222222222,0.6666666666666666
1004,809,251,186,21,True,False,9,9,0,0,0,0.0,0.0,0.0,0.0,0.0
1004,810,251,186,31,True,False,9,9,0,0,0,0.0,0.0,0.0,0.0,0.0
1004,811,251,186,74,True,True,9,9,3,3,1,0.0,0.0,0.3333333333333333,0.3333333333333333,0.3333333333333333
1004,812,251,186,121,True,False,9,9,0,0,0,0.0,0.0,0.0,0.0,0.0
1004,813,251,186,141,True,False,9,9,0,0,0,0.0,0.0,0.0,0.0,0.0
1004,814,251,186,156,True,True,9,9,4,5,2,0.0,0.0,0.5555555555555556,0.4444444444444444,0.5555555555555556
1004,815,251,186,248,True,False,9,9,0,0,0,0.0,0.0,0.0,0.0,0.0
1004,816,251,186,319,True,True,9,9,5,11,2,0.0,0.0,1.2222222222222223,0.5555555555555556,1.2222222222222223
1004,817,251,186,381,True,True,9,9,4,10,2,0.0,0.0,1.1111111111111112,0.4444444444444444,1.1111111111111112
1004,818,251,186,449,True,True,9,9,9,10,4,0.0,0.0,1.1111111111111112,1.0,1.1111111111111112
1004,819,251,186,463,True,True,9,9,4,4,2,0.0,0.0,0.4444444444444444,0.4444444444444444,0.4444444444444444
1005,961,251,245,13,True,False,5,5,0,0,0,0.0,0.0,0.0,0.0,0.0
1005,962,251,245,34,True,False,5,5,0,0,0,0.0,0.0,0.0,0.0,0.0
1005,963,251,245,58,True,False,5,5,0,0,0,0.0,0.0,0.0,0.0,0.0
1005,964,251,245,129,True,False,5,5,0,0,0,0.0,0.0,0.0,0.0,0.0
1005,965,251,245,169,True,False,5,5,0,0,0,0.0,0.0,0.0,0.0,0.0
1005,966,251,245,253,True,True,5,5,5,10,2,0.0,0.0,2.0,1.0,2.0
1005,967,251,245,256,True,True,5,5,5,5,2,0.0,0.0,1.0,1.0,1.0
1005,968,251,245,281,True,False,5,5,0,0,0,0.0,0.0,0.0,0.0,0.0
1005,969,251,245,313,True,False,5,5,0,0,0,0.0,0.0,0.0,0.0,0.0
1005,970,251,245,353,True,False,5,5,0,0,0,0.0,0.0,0.0,0.0,0.0
1005,971,251,245,433,True,False,5,5,0,0,0,0.0,0.0,0.0,0.0,0.0
1005,972,251,245,472,True,False,5,5,0,0,0,0.0,0.0,0.0,0.0,0.0
1006,1019,251,253,2,True,False,122,122,0,0,0,0.0,0.0,0.0,0.0,0.0
1006,1020,251,253,22,True,True,122,122,23,31,4,0.0,1.0,0.2540983606557377,0.1885245901639344,0.2540983606557377
1006,1021,251,253,139,True,True,122,122,41,82,9,0.0,1.0,0.6721311475409836,0.3360655737704918,0.6721311475409836
1006,1022,251,253,144,True,True,122,122,3,3,1,0.0,1.0,0.02459016393442623,0.02459016393442623,0.02459016393442623
1006,1023,251,253,175,True,True,122,122,9,21,2,0.0,2.0,0.1721311475409836,0.07377049180327869,0.1721311475409836
1006,1024,251,253,256,True,True,122,122,122,430,26,0.0,1.0,3.5245901639344264,1.0,3.5245901639344264
1006,1025,251,253,273,True,True,122,122,50,82,10,0.0,1.0,0.6721311475409836,0.4098360655737705,0.6721311475409836
1006,1026,251,253,353,True,False,122,122,0,0,0,0.0,0.0,0.0,0.0,0.0
1007,1145,251,279,23,True,False,107,107,0,0,0,0.0,0.0,0.0,0.0,0.0
1007,1146,251,279,143,True,True,107,107,21,299,2,0.0,4.0,2.794392523364486,0.19626168224299065,2.794392523364486
1007,1147,251,279,157,True,True,107,107,22,230,2,0.0,1.0,2.149532710280374,0.205607476635514,2.149532710280374
1007,1148,251,279,161,True,True,107,107,12,36,2,0.0,0.0,0.3364485981308411,0.11214953271028037,0.3364485981308411
1007,1149,251,279,208,True,False,107,107,0,0,0,0.0,0.0,0.0,0.0,0.0
1007,1150,251,279,440,True,False,107,107,0,0,0,0.0,0.0,0.0,0.0,0.0
1007,1151,251,279,474,True,False,107,107,0,0,0,0.0,0.0,0.0,0.0,0.0
1007,1152,251,279,509,True,False,107,107,0,0,0,0.0,0.0,0.0,0.0,0.0
1008,1299,251,319,6,True,False,113,113,0,0,0,0.0,0.0,0.0,0.0,0.0
1008,1300,251,319,12,True,True,113,113,24,63,6,0.0,0.0,0.5575221238938053,0.21238938053097345,0.5575221238938053
1008,1301,251,319,74,True,True,113,113,6,14,1,0.0,1.0,0.12389380530973451,0.05309734513274336,0.12389380530973451
1008,1302,251,319,113,True,False,113,113,0,0,0,0.0,0.0,0.0,0.0,0.0
1008,1303,251,319,121,True,False,113,113,0,0,0,0.0,0.0,0.0,0.0,0.0
1008,1304,251,319,156,True,True,113,113,48,101,11,0.0,0.0,0.8938053097345132,0.4247787610619469,0.8938053097345132
1008,1305,251,319,243,True,True,113,113,101,185,19,0.0,1.0,1.6371681415929205,0.8938053097345132,1.6371681415929205
1008,1306,251,319,251,True,False,113,113,0,0,0,0.0,0.0,0.0,0.0,0.0
1008,1307,251,319,321,True,False,113,113,0,0,0,0.0,0.0,0.0,0.0,0.0
1008,1308,251,319,361,True,True,113,113,2,2,1,0.0,0.0,0.017699115044247787,0.017699115044247787,0.017699115044247787
1008,1309,251,319,449,True,True,113,113,113,314,22,0.0,0.0,2.7787610619469025,1.0,2.7787610619469025
1008,1310,251,319,463,True,True,113,113,95,279,18,0.0,1.0,2.4690265486725664,0.8407079646017699,2.4690265486725664
1008,1311,251,319,481,True,False,113,113,0,0,0,0.0,0.0,0.0,0.0,0.0
1009,1480,251,381,12,True,False,10,10,0,0,0,0.0,0.0,0.0,0.0,0.0
1009,1481,251,381,31,True,False,10,10,0,0,0,0.0,0.0,0.0,0.0,0.0
1009,1482,251,381,58,True,True,10,10,7,7,2,0.0,1.0,0.7,0.7,0.7
1009,1483,251,381,74,True,False,10,10,0,0,0,0.0,0.0,0.0,0.0,0.0
1009,1484,251,381,121,True,False,10,10,0,0,0,0.0,0.0,0.0,0.0,0.0
1009,1485,251,381,141,True,False,10,10,0,0,0,0.0,0.0,0.0,0.0,0.0
1009,1486,251,381,156,True,True,10,10,10,14,3,0.0,0.0,1.4,1.0,1.4
1009,1487,251,381,248,True,False,10,10,0,0,0,0.0,0.0,0.0,0.0,0.0
1009,1488,251,381,251,True,False,10,10,0,0,0,0.0,0.0,0.0,0.0,0.0
1009,1489,251,381,319,True,True,10,10,3,3,1,0.0,0.0,0.3,0.3,0.3
1009,1490,251,381,433,True,False,10,10,0,0,0,0.0,0.0,0.0,0.0,0.0
1009,1491,251,381,449,True,True,10,10,10,17,3,0.0,0.0,1.7,1.0,1.7
1009,1492,251,381,463,True,True,10,10,10,25,3,0.0,0.0,2.5,1.0,2.5
1010,1713,251,449,6,True,False,9,9,0,0,0,0.0,0.0,0.0,0.0,0.0
1010,1714,251,449,12,True,True,9,9,4,8,2,0.0,0.0,0.8888888888888888,0.4444444444444444,0.8888888888888888
1010,1715,251,449,58,True,True,9,9,1,2,1,0.0,0.5,0.2222222222222222,0.1111111111111111,0.2222222222222222
1010,1716,251,449,113,True,False,9,9,0,0,0,0.0,0.0,0.0,0.0,0.0
1010,1717,251,449,121,True,False,9,9,0,0,0,0.0,0.0,0.0,0.0,0.0
1010,1718,251,449,217,True,False,9,9,0,0,0,0.0,0.0,0.0,0.0,0.0
1010,1719,251,449,243,True,True,9,9,7,28,4,0.0,1.0,3.111111111111111,0.7777777777777778,3.111111111111111
1010,1720,251,449,251,True,False,9,9,0,0,0,0.0,0.0,0.0,0.0,0.0
1010,1721,251,449,262,True,False,9,9,0,0,0,0.0,0.0,0.0,0.0,0.0
1010,1722,251,449,321,True,False,9,9,0,0,0,0.0,0.0,0.0,0.0,0.0
1010,1723,251,449,361,True,False,9,9,0,0,0,0.0,0.0,0.0,0.0,0.0
1010,1724,251,449,463,True,True,9,9,8,19,5,0.0,0.0,2.111111111111111,0.8888888888888888,2.111111111111111
1010,1725,251,449,481,True,False,9,9,0,0,0,0.0,0.0,0.0,0.0,0.0
1011,183,252,30,176,True,False,5,5,0,0,0,0.0,0.0,0.0,0.0,0.0
1011,184,252,30,199,True,False,5,5,0,0,0,0.0,0.0,0.0,0.0,0.0
1011,185,252,30,238,True,False,5,5,0,0,0,0.0,0.0,0.0,0.0,0.0
1011,186,252,30,252,True,True,5,5,5,25,2,0.0,0.0,5.0,1.0,5.0
1011,187,252,30,290,True,False,5,5,0,0,0,0.0,0.0,0.0,0.0,0.0
1011,188,252,30,317,True,False,5,5,0,0,0,0.0,0.0,0.0,0.0,0.0
1011,189,252,30,383,True,False,5,5,0,0,0,0.0,0.0,0.0,0.0,0.0
1011,190,252,30,404,True,False,5,5,0,0,0,0.0,0.0,0.0,0.0,0.0
1011,191,252,30,474,True,False,5,5,0,0,0,0.0,0.0,0.0,0.0,0.0
1011,192,252,30,494,True,False,5,5,0,0,0,0.0,0.0,0.0,0.0,0.0
1012,232,252,39,117,True,False,192,192,0,0,0,0.0,0.0,0.0,0.0,0.0
1012,233,252,39,169,True,True,192,192,6,75,1,0.0,1.0,0.390625,0.03125,0.390625
1012,234,252,39,176,True,True,192,192,73,891,6,0.0,5.0,4.640625,0.3802083333333333,4.640625
1012,235,252,39,199,True,True,192,192,27,108,5,0.0,1.0,0.5625,0.140625,0.5625
1012,236,252,39,252,True,True,192,192,64,507,7,0.0,2.0,2.640625,0.3333333333333333,2.640625
1012,237,252,39,294,True,False,192,192,0,0,0,0.0,0.0,0.0,0.0,0.0
1012,238,252,39,317,True,True,192,192,36,384,3,0.0,3.5,2.0,0.1875,2.0
1012,239,252,39,371,True,False,192,192,0,0,0,0.0,0.0,0.0,0.0,0.0
1012,240,252,39,383,True,True,192,192,26,238,4,0.0,1.0,1.2395833333333333,0.13541666666666666,1.2395833333333333
1012,241,252,39,404,True,False,192,192,0,0,0,0.0,0.0,0.0,0.0,0.0
1012,242,252,39,455,True,False,192,192,0,0,0,0.0,0.0,0.0,0.0,0.0
1012,243,252,39,494,True,True,192,192,3,5,1,0.0,0.0,0.026041666666666668,0.015625,0.026041666666666668
1012,244,252,39,508,True,False,192,192,0,0,0,0.0,0.0,0.0,0.0,0.0
1013,776,252,176,16,True,False,129,129,0,0,0,0.0,0.0,0.0,0.0,0.0
1013,777,252,176,266,True,True,129,129,116,1228,8,0.0,8.0,9.51937984496124,0.8992248062015504,9.51937984496124
1013,778,252,176,383,True,False,129,129,0,0,0,0.0,0.0,0.0,0.0,0.0
1013,779,252,176,462,True,False,129,129,0,0,0,0.0,0.0,0.0,0.0,0.0
1014,831,252,199,10,True,False,111,111,0,0,0,0.0,0.0,0.0,0.0,0.0
1014,832,252,199,39,True,True,111,111,13,75,2,0.0,1.0,0.6756756756756757,0.11711711711711711,0.6756756756756757
1014,833,252,199,77,True,True,111,111,9,66,2,1.0,4.0,0.5945945945945946,0.08108108108108109,0.5945945945945946
1014,834,252,199,117,True,False,111,111,0,0,0,0.0,0.0,0.0,0.0,0.0
1014,835,252,199,170,True,False,111,111,0,0,0,0.0,0.0,0.0,0.0,0.0
1014,836,252,199,176,True,True,111,111,16,146,2,0.0,3.0,1.3153153153153154,0.14414414414414414,1.3153153153153154
1014,837,252,199,238,True,False,111,111,0,0,0,0.0,0.0,0.0,0.0,0.0
1014,838,252,199,252,True,True,111,111,9,30,3,0.0,0.0,0.2702702702702703,0.08108108108108109,0.2702702702702703
1014,839,252,199,317,True,True,111,111,32,214,4,0.0,1.0,1.927927927927928,0.2882882882882883,1.927927927927928
1014,840,252,199,383,True,True,111,111,26,52,2,0.0,2.0,0.46846846846846846,0.23423423423423423,0.46846846846846846
1014,841,252,199,387,True,False,111,111,0,0,0,0.0,0.0,0.0,0.0,0.0
1014,842,252,199,402,True,True,111,111,3,6,1,0.0,0.0,0.05405405405405406,0.02702702702702703,0.05405405405405406
1014,843,252,199,404,True,False,111,111,0,0,0,0.0,0.0,0.0,0.0,0.0
1014,844,252,199,462,True,False,111,111,0,0,0,0.0,0.0,0.0,0.0,0.0
1014,845,252,199,494,True,True,111,111,12,26,1,0.0,1.0,0.23423423423423423,0.10810810810810811,0.23423423423423423
1015,1049,252,259,1,True,False,4,4,0,0,0,0.0,0.0,0.0,0.0,0.0
1015,1050,252,259,30,True,False,4,4,0,0,0,0.0,0.0,0.0,0.0,0.0
1015,1051,252,259,109,True,False,4,4,0,0,0,0.0,0.0,0.0,0.0,0.0
1015,1052,252,259,146,True,False,4,4,0,0,0,0.0,0.0,0.0,0.0,0.0
1015,1053,252,259,149,True,False,4,4,0,0,0,0.0,0.0,0.0,0.0,0.0
1015,1054,252,259,163,True,False,4,4,0,0,0,0.0,0.0,0.0,0.0,0.0
1015,1055,252,259,247,True,False,4,4,0,0,0,0.0,0.0,0.0,0.0,0.0
1015,1056,252,259,252,True,True,4,4,3,12,1,0.0,0.0,3.0,0.75,3.0
1015,1057,252,259,263,True,False,4,4,0,0,0,0.0,0.0,0.0,0.0,0.0
1015,1058,252,259,288,True,False,4,4,0,0,0,0.0,0.0,0.0,0.0,0.0
1015,1059,252,259,297,True,False,4,4,0,0,0,0.0,0.0,0.0,0.0,0.0
1015,1060,252,259,328,True,False,4,4,0,0,0,0.0,0.0,0.0,0.0,0.0
1015,1061,252,259,346,True,False,4,4,0,0,0,0.0,0.0,0.0,0.0,0.0
1015,1062,252,259,352,True,False,4,4,0,0,0,0.0,0.0,0.0,0.0,0.0
1015,1063,252,259,371,True,False,4,4,0,0,0,0.0,0.0,0.0,0.0,0.0
1015,1064,252,259,382,True,False,4,4,0,0,0,0.0,0.0,0.0,0.0,0.0
1015,1065,252,259,398,True,False,4,4,0,0,0,0.0,0.0,0.0,0.0,0.0
1015,1066,252,259,404,True,False,4,4,0,0,0,0.0,0.0,0.0,0.0,0.0
1015,1067,252,259,405,True,False,4,4,0,0,0,0.0,0.0,0.0,0.0,0.0
1015,1068,252,259,410,True,False,4,4,0,0,0,0.0,0.0,0.0,0.0,0.0
1015,1069,252,259,494,True,False,4,4,0,0,0,0.0,0.0,0.0,0.0,0.0
1016,1282,252,317,30,True,True,34,34,20,39,1,0.0,3.0,1.1470588235294117,0.5882352941176471,1.1470588235294117
1016,1283,252,317,39,True,False,34,34,0,0,0,0.0,0.0,0.0,0.0,0.0
1016,1284,252,317,176,True,False,34,34,0,0,0,0.0,0.0,0.0,0.0,0.0
1016,1285,252,317,199,True,False,34,34,0,0,0,0.0,0.0,0.0,0.0,0.0
1016,1286,252,317,238,True,False,34,34,0,0,0,0.0,0.0,0.0,0.0,0.0
1016,1287,252,317,252,True,True,34,34,26,320,3,0.0,2.0,9.411764705882353,0.7647058823529411,9.411764705882353
1016,1288,252,317,294,True,False,34,34,0,0,0,0.0,0.0,0.0,0.0,0.0
1016,1289,252,317,371,True,False,34,34,0,0,0,0.0,0.0,0.0,0.0,0.0
1016,1290,252,317,383,True,True,34,34,2,27,2,0.0,2.0,0.7941176470588235,0.058823529411764705,0.7941176470588235
1016,1291,252,317,387,True,False,34,34,0,0,0,0.0,0.0,0.0,0.0,0.0
1016,1292,252,317,404,True,False,34,34,0,0,0,0.0,0.0,0.0,0.0,0.0
1016,1293,252,317,455,True,False,34,34,0,0,0,0.0,0.0,0.0,0.0,0.0
1016,1294,252,317,462,True,True,34,34,6,62,2,5.0,9.0,1.8235294117647058,0.17647058823529413,1.8235294117647058
1016,1295,252,317,494,True,False,34,34,0,0,0,0.0,0.0,0.0,0.0,0.0
1017,1454,252,371,39,True,True,5,5,1,4,1,0.0,0.0,0.8,0.2,0.8
1017,1455,252,371,126,True,False,5,5,0,0,0,0.0,0.0,0.0,0.0,0.0
1017,1456,252,371,146,True,False,5,5,0,0,0,0.0,0.0,0.0,0.0,0.0
1017,1457,252,371,163,True,False,5,5,0,0,0,0.0,0.0,0.0,0.0,0.0
1017,1458,252,371,247,True,False,5,5,0,0,0,0.0,0.0,0.0,0.0,0.0
1017,1459,252,371,252,True,True,5,5,4,22,1,0.0,0.0,4.4,0.8,4.4
1017,1460,252,371,259,True,True,5,5,5,7,2,0.0,0.0,1.4,1.0,1.4
1017,1461,252,371,385,True,False,5,5,0,0,0,0.0,0.0,0.0,0.0,0.0
1018,1505,252,383,21,True,True,73,73,2,4,2,7.0,8.5,0.0547945205479452,0.0273972602739726,0.0547945205479452
1018,1506,252,383,39,True,True,73,73,25,142,2,0.0,1.0,1.9452054794520548,0.3424657534246575,1.9452054794520548
1018,1507,252,383,61,True,True,73,73,2,6,2,6.0,7.5,0.0821917808219178,0.0273972602739726,0.0821917808219178
1018,1508,252,383,129,True,False,73,73,0,0,0,0.0,0.0,0.0,0.0,0.0
1018,1509,252,383,141,True,True,73,73,1,3,1,9.0,10.0,0.0410958904109589,0.0136986301369863,0.0410958904109589
1018,1510,252,383,169,True,True,73,73,57,622,7,0.0,3.0,8.520547945205479,0.7808219178082192,8.520547945205479
1018,1511,252,383,179,True,False,73,73,0,0,0,0.0,0.0,0.0,0.0,0.0
1018,1512,252,383,186,True,False,73,73,0,0,0,0.0,0.0,0.0,0.0,0.0
1018,1513,252,383,273,True,False,73,73,0,0,0,0.0,0.0,0.0,0.0,0.0
1018,1514,252,383,281,True,False,73,73,0,0,0,0.0,0.0,0.0,0.0,0.0
1018,1515,252,383,313,True,False,73,73,0,0,0,0.0,0.0,0.0,0.0,0.0
1018,1516,252,383,317,True,True,73,73,14,75,1,0.0,1.0,1.0273972602739727,0.1917808219178082,1.0273972602739727
1018,1517,252,383,335,True,False,73,73,0,0,0,0.0,0.0,0.0,0.0,0.0
1018,1518,252,383,433,True,False,73,73,0,0,0,0.0,0.0,0.0,0.0,0.0
1018,1519,252,383,455,True,False,73,73,0,0,0,0.0,0.0,0.0,0.0,0.0
1018,1520,252,383,508,True,False,73,73,0,0,0,0.0,0.0,0.0,0.0,0.0
1019,13,253,2,21,True,False,29,29,0,0,0,0.0,0.0,0.0,0.0,0.0
1019,14,253,2,31,True,False,29,29,0,0,0,0.0,0.0,0.0,0.0,0.0
1019,15,253,2,43,True,False,29,29,0,0,0,0.0,0.0,0.0,0.0,0.0
1019,16,253,2,61,True,False,29,29,0,0,0,0.0,0.0,0.0,0.0,0.0
1019,17,253,2,74,True,False,29,29,0,0,0,0.0,0.0,0.0,0.0,0.0
1019,18,253,2,126,True,True,29,29,9,105,2,1.0,5.0,3.6206896551724137,0.3103448275862069,3.6206896551724137
1019,19,253,2,144,True,True,29,29,3,23,1,0.0,0.0,0.7931034482758621,0.10344827586206896,0.7931034482758621
1019,20,253,2,175,True,True,29,29,1,4,1,0.0,0.0,0.13793103448275862,0.034482758620689655,0.13793103448275862
1019,21,253,2,179,True,False,29,29,0,0,0,0.0,0.0,0.0,0.0,0.0
1019,22,253,2,186,True,False,29,29,0,0,0,0.0,0.0,0.0,0.0,0.0
1019,23,253,2,313,True,False,29,29,0,0,0,0.0,0.0,0.0,0.0,0.0
1019,24,253,2,488,True,False,29,29,0,0,0,0.0,0.0,0.0,0.0,0.0
1020,129,253,22,21,True,False,6,6,0,0,0,0.0,0.0,0.0,0.0,0.0
1020,130,253,22,31,True,False,6,6,0,0,0,0.0,0.0,0.0,0.0,0.0
1020,131,253,22,43,True,False,6,6,0,0,0,0.0,0.0,0.0,0.0,0.0
1020,132,253,22,61,True,False,6,6,0,0,0,0.0,0.0,0.0,0.0,0.0
1020,133,253,22,74,True,False,6,6,0,0,0,0.0,0.0,0.0,0.0,0.0
1020,134,253,22,79,True,False,6,6,0,0,0,0.0,0.0,0.0,0.0,0.0
1020,135,253,22,139,True,True,6,6,4,24,3,0.0,0.0,4.0,0.6666666666666666,4.0
1020,136,253,22,144,True,False,6,6,0,0,0,0.0,0.0,0.0,0.0,0.0
1020,137,253,22,175,True,False,6,6,0,0,0,0.0,0.0,0.0,0.0,0.0
1020,138,253,22,179,True,False,6,6,0,0,0,0.0,0.0,0.0,0.0,0.0
1020,139,253,22,186,True,False,6,6,0,0,0,0.0,0.0,0.0,0.0,0.0
1020,140,253,22,273,True,True,6,6,3,13,2,0.0,0.0,2.1666666666666665,0.5,2.1666666666666665
1021,514,253,139,22,True,True,26,26,3,10,3,0.0,5.5,0.38461538461538464,0.11538461538461539,0.38461538461538464
1021,515,253,139,79,True,True,26,26,4,23,2,4.0,8.0,0.8846153846153846,0.15384615384615385,0.8846153846153846
1021,516,253,139,80,True,True,26,26,7,69,3,3.0,7.0,2.6538461538461537,0.2692307692307692,2.6538461538461537
1021,517,253,139,126,True,True,26,26,1,15,1,1.0,4.0,0.5769230769230769,0.038461538461538464,0.5769230769230769
1021,518,253,139,144,True,False,26,26,0,0,0,0.0,0.0,0.0,0.0,0.0
1021,519,253,139,149,True,True,26,26,12,103,5,0.0,4.0,3.9615384615384617,0.46153846153846156,3.9615384615384617
1021,520,253,139,151,True,False,26,26,0,0,0,0.0,0.0,0.0,0.0,0.0
1021,521,253,139,175,True,False,26,26,0,0,0,0.0,0.0,0.0,0.0,0.0
1021,522,253,139,184,True,True,26,26,6,48,4,2.0,6.0,1.8461538461538463,0.23076923076923078,1.8461538461538463
1021,523,253,139,199,True,False,26,26,0,0,0,0.0,0.0,0.0,0.0,0.0
1021,524,253,139,229,True,True,26,26,1,10,1,3.0,5.0,0.38461538461538464,0.038461538461538464,0.38461538461538464
1021,525,253,139,230,True,True,26,26,5,41,2,4.0,7.0,1.5769230769230769,0.19230769230769232,1.5769230769230769
1021,526,253,139,258,True,True,26,26,1,6,1,5.0,6.5,0.23076923076923078,0.038461538461538464,0.23076923076923078
1021,527,253,139,273,True,True,26,26,1,9,1,4.0,6.0,0.34615384615384615,0.038461538461538464,0.34615384615384615
1021,528,253,139,311,True,False,26,26,0,0,0,0.0,0.0,0.0,0.0,0.0
1021,529,253,139,315,True,False,26,26,0,0,0,0.0,0.0,0.0,0.0,0.0
1021,530,253,139,390,True,True,26,26,4,6,2,4.0,5.0,0.23076923076923078,0.15384615384615385,0.23076923076923078
1021,531,253,139,415,True,True,26,26,1,9,1,2.0,4.0,0.34615384615384615,0.038461538461538464,0.34615384615384615
1022,558,253,144,2,True,False,5,5,0,0,0,0.0,0.0,0.0,0.0,0.0
1022,559,253,144,21,True,False,5,5,0,0,0,0.0,0.0,0.0,0.0,0.0
1022,560,253,144,22,True,False,5,5,0,0,0,0.0,0.0,0.0,0.0,0.0
1022,561,253,144,31,True,False,5,5,0,0,0,0.0,0.0,0.0,0.0,0.0
1022,562,253,144,61,True,False,5,5,0,0,0,0.0,0.0,0.0,0.0,0.0
1022,563,253,144,74,True,False,5,5,0,0,0,0.0,0.0,0.0,0.0,0.0
1022,564,253,144,79,True,True,5,5,3,3,1,6.0,7.0,0.6,0.6,0.6
1022,565,253,144,126,True,True,5,5,1,4,1,3.0,6.0,0.8,0.2,0.8
1022,566,253,144,139,True,True,5,5,1,11,1,0.0,2.0,2.2,0.2,2.2
1022,567,253,144,179,True,False,5,5,0,0,0,0.0,0.0,0.0,0.0,0.0
1022,568,253,144,186,True,False,5,5,0,0,0,0.0,0.0,0.0,0.0,0.0
1022,569,253,144,229,True,True,5,5,4,57,2,2.0,6.0,11.4,0.8,11.4
1022,570,253,144,248,True,False,5,5,0,0,0,0.0,0.0,0.0,0.0,0.0
1022,571,253,144,315,True,False,5,5,0,0,0,0.0,0.0,0.0,0.0,0.0
1022,572,253,144,488,True,False,5,5,0,0,0,0.0,0.0,0.0,0.0,0.0
1023,758,253,175,2,True,True,95,95,1,2,1,5.0,5.5,0.021052631578947368,0.010526315789473684,0.021052631578947368
1023,759,253,175,21,True,False,95,95,0,0,0,0.0,0.0,0.0,0.0,0.0
1023,760,253,175,31,True,False,95,95,0,0,0,0.0,0.0,0.0,0.0,0.0
1023,761,253,175,43,True,False,95,95,0,0,0,0.0,0.0,0.0,0.0,0.0
1023,762,253,175,61,True,False,95,95,0,0,0,0.0,0.0,0.0,0.0,0.0
1023,763,253,175,74,True,False,95,95,0,0,0,0.0,0.0,0.0,0.0,0.0
1023,764,253,175,80,True,True,95,95,24,212,10,0.0,6.0,2.231578947368421,0.25263157894736843,2.231578947368421
1023,765,253,175,126,True,True,95,95,8,64,4,1.0,6.0,0.6736842105263158,0.08421052631578947,0.6736842105263158
1023,766,253,175,139,True,True,95,95,40,351,17,0.0,1.0,3.694736842105263,0.42105263157894735,3.694736842105263
1023,767,253,175,179,True,False,95,95,0,0,0,0.0,0.0,0.0,0.0,0.0
1023,768,253,175,186,True,False,95,95,0,0,0,0.0,0.0,0.0,0.0,0.0
1023,769,253,175,248,True,False,95,95,0,0,0,0.0,0.0,0.0,0.0,0.0
1023,770,253,175,258,True,True,95,95,3,15,1,4.0,7.0,0.15789473684210525,0.031578947368421054,0.15789473684210525
1023,771,253,175,273,True,False,95,95,0,0,0,0.0,0.0,0.0,0.0,0.0
1023,772,253,175,311,True,True,95,95,7,22,3,5.0,8.0,0.23157894736842105,0.07368421052631578,0.23157894736842105
1023,773,253,175,390,True,True,95,95,7,13,3,5.0,7.0,0.1368421052631579,0.07368421052631578,0.1368421052631579
1023,774,253,175,415,True,True,95,95,7,22,3,0.0,2.0,0.23157894736842105,0.07368421052631578,0.23157894736842105
1023,775,253,175,488,True,False,95,95,0,0,0,0.0,0.0,0.0,0.0,0.0
1024,1027,253,256,22,True,True,442,442,27,55,7,0.0,0.0,0.1244343891402715,0.06108597285067873,0.1244343891402715
1024,1028,253,256,117,True,False,442,442,0,0,0,0.0,0.0,0.0,0.0,0.0
1024,1029,253,256,139,True,True,442,442,177,753,39,0.0,0.0,1.7036199095022624,0.4004524886877828,1.7036199095022624
1024,1030,253,256,144,True,True,442,442,11,46,2,0.0,0.0,0.10407239819004525,0.024886877828054297,0.10407239819004525
1024,1031,253,256,169,True,False,442,442,0,0,0,0.0,0.0,0.0,0.0,0.0
1024,1032,253,256,175,True,True,442,442,191,1046,30,0.0,0.0,2.3665158371040724,0.4321266968325792,2.3665158371040724
1024,1033,253,256,199,True,False,442,442,0,0,0,0.0,0.0,0.0,0.0,0.0
1024,1034,253,256,273,True,True,442,442,109,510,27,0.0,0.0,1.1538461538461537,0.24660633484162897,1.1538461538461537
1024,1035,253,256,281,True,False,442,442,0,0,0,0.0,0.0,0.0,0.0,0.0
1024,1036,253,256,433,True,False,442,442,0,0,0,0.0,0.0,0.0,0.0,0.0
1024,1037,253,256,455,True,False,442,442,0,0,0,0.0,0.0,0.0,0.0,0.0
1024,1038,253,256,508,True,False,442,442,0,0,0,0.0,0.0,0.0,0.0,0.0
1025,1127,253,273,21,True,False,49,49,0,0,0,0.0,0.0,0.0,0.0,0.0
1025,1128,253,273,22,True,True,49,49,1,9,1,0.0,1.0,0.1836734693877551,0.02040816326530612,0.1836734693877551
1025,1129,253,273,31,True,False,49,49,0,0,0,0.0,0.0,0.0,0.0,0.0
1025,1130,253,273,43,True,False,49,49,0,0,0,0.0,0.0,0.0,0.0,0.0
1025,1131,253,273,61,True,False,49,49,0,0,0,0.0,0.0,0.0,0.0,0.0
1025,1132,253,273,74,True,False,49,49,0,0,0,0.0,0.0,0.0,0.0,0.0
1025,1133,253,273,79,True,True,49,49,19,175,9,1.0,7.0,3.5714285714285716,0.3877551020408163,3.5714285714285716
1025,1134,253,273,80,True,True,49,49,6,36,4,0.0,2.0,0.7346938775510204,0.12244897959183673,0.7346938775510204
1025,1135,253,273,126,True,True,49,49,4,27,2,2.0,7.0,0.5510204081632653,0.08163265306122448,0.5510204081632653
1025,1136,253,273,139,True,True,49,49,30,171,15,0.0,1.0,3.489795918367347,0.6122448979591837,3.489795918367347
1025,1137,253,273,144,True,True,49,49,1,1,1,0.0,0.0,0.02040816326530612,0.02040816326530612,0.02040816326530612
1025,1138,253,273,151,True,False,49,49,0,0,0,0.0,0.0,0.0,0.0,0.0
1025,1139,253,273,179,True,False,49,49,0,0,0,0.0,0.0,0.0,0.0,0.0
1025,1140,253,273,184,True,True,49,49,1,1,1,7.0,7.0,0.02040816326530612,0.02040816326530612,0.02040816326530612
1025,1141,253,273,186,True,False,49,49,0,0,0,0.0,0.0,0.0,0.0,0.0
1025,1142,253,273,229,True,True,49,49,4,44,2,2.0,5.0,0.8979591836734694,0.08163265306122448,0.8979591836734694
1025,1143,253,273,230,True,False,49,49,0,0,0,0.0,0.0,0.0,0.0,0.0
1025,1144,253,273,248,True,False,49,49,0,0,0,0.0,0.0,0.0,0.0,0.0
1026,1398,253,353,2,True,True,96,96,65,412,8,0.0,0.0,4.291666666666667,0.6770833333333334,4.291666666666667
1026,1399,253,353,113,True,False,96,96,0,0,0,0.0,0.0,0.0,0.0,0.0
1026,1400,253,353,139,True,True,96,96,10,10,3,0.0,0.0,0.10416666666666667,0.10416666666666667,0.10416666666666667
1026,1401,253,353,144,True,True,96,96,10,48,2,0.0,0.0,0.5,0.10416666666666667,0.5
1026,1402,253,353,175,True,True,96,96,30,145,6,0.0,0.0,1.5104166666666667,0.3125,1.5104166666666667
1026,1403,253,353,321,True,False,96,96,0,0,0,0.0,0.0,0.0,0.0,0.0
1026,1404,253,353,335,True,False,96,96,0,0,0,0.0,0.0,0.0,0.0,0.0
1026,1405,253,353,455,True,False,96,96,0,0,0,0.0,0.0,0.0,0.0,0.0
1026,1406,253,353,481,True,False,96,96,0,0,0,0.0,0.0,0.0,0.0,0.0
1026,1407,253,353,508,True,False,96,96,0,0,0,0.0,0.0,0.0,0.0,0.0
1027,129,256,22,21,True,False,17,17,0,0,0,0.0,0.0,0.0,0.0,0.0
1027,130,256,22,31,True,False,17,17,0,0,0,0.0,0.0,0.0,0.0,0.0
1027,131,256,22,43,True,False,17,17,0,0,0,0.0,0.0,0.0,0.0,0.0
1027,132,256,22,61,True,False,17,17,0,0,0,0.0,0.0,0.0,0.0,0.0
1027,133,256,22,74,True,False,17,17,0,0,0,0.0,0.0,0.0,0.0,0.0
1027,134,256,22,79,True,False,17,17,0,0,0,0.0,0.0,0.0,0.0,0.0
1027,135,256,22,139,True,True,17,17,15,107,6,0.0,0.0,6.294117647058823,0.8823529411764706,6.294117647058823
1027,136,256,22,144,True,False,17,17,0,0,0,0.0,0.0,0.0,0.0,0.0
1027,137,256,22,175,True,False,17,17,0,0,0,0.0,0.0,0.0,0.0,0.0
1027,138,256,22,179,True,False,17,17,0,0,0,0.0,0.0,0.0,0.0,0.0
1027,139,256,22,186,True,False,17,17,0,0,0,0.0,0.0,0.0,0.0,0.0
1027,140,256,22,273,True,True,17,17,14,42,5,0.0,5.0,2.4705882352941178,0.8235294117647058,2.4705882352941178
1028,446,256,117,10,True,True,9,9,6,30,2,1.0,4.0,3.3333333333333335,0.6666666666666666,3.3333333333333335
1028,447,256,117,16,True,False,9,9,0,0,0,0.0,0.0,0.0,0.0,0.0
1028,448,256,117,80,True,True,9,9,6,46,2,0.0,2.0,5.111111111111111,0.6666666666666666,5.111111111111111
1028,449,256,117,199,True,False,9,9,0,0,0,0.0,0.0,0.0,0.0,0.0
1028,450,256,117,238,True,True,9,9,2,10,1,0.0,2.5,1.1111111111111112,0.2222222222222222,1.1111111111111112
1028,451,256,117,268,True,False,9,9,0,0,0,0.0,0.0,0.0,0.0,0.0
1028,452,256,117,281,True,False,9,9,0,0,0,0.0,0.0,0.0,0.0,0.0
1028,453,256,117,294,True,True,9,9,3,12,1,4.0,6.5,1.3333333333333333,0.3333333333333333,1.3333333333333333
1028,454,256,117,317,True,False,9,9,0,0,0,0.0,0.0,0.0,0.0,0.0
1028,455,256,117,324,True,False,9,9,0,0,0,0.0,0.0,0.0,0.0,0.0
1028,456,256,117,378,True,False,9,9,0,0,0,0.0,0.0,0.0,0.0,0.0
1028,457,256,117,383,True,False,9,9,0,0,0,0.0,0.0,0.0,0.0,0.0
1028,458,256,117,387,True,False,9,9,0,0,0,0.0,0.0,0.0,0.0,0.0
1028,459,256,117,455,True,False,9,9,0,0,0,0.0,0.0,0.0,0.0,0.0
1028,460,256,117,462,True,False,9,9,0,0,0,0.0,0.0,0.0,0.0,0.0
1028,461,256,117,494,True,True,9,9,2,24,1,3.0,7.0,2.6666666666666665,0.2222222222222222,2.6666666666666665
1029,514,256,139,22,True,True,201,201,32,90,5,0.0,3.0,0.44776119402985076,0.15920398009950248,0.44776119402985076
1029,515,256,139,79,True,True,201,201,35,221,7,0.0,5.0,1.099502487562189,0.17412935323383086,1.099502487562189
1029,516,256,139,80,True,True,201,201,53,437,12,0.0,4.0,2.174129353233831,0.263681592039801,2.174129353233831
1029,517,256,139,126,True,True,201,201,4,56,1,0.0,2.0,0.27860696517412936,0.01990049751243781,0.27860696517412936
1029,518,256,139,144,True,False,201,201,0,0,0,0.0,0.0,0.0,0.0,0.0
1029,519,256,139,149,True,True,201,201,51,472,7,0.0,2.5,2.3482587064676617,0.2537313432835821,2.3482587064676617
1029,520,256,139,151,True,False,201,201,0,0,0,0.0,0.0,0.0,0.0,0.0
1029,521,256,139,175,True,True,201,201,6,31,2,0.0,2.0,0.15422885572139303,0.029850746268656716,0.15422885572139303
1029,522,256,139,184,True,True,201,201,30,281,6,0.0,5.0,1.3980099502487562,0.14925373134328357,1.3980099502487562
1029,523,256,139,199,True,True,201,201,3,14,3,0.0,0.0,0.06965174129353234,0.014925373134328358,0.06965174129353234
1029,524,256,139,229,True,True,201,201,9,109,2,0.0,3.0,0.5422885572139303,0.04477611940298507,0.5422885572139303
1029,525,256,139,230,True,True,201,201,27,154,3,1.0,5.0,0.7661691542288557,0.13432835820895522,0.7661691542288557
1029,526,256,139,258,True,True,201,201,9,54,1,1.0,5.0,0.26865671641791045,0.04477611940298507,0.26865671641791045
1029,527,256,139,273,True,True,201,201,22,148,5,0.0,3.0,0.736318407960199,0.10945273631840796,0.736318407960199
1029,528,256,139,311,True,True,201,201,8,18,2,0.0,3.0,0.08955223880597014,0.03980099502487562,0.08955223880597014
1029,529,256,139,315,True,True,201,201,2,14,1,0.0,0.0,0.06965174129353234,0.009950248756218905,0.06965174129353234
1029,530,256,139,390,True,True,201,201,18,36,2,1.0,4.0,0.1791044776119403,0.08955223880597014,0.1791044776119403
1029,531,256,139,415,True,True,201,201,36,340,8,0.0,2.0,1.691542288557214,0.1791044776119403,1.691542288557214
1030,558,256,144,2,True,False,21,21,0,0,0,0.0,0.0,0.0,0.0,0.0
1030,559,256,144,21,True,False,21,21,0,0,0,0.0,0.0,0.0,0.0,0.0
1030,560,256,144,22,True,False,21,21,0,0,0,0.0,0.0,0.0,0.0,0.0
1030,561,256,144,31,True,False,21,21,0,0,0,0.0,0.0,0.0,0.0,0.0
1030,562,256,144,61,True,False,21,21,0,0,0,0.0,0.0,0.0,0.0,0.0
1030,563,256,144,74,True,False,21,21,0,0,0,0.0,0.0,0.0,0.0,0.0
1030,564,256,144,79,True,True,21,21,5,5,1,3.0,5.0,0.23809523809523808,0.23809523809523808,0.23809523809523808
1030,565,256,144,126,True,False,21,21,0,0,0,0.0,0.0,0.0,0.0,0.0
1030,566,256,144,139,True,True,21,21,2,10,1,0.0,0.0,0.47619047619047616,0.09523809523809523,0.47619047619047616
1030,567,256,144,179,True,False,21,21,0,0,0,0.0,0.0,0.0,0.0,0.0
1030,568,256,144,186,True,False,21,21,0,0,0,0.0,0.0,0.0,0.0,0.0
1030,569,256,144,229,True,True,21,21,14,203,2,0.0,4.0,9.666666666666666,0.6666666666666666,9.666666666666666
1030,570,256,144,248,True,False,21,21,0,0,0,0.0,0.0,0.0,0.0,0.0
1030,571,256,144,315,True,False,21,21,0,0,0,0.0,0.0,0.0,0.0,0.0
1030,572,256,144,488,True,False,21,21,0,0,0,0.0,0.0,0.0,0.0,0.0
1031,703,256,169,13,True,False,45,45,0,0,0,0.0,0.0,0.0,0.0,0.0
1031,704,256,169,21,True,False,45,45,0,0,0,0.0,0.0,0.0,0.0,0.0
1031,705,256,169,39,True,True,45,45,13,146,3,0.0,4.0,3.2444444444444445,0.28888888888888886,3.2444444444444445
1031,706,256,169,61,True,False,45,45,0,0,0,0.0,0.0,0.0,0.0,0.0
1031,707,256,169,129,True,False,45,45,0,0,0,0.0,0.0,0.0,0.0,0.0
1031,708,256,169,139,True,True,45,45,7,12,3,0.0,0.0,0.26666666666666666,0.15555555555555556,0.26666666666666666
1031,709,256,169,141,True,False,45,45,0,0,0,0.0,0.0,0.0,0.0,0.0
1031,710,256,169,156,True,False,45,45,0,0,0,0.0,0.0,0.0,0.0,0.0
1031,711,256,169,179,True,False,45,45,0,0,0,0.0,0.0,0.0,0.0,0.0
1031,712,256,169,186,True,False,45,45,0,0,0,0.0,0.0,0.0,0.0,0.0
1031,713,256,169,199,True,True,45,45,16,101,7,0.0,1.0,2.2444444444444445,0.35555555555555557,2.2444444444444445
1031,714,256,169,248,True,False,45,45,0,0,0,0.0,0.0,0.0,0.0,0.0
1031,715,256,169,383,True,False,45,45,0,0,0,0.0,0.0,0.0,0.0,0.0
1031,716,256,169,433,True,True,45,45,3,8,3,0.0,0.0,0.17777777777777778,0.06666666666666667,0.17777777777777778
1031,717,256,169,455,True,True,45,45,6,22,3,0.0,0.0,0.4888888888888889,0.13333333333333333,0.4888888888888889
1031,718,256,169,508,True,True,45,45,17,128,9,0.0,1.0,2.8444444444444446,0.37777777777777777,2.8444444444444446
1032,758,256,175,2,True,True,235,235,6,12,1,2.0,4.5,0.05106382978723404,0.02553191489361702,0.05106382978723404
1032,759,256,175,21,True,False,235,235,0,0,0,0.0,0.0,0.0,0.0,0.0
1032,760,256,175,31,True,False,235,235,0,0,0,0.0,0.0,0.0,0.0,0.0
1032,761,256,175,43,True,False,235,235,0,0,0,0.0,0.0,0.0,0.0,0.0
1032,762,256,175,61,True,False,235,235,0,0,0,0.0,0.0,0.0,0.0,0.0
1032,763,256,175,74,True,False,235,235,0,0,0,0.0,0.0,0.0,0.0,0.0
1032,764,256,175,80,True,True,235,235,87,912,10,0.0,4.0,3.880851063829787,0.3702127659574468,3.880851063829787
1032,765,256,175,126,True,True,235,235,9,59,1,0.0,3.0,0.251063829787234,0.03829787234042553,0.251063829787234
1032,766,256,175,139,True,True,235,235,69,490,15,0.0,1.0,2.0851063829787235,0.2936170212765957,2.0851063829787235
1032,767,256,175,179,True,False,235,235,0,0,0,0.0,0.0,0.0,0.0,0.0
1032,768,256,175,186,True,False,235,235,0,0,0,0.0,0.0,0.0,0.0,0.0
1032,769,256,175,248,True,False,235,235,0,0,0,0.0,0.0,0.0,0.0,0.0
1032,770,256,175,258,True,True,235,235,9,45,1,1.0,5.0,0.19148936170212766,0.03829787234042553,0.19148936170212766
1032,771,256,175,273,True,False,235,235,0,0,0,0.0,0.0,0.0,0.0,0.0
1032,772,256,175,311,True,True,235,235,23,106,3,2.0,7.0,0.451063829787234,0.09787234042553192,0.451063829787234
1032,773,256,175,390,True,True,235,235,24,42,3,1.0,5.0,0.17872340425531916,0.10212765957446808,0.17872340425531916
1032,774,256,175,415,True,True,235,235,18,50,3,0.0,1.0,0.2127659574468085,0.07659574468085106,0.2127659574468085
1032,775,256,175,488,True,False,235,235,0,0,0,0.0,0.0,0.0,0.0,0.0
1033,831,256,199,10,True,False,15,15,0,0,0,0.0,0.0,0.0,0.0,0.0
1033,832,256,199,39,True,True,15,15,1,15,1,1.0,4.0,1.0,0.06666666666666667,1.0
1033,833,256,199,77,True,False,15,15,0,0,0,0.0,0.0,0.0,0.0,0.0
1033,834,256,199,117,True,False,15,15,0,0,0,0.0,0.0,0.0,0.0,0.0
1033,835,256,199,170,True,False,15,15,0,0,0,0.0,0.0,0.0,0.0,0.0
1033,836,256,199,176,True,False,15,15,0,0,0,0.0,0.0,0.0,0.0,0.0
1033,837,256,199,238,True,False,15,15,0,0,0,0.0,0.0,0.0,0.0,0.0
1033,838,256,199,252,True,False,15,15,0,0,0,0.0,0.0,0.0,0.0,0.0
1033,839,256,199,317,True,True,15,15,5,52,3,0.0,4.0,3.466666666666667,0.3333333333333333,3.466666666666667
1033,840,256,199,383,True,True,15,15,2,2,1,4.0,4.5,0.13333333333333333,0.13333333333333333,0.13333333333333333
1033,841,256,199,387,True,False,15,15,0,0,0,0.0,0.0,0.0,0.0,0.0
1033,842,256,199,402,True,False,15,15,0,0,0,0.0,0.0,0.0,0.0,0.0
1033,843,256,199,404,True,False,15,15,0,0,0,0.0,0.0,0.0,0.0,0.0
1033,844,256,199,462,True,False,15,15,0,0,0,0.0,0.0,0.0,0.0,0.0
1033,845,256,199,494,True,True,15,15,8,96,5,1.0,4.0,6.4,0.5333333333333333,6.4
1034,1127,256,273,21,True,False,150,150,0,0,0,0.0,0.0,0.0,0.0,0.0
1034,1128,256,273,22,True,True,150,150,6,36,1,0.0,0.5,0.24,0.04,0.24
1034,1129,256,273,31,True,False,150,150,0,0,0,0.0,0.0,0.0,0.0,0.0
1034,1130,256,273,43,True,False,150,150,0,0,0,0.0,0.0,0.0,0.0,0.0
1034,1131,256,273,61,True,False,150,150,0,0,0,0.0,0.0,0.0,0.0,0.0
1034,1132,256,273,74,True,False,150,150,0,0,0,0.0,0.0,0.0,0.0,0.0
1034,1133,256,273,79,True,True,150,150,56,544,10,0.0,6.0,3.6266666666666665,0.37333333333333335,3.6266666666666665
1034,1134,256,273,80,True,True,150,150,22,146,4,0.0,8.0,0.9733333333333334,0.14666666666666667,0.9733333333333334
1034,1135,256,273,126,True,True,150,150,10,94,2,0.0,5.0,0.6266666666666667,0.06666666666666667,0.6266666666666667
1034,1136,256,273,139,True,True,150,150,68,344,16,0.0,2.0,2.2933333333333334,0.4533333333333333,2.2933333333333334
1034,1137,256,273,144,True,True,150,150,2,2,1,0.0,0.0,0.013333333333333334,0.013333333333333334,0.013333333333333334
1034,1138,256,273,151,True,False,150,150,0,0,0,0.0,0.0,0.0,0.0,0.0
1034,1139,256,273,179,True,False,150,150,0,0,0,0.0,0.0,0.0,0.0,0.0
1034,1140,256,273,184,True,True,150,150,9,9,1,3.0,5.0,0.06,0.06,0.06
1034,1141,256,273,186,True,False,150,150,0,0,0,0.0,0.0,0.0,0.0,0.0
1034,1142,256,273,229,True,True,150,150,14,174,2,0.0,4.0,1.16,0.09333333333333334,1.16
1034,1143,256,273,230,True,False,150,150,0,0,0,0.0,0.0,0.0,0.0,0.0
1034,1144,256,273,248,True,False,150,150,0,0,0,0.0,0.0,0.0,0.0,0.0
1035,1153,256,281,13,True,False,178,178,0,0,0,0.0,0.0,0.0,0.0,0.0
1035,1154,256,281,21,True,False,178,178,0,0,0,0.0,0.0,0.0,0.0,0.0
1035,1155,256,281,61,True,False,178,178,0,0,0,0.0,0.0,0.0,0.0,0.0
1035,1156,256,281,74,True,False,178,178,0,0,0,0.0,0.0,0.0,0.0,0.0
1035,1157,256,281,117,True,True,178,178,94,928,14,0.0,5.0,5.213483146067416,0.5280898876404494,5.213483146067416
1035,1158,256,281,141,True,False,178,178,0,0,0,0.0,0.0,0.0,0.0,0.0
1035,1159,256,281,179,True,False,178,178,0,0,0,0.0,0.0,0.0,0.0,0.0
1035,1160,256,281,186,True,False,178,178,0,0,0,0.0,0.0,0.0,0.0,0.0
1035,1161,256,281,199,True,True,178,178,12,22,3,0.0,6.5,0.12359550561797752,0.06741573033707865,0.12359550561797752
1035,1162,256,281,313,True,False,178,178,0,0,0,0.0,0.0,0.0,0.0,0.0
1035,1163,256,281,387,True,True,178,178,16,93,2,0.0,7.0,0.5224719101123596,0.0898876404494382,0.5224719101123596
1036,1687,256,433,13,True,False,85,85,0,0,0,0.0,0.0,0.0,0.0,0.0
1036,1688,256,433,21,True,False,85,85,0,0,0,0.0,0.0,0.0,0.0,0.0
1036,1689,256,433,39,True,True,85,85,9,113,2,0.0,6.0,1.3294117647058823,0.10588235294117647,1.3294117647058823
1036,1690,256,433,61,True,False,85,85,0,0,0,0.0,0.0,0.0,0.0,0.0
1036,1691,256,433,74,True,False,85,85,0,0,0,0.0,0.0,0.0,0.0,0.0
1036,1692,256,433,129,True,False,85,85,0,0,0,0.0,0.0,0.0,0.0,0.0
1036,1693,256,433,141,True,False,85,85,0,0,0,0.0,0.0,0.0,0.0,0.0
1036,1694,256,433,156,True,False,85,85,0,0,0,0.0,0.0,0.0,0.0,0.0
1036,1695,256,433,169,True,False,85,85,0,0,0,0.0,0.0,0.0,0.0,0.0
1036,1696,256,433,179,True,False,85,85,0,0,0,0.0,0.0,0.0,0.0,0.0
1036,1697,256,433,186,True,False,85,85,0,0,0,0.0,0.0,0.0,0.0,0.0
1036,1698,256,433,199,True,True,85,85,5,40,2,0.0,0.0,0.47058823529411764,0.058823529411764705,0.47058823529411764
1036,1699,256,433,245,True,False,85,85,0,0,0,0.0,0.0,0.0,0.0,0.0
1036,1700,256,433,248,True,False,85,85,0,0,0,0.0,0.0,0.0,0.0,0.0
1036,1701,256,433,381,True,False,85,85,0,0,0,0.0,0.0,0.0,0.0,0.0
1036,1702,256,433,508,True,True,85,85,11,76,6,0.0,0.0,0.8941176470588236,0.12941176470588237,0.8941176470588236
1037,1726,256,455,13,True,False,109,109,0,0,0,0.0,0.0,0.0,0.0,0.0
1037,1727,256,455,21,True,False,109,109,0,0,0,0.0,0.0,0.0,0.0,0.0
1037,1728,256,455,39,True,True,109,109,13,112,3,1.0,5.0,1.0275229357798166,0.11926605504587157,1.0275229357798166
1037,1729,256,455,61,True,False,109,109,0,0,0,0.0,0.0,0.0,0.0,0.0
1037,1730,256,455,74,True,False,109,109,0,0,0,0.0,0.0,0.0,0.0,0.0
1037,1731,256,455,117,True,True,109,109,71,645,14,0.0,5.0,5.91743119266055,0.6513761467889908,5.91743119266055
1037,1732,256,455,129,True,False,109,109,0,0,0,0.0,0.0,0.0,0.0,0.0
1037,1733,256,455,141,True,False,109,109,0,0,0,0.0,0.0,0.0,0.0,0.0
1037,1734,256,455,169,True,False,109,109,0,0,0,0.0,0.0,0.0,0.0,0.0
1037,1735,256,455,179,True,False,109,109,0,0,0,0.0,0.0,0.0,0.0,0.0
1037,1736,256,455,186,True,False,109,109,0,0,0,0.0,0.0,0.0,0.0,0.0
1037,1737,256,455,199,True,True,109,109,41,387,10,0.0,2.0,3.55045871559633,0.3761467889908257,3.55045871559633
1037,1738,256,455,248,True,False,109,109,0,0,0,0.0,0.0,0.0,0.0,0.0
1037,1739,256,455,281,True,True,109,109,1,3,1,0.0,0.0,0.027522935779816515,0.009174311926605505,0.027522935779816515
1037,1740,256,455,313,True,False,109,109,0,0,0,0.0,0.0,0.0,0.0,0.0
1037,1741,256,455,317,True,True,109,109,5,15,1,2.0,5.0,0.13761467889908258,0.045871559633027525,0.13761467889908258
1037,1742,256,455,383,True,True,109,109,8,23,2,3.0,5.0,0.21100917431192662,0.07339449541284404,0.21100917431192662
1037,1743,256,455,508,True,True,109,109,15,79,5,0.0,1.0,0.7247706422018348,0.13761467889908258,0.7247706422018348
1038,1872,256,508,39,True,True,61,61,22,244,6,0.0,5.0,4.0,0.36065573770491804,4.0
1038,1873,256,508,84,True,False,61,61,0,0,0,0.0,0.0,0.0,0.0,0.0
1038,1874,256,508,115,True,False,61,61,0,0,0,0.0,0.0,0.0,0.0,0.0
1038,1875,256,508,117,True,True,61,61,6,53,3,0.0,1.0,0.8688524590163934,0.09836065573770492,0.8688524590163934
1038,1876,256,508,169,True,False,61,61,0,0,0,0.0,0.0,0.0,0.0,0.0
1038,1877,256,508,199,True,True,61,61,5,15,2,0.0,5.0,0.2459016393442623,0.08196721311475409,0.2459016393442623
1038,1878,256,508,238,True,False,61,61,0,0,0,0.0,0.0,0.0,0.0,0.0
1038,1879,256,508,252,True,True,61,61,7,29,2,0.0,4.0,0.47540983606557374,0.11475409836065574,0.47540983606557374
1038,1880,256,508,316,True,False,61,61,0,0,0,0.0,0.0,0.0,0.0,0.0
1038,1881,256,508,317,True,True,61,61,11,81,3,1.0,5.0,1.3278688524590163,0.18032786885245902,1.3278688524590163
1038,1882,256,508,335,True,False,61,61,0,0,0,0.0,0.0,0.0,0.0,0.0
1038,1883,256,508,433,True,True,61,61,1,10,1,1.0,3.0,0.16393442622950818,0.01639344262295082,0.16393442622950818
1038,1884,256,508,455,True,True,61,61,2,3,2,0.0,0.0,0.04918032786885246,0.03278688524590164,0.04918032786885246
1038,1885,256,508,485,True,False,61,61,0,0,0,0.0,0.0,0.0,0.0,0.0
1038,1886,256,508,494,True,True,61,61,3,30,1,2.0,5.0,0.4918032786885246,0.04918032786885246,0.4918032786885246
1039,13,258,2,21,True,True,59,59,21,48,2,0.0,4.0,0.8135593220338984,0.3559322033898305,0.8135593220338984
1039,14,258,2,31,True,True,59,59,14,52,2,2.0,5.0,0.8813559322033898,0.23728813559322035,0.8813559322033898
1039,15,258,2,43,True,False,59,59,0,0,0,0.0,0.0,0.0,0.0,0.0
1039,16,258,2,61,True,True,59,59,41,120,4,0.0,3.0,2.0338983050847457,0.6949152542372882,2.0338983050847457
1039,17,258,2,74,True,True,59,59,14,23,2,3.0,6.0,0.3898305084745763,0.23728813559322035,0.3898305084745763
1039,18,258,2,126,True,False,59,59,0,0,0,0.0,0.0,0.0,0.0,0.0
1039,19,258,2,144,True,False,59,59,0,0,0,0.0,0.0,0.0,0.0,0.0
1039,20,258,2,175,True,True,59,59,45,323,3,0.0,1.0,5.47457627118644,0.7627118644067796,5.47457627118644
1039,21,258,2,179,True,True,59,59,14,26,1,0.0,2.0,0.4406779661016949,0.23728813559322035,0.4406779661016949
1039,22,258,2,186,True,False,59,59,0,0,0,0.0,0.0,0.0,0.0,0.0
1039,23,258,2,313,True,False,59,59,0,0,0,0.0,0.0,0.0,0.0,0.0
1039,24,258,2,488,True,True,59,59,18,18,2,0.0,2.5,0.3050847457627119,0.3050847457627119,0.3050847457627119
1040,129,258,22,21,True,True,70,70,14,51,2,0.0,4.0,0.7285714285714285,0.2,0.7285714285714285
1040,130,258,22,31,True,True,70,70,22,97,4,1.0,5.0,1.3857142857142857,0.3142857142857143,1.3857142857142857
1040,131,258,22,43,True,True,70,70,17,27,2,0.0,2.0,0.38571428571428573,0.24285714285714285,0.38571428571428573
1040,132,258,22,61,True,True,70,70,53,209,7,0.0,3.0,2.9857142857142858,0.7571428571428571,2.9857142857142858
1040,133,258,22,74,True,True,70,70,14,14,2,3.0,5.0,0.2,0.2,0.2
1040,134,258,22,79,True,False,70,70,0,0,0,0.0,0.0,0.0,0.0,0.0
1040,135,258,22,139,True,False,70,70,0,0,0,0.0,0.0,0.0,0.0,0.0
1040,136,258,22,144,True,False,70,70,0,0,0,0.0,0.0,0.0,0.0,0.0
1040,137,258,22,175,True,True,70,70,48,338,5,0.0,1.0,4.828571428571428,0.6857142857142857,4.828571428571428
1040,138,258,22,179,True,True,70,70,5,14,1,0.0,2.0,0.2,0.07142857142857142,0.2
1040,139,258,22,186,True,True,70,70,3,9,1,5.0,7.0,0.12857142857142856,0.04285714285714286,0.12857142857142856
1040,140,258,22,273,True,True,70,70,3,15,1,2.0,5.0,0.21428571428571427,0.04285714285714286,0.21428571428571427
1041,293,258,61,12,True,False,7,7,0,0,0,0.0,0.0,0.0,0.0,0.0
1041,294,258,61,21,True,True,7,7,5,7,3,0.0,0.0,1.0,0.7142857142857143,1.0
1041,295,258,61,31,True,True,7,7,7,14,5,0.0,0.0,2.0,1.0,2.0
1041,296,258,61,74,True,True,7,7,7,10,5,0.0,0.0,1.4285714285714286,1.0,1.4285714285714286
1041,297,258,61,121,True,False,7,7,0,0,0,0.0,0.0,0.0,0.0,0.0
1041,298,258,61,141,True,False,7,7,0,0,0,0.0,0.0,0.0,0.0,0.0
1041,299,258,61,156,True,False,7,7,0,0,0,0.0,0.0,0.0,0.0,0.0
1041,300,258,61,186,True,True,7,7,2,2,2,0.0,0.0,0.2857142857142857,0.2857142857142857,0.2857142857142857
1041,301,258,61,248,True,True,7,7,5,7,3,0.0,0.0,1.0,0.7142857142857143,1.0
1041,302,258,61,381,True,False,7,7,0,0,0,0.0,0.0,0.0,0.0,0.0
1041,303,258,61,463,True,True,7,7,3,3,1,0.0,1.0,0.42857142857142855,0.42857142857142855,0.42857142857142855
1042,352,258,80,10,True,False,208,208,0,0,0,0.0,0.0,0.0,0.0,0.0
1042,353,258,80,79,True,True,208,208,9,36,1,0.0,0.5,0.17307692307692307,0.04326923076923077,0.17307692307692307
1042,354,258,80,118,True,True,208,208,6,6,1,4.0,5.5,0.028846153846153848,0.028846153846153848,0.028846153846153848
1042,355,258,80,138,True,True,208,208,3,6,1,3.0,4.0,0.028846153846153848,0.014423076923076924,0.028846153846153848
1042,356,258,80,149,True,True,208,208,6,46,2,0.0,1.0,0.22115384615384615,0.028846153846153848,0.22115384615384615
1042,357,258,80,151,True,True,208,208,4,20,1,0.0,0.0,0.09615384615384616,0.019230769230769232,0.09615384615384616
1042,358,258,80,171,True,True,208,208,88,1004,7,0.0,5.0,4.826923076923077,0.4230769230769231,4.826923076923077
1042,359,258,80,230,True,False,208,208,0,0,0,0.0,0.0,0.0,0.0,0.0
1042,360,258,80,258,True,True,208,208,9,30,1,0.0,0.0,0.14423076923076922,0.04326923076923077,0.14423076923076922
1042,361,258,80,268,True,True,208,208,91,1181,10,0.0,5.0,5.677884615384615,0.4375,5.677884615384615
1042,362,258,80,297,True,True,208,208,15,15,1,4.0,7.0,0.07211538461538461,0.07211538461538461,0.07211538461538461
1042,363,258,80,311,True,True,208,208,51,245,6,0.0,1.0,1.1778846153846154,0.24519230769230768,1.1778846153846154
1042,364,258,80,390,True,True,208,208,16,40,2,0.0,0.5,0.19230769230769232,0.07692307692307693,0.19230769230769232
1042,365,258,80,415,True,True,208,208,5,5,1,0.0,4.0,0.02403846153846154,0.02403846153846154,0.02403846153846154
1043,482,258,126,2,True,True,36,36,1,5,1,0.0,0.0,0.1388888888888889,0.027777777777777776,0.1388888888888889
1043,483,258,126,79,True,False,36,36,0,0,0,0.0,0.0,0.0,0.0,0.0
1043,484,258,126,80,True,True,36,36,17,89,2,0.0,0.0,2.4722222222222223,0.4722222222222222,2.4722222222222223
1043,485,258,126,144,True,False,36,36,0,0,0,0.0,0.0,0.0,0.0,0.0
1043,486,258,126,175,True,False,36,36,0,0,0,0.0,0.0,0.0,0.0,0.0
1043,487,258,126,258,True,False,36,36,0,0,0,0.0,0.0,0.0,0.0,0.0
1043,488,258,126,371,True,False,36,36,0,0,0,0.0,0.0,0.0,0.0,0.0
1044,605,258,151,8,True,False,13,13,0,0,0,0.0,0.0,0.0,0.0,0.0
1044,606,258,151,10,True,False,13,13,0,0,0,0.0,0.0,0.0,0.0,0.0
1044,607,258,151,22,True,False,13,13,0,0,0,0.0,0.0,0.0,0.0,0.0
1044,608,258,151,79,True,False,13,13,0,0,0,0.0,0.0,0.0,0.0,0.0
1044,609,258,151,80,True,True,13,13,3,9,1,0.0,0.0,0.6923076923076923,0.23076923076923078,0.6923076923076923
1044,610,258,151,117,True,False,13,13,0,0,0,0.0,0.0,0.0,0.0,0.0
1044,611,258,151,149,True,False,13,13,0,0,0,0.0,0.0,0.0,0.0,0.0
1044,612,258,151,171,True,False,13,13,0,0,0,0.0,0.0,0.0,0.0,0.0
1044,613,258,151,184,True,False,13,13,0,0,0,0.0,0.0,0.0,0.0,0.0
1044,614,258,151,230,True,False,13,13,0,0,0,0.0,0.0,0.0,0.0,0.0
1044,615,258,151,258,True,True,13,13,3,3,1,0.0,0.0,0.23076923076923078,0.23076923076923078,0.23076923076923078
1044,616,258,151,268,True,False,13,13,0,0,0,0.0,0.0,0.0,0.0,0.0
1044,617,258,151,311,True,True,13,13,13,153,2,0.0,6.0,11.76923076923077,1.0,11.76923076923077
1044,618,258,151,390,True,False,13,13,0,0,0,0.0,0.0,0.0,0.0,0.0
1044,619,258,151,494,True,False,13,13,0,0,0,0.0,0.0,0.0,0.0,0.0
1045,758,258,175,2,True,False,503,503,0,0,0,0.0,0.0,0.0,0.0,0.0
1045,759,258,175,21,True,True,503,503,116,396,11,0.0,2.0,0.7872763419483101,0.23061630218687873,0.7872763419483101
1045,760,258,175,31,True,True,503,503,248,1053,20,0.0,3.0,2.0934393638170974,0.49304174950298213,2.0934393638170974
1045,761,258,175,43,True,True,503,503,235,1243,19,0.0,3.0,2.4711729622266403,0.4671968190854871,2.4711729622266403
1045,762,258,175,61,True,True,503,503,235,937,18,0.0,2.0,1.8628230616302186,0.4671968190854871,1.8628230616302186
1045,763,258,175,74,True,True,503,503,180,244,17,0.0,3.0,0.4850894632206759,0.35785288270377735,0.4850894632206759
1045,764,258,175,80,True,True,503,503,2,5,1,0.0,0.0,0.009940357852882704,0.003976143141153081,0.009940357852882704
1045,765,258,175,126,True,False,503,503,0,0,0,0.0,0.0,0.0,0.0,0.0
1045,766,258,175,139,True,True,503,503,2,3,1,0.0,0.0,0.005964214711729622,0.003976143141153081,0.005964214711729622
1045,767,258,175,179,True,True,503,503,155,521,13,0.0,2.0,1.0357852882703777,0.3081510934393638,1.0357852882703777
1045,768,258,175,186,True,True,503,503,132,444,11,0.0,2.0,0.882703777335984,0.2624254473161034,0.882703777335984
1045,769,258,175,248,True,True,503,503,15,15,1,0.0,3.0,0.02982107355864811,0.02982107355864811,0.02982107355864811
1045,770,258,175,258,True,True,503,503,2,2,1,0.0,0.0,0.003976143141153081,0.003976143141153081,0.003976143141153081
1045,771,258,175,273,True,False,503,503,0,0,0,0.0,0.0,0.0,0.0,0.0
1045,772,258,175,311,True,True,503,503,2,6,1,0.0,0.0,0.011928429423459244,0.003976143141153081,0.011928429423459244
1045,773,258,175,390,True,False,503,503,0,0,0,0.0,0.0,0.0,0.0,0.0
1045,774,258,175,415,True,False,503,503,0,0,0,0.0,0.0,0.0,0.0,0.0
1045,775,258,175,488,True,True,503,503,1,5,1,0.0,1.0,0.009940357852882704,0.0019880715705765406,0.009940357852882704
1046,1240,258,311,4,True,False,50,50,0,0,0,0.0,0.0,0.0,0.0,0.0
1046,1241,258,311,80,True,True,50,50,24,112,7,0.0,0.0,2.24,0.48,2.24
1046,1242,258,311,118,True,False,50,50,0,0,0,0.0,0.0,0.0,0.0,0.0
1046,1243,258,311,138,True,True,50,50,3,24,1,6.0,9.0,0.48,0.06,0.48
1046,1244,258,311,149,True,True,50,50,1,1,1,0.0,0.0,0.02,0.02,0.02
1046,1245,258,311,151,True,False,50,50,0,0,0,0.0,0.0,0.0,0.0,0.0
1046,1246,258,311,163,True,False,50,50,0,0,0,0.0,0.0,0.0,0.0,0.0
1046,1247,258,311,171,True,False,50,50,0,0,0,0.0,0.0,0.0,0.0,0.0
1046,1248,258,311,288,True,False,50,50,0,0,0,0.0,0.0,0.0,0.0,0.0
1046,1249,258,311,371,True,False,50,50,0,0,0,0.0,0.0,0.0,0.0,0.0
1046,1250,258,311,390,True,False,50,50,0,0,0,0.0,0.0,0.0,0.0,0.0
1046,1251,258,311,415,True,True,50,50,5,10,2,0.0,1.0,0.2,0.1,0.2
1047,1553,258,390,2,True,False,61,61,0,0,0,0.0,0.0,0.0,0.0,0.0
1047,1554,258,390,8,True,False,61,61,0,0,0,0.0,0.0,0.0,0.0,0.0
1047,1555,258,390,22,True,True,61,61,9,115,2,0.0,2.0,1.8852459016393444,0.14754098360655737,1.8852459016393444
1047,1556,258,390,79,True,False,61,61,0,0,0,0.0,0.0,0.0,0.0,0.0
1047,1557,258,390,80,True,True,61,61,12,51,3,0.0,0.0,0.8360655737704918,0.19672131147540983,0.8360655737704918
1047,1558,258,390,138,True,False,61,61,0,0,0,0.0,0.0,0.0,0.0,0.0
1047,1559,258,390,149,True,False,61,61,0,0,0,0.0,0.0,0.0,0.0,0.0
1047,1560,258,390,151,True,False,61,61,0,0,0,0.0,0.0,0.0,0.0,0.0
1047,1561,258,390,171,True,True,61,61,5,10,1,6.0,6.0,0.16393442622950818,0.08196721311475409,0.16393442622950818
1047,1562,258,390,175,True,True,61,61,16,165,2,0.0,1.0,2.7049180327868854,0.26229508196721313,2.7049180327868854
1047,1563,258,390,230,True,False,61,61,0,0,0,0.0,0.0,0.0,0.0,0.0
1047,1564,258,390,258,True,True,61,61,18,195,1,0.0,2.0,3.19672131147541,0.29508196721311475,3.19672131147541
1047,1565,258,390,268,True,False,61,61,0,0,0,0.0,0.0,0.0,0.0,0.0
1047,1566,258,390,294,True,False,61,61,0,0,0,0.0,0.0,0.0,0.0,0.0
1047,1567,258,390,311,True,True,61,61,11,34,3,0.0,0.0,0.5573770491803278,0.18032786885245902,0.5573770491803278
1048,1651,258,415,7,True,False,3,3,0,0,0,0.0,0.0,0.0,0.0,0.0
1048,1652,258,415,80,True,False,3,3,0,0,0,0.0,0.0,0.0,0.0,0.0
1048,1653,258,415,117,True,False,3,3,0,0,0,0.0,0.0,0.0,0.0,0.0
1048,1654,258,415,133,True,False,3,3,0,0,0,0.0,0.0,0.0,0.0,0.0
1048,1655,258,415,149,True,False,3,3,0,0,0,0.0,0.0,0.0,0.0,0.0
1048,1656,258,415,151,True,False,3,3,0,0,0,0.0,0.0,0.0,0.0,0.0
1048,1657,258,415,175,True,True,3,3,1,1,1,0.0,0.0,0.3333333333333333,0.3333333333333333,0.3333333333333333
1048,1658,258,415,196,True,False,3,3,0,0,0,0.0,0.0,0.0,0.0,0.0
1048,1659,258,415,258,True,True,3,3,1,3,1,0.0,0.0,1.0,0.3333333333333333,1.0
1048,1660,258,415,263,True,False,3,3,0,0,0,0.0,0.0,0.0,0.0,0.0
1048,1661,258,415,268,True,False,3,3,0,0,0,0.0,0.0,0.0,0.0,0.0
1048,1662,258,415,311,True,True,3,3,1,1,1,0.0,0.0,0.3333333333333333,0.3333333333333333,0.3333333333333333
1048,1663,258,415,315,True,False,3,3,0,0,0,0.0,0.0,0.0,0.0,0.0
1048,1664,258,415,387,True,False,3,3,0,0,0,0.0,0.0,0.0,0.0,0.0
1048,1665,258,415,390,True,False,3,3,0,0,0,0.0,0.0,0.0,0.0,0.0
1048,1666,258,415,509,True,False,3,3,0,0,0,0.0,0.0,0.0,0.0,0.0
1049,0,259,1,56,True,False,4,4,0,0,0,0.0,0.0,0.0,0.0,0.0
1049,1,259,1,196,True,False,4,4,0,0,0,0.0,0.0,0.0,0.0,0.0
1049,2,259,1,203,True,True,4,4,3,45,1,3.0,7.0,11.25,0.75,11.25
1049,3,259,1,207,True,False,4,4,0,0,0,0.0,0.0,0.0,0.0,0.0
1049,4,259,1,222,True,False,4,4,0,0,0,0.0,0.0,0.0,0.0,0.0
1049,5,259,1,263,True,False,4,4,0,0,0,0.0,0.0,0.0,0.0,0.0
1049,6,259,1,271,True,False,4,4,0,0,0,0.0,0.0,0.0,0.0,0.0
1049,7,259,1,297,True,False,4,4,0,0,0,0.0,0.0,0.0,0.0,0.0
1049,8,259,1,299,True,False,4,4,0,0,0,0.0,0.0,0.0,0.0,0.0
1049,9,259,1,303,True,False,4,4,0,0,0,0.0,0.0,0.0,0.0,0.0
1049,10,259,1,355,True,False,4,4,0,0,0,0.0,0.0,0.0,0.0,0.0
1049,11,259,1,362,True,False,4,4,0,0,0,0.0,0.0,0.0,0.0,0.0
1049,12,259,1,429,True,False,4,4,0,0,0,0.0,0.0,0.0,0.0,0.0
1050,183,259,30,176,True,False,4,4,0,0,0,0.0,0.0,0.0,0.0,0.0
1050,184,259,30,199,True,False,4,4,0,0,0,0.0,0.0,0.0,0.0,0.0
1050,185,259,30,238,True,False,4,4,0,0,0,0.0,0.0,0.0,0.0,0.0
1050,186,259,30,252,True,False,4,4,0,0,0,0.0,0.0,0.0,0.0,0.0
1050,187,259,30,290,True,False,4,4,0,0,0,0.0,0.0,0.0,0.0,0.0
1050,188,259,30,317,True,False,4,4,0,0,0,0.0,0.0,0.0,0.0,0.0
1050,189,259,30,383,True,False,4,4,0,0,0,0.0,0.0,0.0,0.0,0.0
1050,190,259,30,404,True,False,4,4,0,0,0,0.0,0.0,0.0,0.0,0.0
1050,191,259,30,474,True,False,4,4,0,0,0,0.0,0.0,0.0,0.0,0.0
1050,192,259,30,494,True,True,4,4,3,41,1,0.0,2.0,10.25,0.75,10.25
1051,404,259,109,30,True,True,11,11,4,6,1,0.0,0.0,0.5454545454545454,0.36363636363636365,0.5454545454545454
1051,405,259,109,140,True,False,11,11,0,0,0,0.0,0.0,0.0,0.0,0.0
1051,406,259,109,146,True,False,11,11,0,0,0,0.0,0.0,0.0,0.0,0.0
1051,407,259,109,163,True,False,11,11,0,0,0,0.0,0.0,0.0,0.0,0.0
1051,408,259,109,205,True,False,11,11,0,0,0,0.0,0.0,0.0,0.0,0.0
1051,409,259,109,259,True,False,11,11,0,0,0,0.0,0.0,0.0,0.0,0.0
1051,410,259,109,328,True,True,11,11,4,18,1,0.0,0.0,1.6363636363636365,0.36363636363636365,1.6363636363636365
1051,411,259,109,371,True,False,11,11,0,0,0,0.0,0.0,0.0,0.0,0.0
1051,412,259,109,404,True,True,11,11,4,4,1,0.0,0.5,0.36363636363636365,0.36363636363636365,0.36363636363636365
1051,413,259,109,405,True,True,11,11,1,1,1,0.0,0.0,0.09090909090909091,0.09090909090909091,0.09090909090909091
1051,414,259,109,430,True,False,11,11,0,0,0,0.0,0.0,0.0,0.0,0.0
1051,415,259,109,487,True,False,11,11,0,0,0,0.0,0.0,0.0,0.0,0.0
1051,416,259,109,494,True,False,11,11,0,0,0,0.0,0.0,0.0,0.0,0.0
1052,573,259,146,8,True,False,8,8,0,0,0,0.0,0.0,0.0,0.0,0.0
1052,574,259,146,42,True,False,8,8,0,0,0,0.0,0.0,0.0,0.0,0.0
1052,575,259,146,100,True,False,8,8,0,0,0,0.0,0.0,0.0,0.0,0.0
1052,576,259,146,151,True,False,8,8,0,0,0,0.0,0.0,0.0,0.0,0.0
1052,577,259,146,230,True,False,8,8,0,0,0,0.0,0.0,0.0,0.0,0.0
1052,578,259,146,315,True,False,8,8,0,0,0,0.0,0.0,0.0,0.0,0.0
1052,579,259,146,404,True,True,8,8,8,39,2,0.0,1.0,4.875,1.0,4.875
1052,580,259,146,405,True,True,8,8,5,21,2,0.0,1.0,2.625,0.625,2.625
1052,581,259,146,485,True,False,8,8,0,0,0,0.0,0.0,0.0,0.0,0.0
1053,591,259,149,8,True,True,7,7,2,15,1,0.0,1.0,2.142857142857143,0.2857142857142857,2.142857142857143
1053,592,259,149,42,True,False,7,7,0,0,0,0.0,0.0,0.0,0.0,0.0
1053,593,259,149,79,True,False,7,7,0,0,0,0.0,0.0,0.0,0.0,0.0
1053,594,259,149,80,True,False,7,7,0,0,0,0.0,0.0,0.0,0.0,0.0
1053,595,259,149,100,True,False,7,7,0,0,0,0.0,0.0,0.0,0.0,0.0
1053,596,259,149,151,True,False,7,7,0,0,0,0.0,0.0,0.0,0.0,0.0
1053,597,259,149,171,True,True,7,7,2,6,1,0.0,1.0,0.8571428571428571,0.2857142857142857,0.8571428571428571
1053,598,259,149,184,True,False,7,7,0,0,0,0.0,0.0,0.0,0.0,0.0
1053,599,259,149,230,True,False,7,7,0,0,0,0.0,0.0,0.0,0.0,0.0
1053,600,259,149,268,True,False,7,7,0,0,0,0.0,0.0,0.0,0.0,0.0
1053,601,259,149,311,True,False,7,7,0,0,0,0.0,0.0,0.0,0.0,0.0
1053,602,259,149,315,True,False,7,7,0,0,0,0.0,0.0,0.0,0.0,0.0
1053,603,259,149,390,True,False,7,7,0,0,0,0.0,0.0,0.0,0.0,0.0
1053,604,259,149,415,True,False,7,7,0,0,0,0.0,0.0,0.0,0.0,0.0
1054,665,259,163,259,True,True,4,4,4,8,3,0.0,0.0,2.0,1.0,2.0
1054,666,259,163,288,True,True,4,4,1,3,1,0.0,0.0,0.75,0.25,0.75
1054,667,259,163,371,True,False,4,4,0,0,0,0.0,0.0,0.0,0.0,0.0
1054,668,259,163,410,True,False,4,4,0,0,0,0.0,0.0,0.0,0.0,0.0
1055,973,259,247,125,True,False,16,16,0,0,0,0.0,0.0,0.0,0.0,0.0
1055,974,259,247,163,True,False,16,16,0,0,0,0.0,0.0,0.0,0.0,0.0
1055,975,259,247,259,True,False,16,16,0,0,0,0.0,0.0,0.0,0.0,0.0
1055,976,259,247,262,True,False,16,16,0,0,0,0.0,0.0,0.0,0.0,0.0
1055,977,259,247,371,True,False,16,16,0,0,0,0.0,0.0,0.0,0.0,0.0
1055,978,259,247,402,True,False,16,16,0,0,0,0.0,0.0,0.0,0.0,0.0
1055,979,259,247,432,True,False,16,16,0,0,0,0.0,0.0,0.0,0.0,0.0
1056,1011,259,252,30,True,False,7,7,0,0,0,0.0,0.0,0.0,0.0,0.0
1056,1012,259,252,39,True,False,7,7,0,0,0,0.0,0.0,0.0,0.0,0.0
1056,1013,259,252,176,True,False,7,7,0,0,0,0.0,0.0,0.0,0.0,0.0
1056,1014,259,252,199,True,True,7,7,1,1,1,10.0,10.0,0.14285714285714285,0.14285714285714285,0.14285714285714285
1056,1015,259,252,259,True,False,7,7,0,0,0,0.0,0.0,0.0,0.0,0.0
1056,1016,259,252,317,True,False,7,7,0,0,0,0.0,0.0,0.0,0.0,0.0
1056,1017,259,252,371,True,False,7,7,0,0,0,0.0,0.0,0.0,0.0,0.0
1056,1018,259,252,383,True,False,7,7,0,0,0,0.0,0.0,0.0,0.0,0.0
1057,1082,259,263,7,True,False,5,5,0,0,0,0.0,0.0,0.0,0.0,0.0
1057,1083,259,263,133,True,False,5,5,0,0,0,0.0,0.0,0.0,0.0,0.0
1057,1084,259,263,167,True,False,5,5,0,0,0,0.0,0.0,0.0,0.0,0.0
1057,1085,259,263,196,True,False,5,5,0,0,0,0.0,0.0,0.0,0.0,0.0
1057,1086,259,263,258,True,False,5,5,0,0,0,0.0,0.0,0.0,0.0,0.0
1057,1087,259,263,309,True,True,5,5,1,3,1,1.0,2.0,0.6,0.2,0.6
1057,1088,259,263,405,True,False,5,5,0,0,0,0.0,0.0,0.0,0.0,0.0
1057,1089,259,263,440,True,False,5,5,0,0,0,0.0,0.0,0.0,0.0,0.0
1057,1090,259,263,509,True,False,5,5,0,0,0,0.0,0.0,0.0,0.0,0.0
1058,1164,259,288,4,True,False,21,21,0,0,0,0.0,0.0,0.0,0.0,0.0
1058,1165,259,288,50,True,False,21,21,0,0,0,0.0,0.0,0.0,0.0,0.0
1058,1166,259,288,63,True,False,21,21,0,0,0,0.0,0.0,0.0,0.0,0.0
1058,1167,259,288,138,True,False,21,21,0,0,0,0.0,0.0,0.0,0.0,0.0
1058,1168,259,288,164,True,False,21,21,0,0,0,0.0,0.0,0.0,0.0,0.0
1058,1169,259,288,172,True,False,21,21,0,0,0,0.0,0.0,0.0,0.0,0.0
1058,1170,259,288,259,True,True,21,21,2,7,2,0.0,2.0,0.3333333333333333,0.09523809523809523,0.3333333333333333
1059,1202,259,297,1,True,False,6,6,0,0,0,0.0,0.0,0.0,0.0,0.0
1059,1203,259,297,42,True,False,6,6,0,0,0,0.0,0.0,0.0,0.0,0.0
1059,1204,259,297,56,True,False,6,6,0,0,0,0.0,0.0,0.0,0.0,0.0
1059,1205,259,297,63,True,False,6,6,0,0,0,0.0,0.0,0.0,0.0,0.0
1059,1206,259,297,112,True,False,6,6,0,0,0,0.0,0.0,0.0,0.0,0.0
1059,1207,259,297,118,True,False,6,6,0,0,0,0.0,0.0,0.0,0.0,0.0
1059,1208,259,297,151,True,False,6,6,0,0,0,0.0,0.0,0.0,0.0,0.0
1059,1209,259,297,163,True,False,6,6,0,0,0,0.0,0.0,0.0,0.0,0.0
1059,1210,259,297,222,True,False,6,6,0,0,0,0.0,0.0,0.0,0.0,0.0
1059,1211,259,297,259,True,False,6,6,0,0,0,0.0,0.0,0.0,0.0,0.0
1059,1212,259,297,271,True,False,6,6,0,0,0,0.0,0.0,0.0,0.0,0.0
1059,1213,259,297,371,True,False,6,6,0,0,0,0.0,0.0,0.0,0.0,0.0
1059,1214,259,297,382,True,True,6,6,6,31,2,0.0,1.0,5.166666666666667,1.0,5.166666666666667
1059,1215,259,297,410,True,False,6,6,0,0,0,0.0,0.0,0.0,0.0,0.0
1059,1216,259,297,414,True,False,6,6,0,0,0,0.0,0.0,0.0,0.0,0.0
1059,1217,259,297,497,True,False,6,6,0,0,0,0.0,0.0,0.0,0.0,0.0
1060,1331,259,328,30,True,True,66,66,8,26,3,0.0,0.0,0.3939393939393939,0.12121212121212122,0.3939393939393939
1060,1332,259,328,39,True,False,66,66,0,0,0,0.0,0.0,0.0,0.0,0.0
1060,1333,259,328,109,True,True,66,66,4,28,2,0.0,0.0,0.42424242424242425,0.06060606060606061,0.42424242424242425
1060,1334,259,328,140,True,False,66,66,0,0,0,0.0,0.0,0.0,0.0,0.0
1060,1335,259,328,170,True,False,66,66,0,0,0,0.0,0.0,0.0,0.0,0.0
1060,1336,259,328,199,True,True,66,66,4,11,1,0.0,1.0,0.16666666666666666,0.06060606060606061,0.16666666666666666
1060,1337,259,328,238,True,False,66,66,0,0,0,0.0,0.0,0.0,0.0,0.0
1060,1338,259,328,252,True,False,66,66,0,0,0,0.0,0.0,0.0,0.0,0.0
1060,1339,259,328,404,True,True,66,66,19,184,4,0.0,1.0,2.787878787878788,0.2878787878787879,2.787878787878788
1060,1340,259,328,485,True,True,66,66,7,55,2,0.0,1.0,0.8333333333333334,0.10606060606060606,0.8333333333333334
1060,1341,259,328,494,True,True,66,66,25,238,5,0.0,1.0,3.606060606060606,0.3787878787878788,3.606060606060606
1061,1373,259,346,7,True,False,8,8,0,0,0,0.0,0.0,0.0,0.0,0.0
1061,1374,259,346,8,True,False,8,8,0,0,0,0.0,0.0,0.0,0.0,0.0
1061,1375,259,346,77,True,True,8,8,4,12,1,1.0,3.0,1.5,0.5,1.5
1061,1376,259,346,290,True,False,8,8,0,0,0,0.0,0.0,0.0,0.0,0.0
1061,1377,259,346,402,True,True,8,8,4,44,1,0.0,2.0,5.5,0.5,5.5
1061,1378,259,346,485,True,False,8,8,0,0,0,0.0,0.0,0.0,0.0,0.0
1062,1384,259,352,24,True,False,14,14,0,0,0,0.0,0.0,0.0,0.0,0.0
1062,1385,259,352,85,True,False,14,14,0,0,0,0.0,0.0,0.0,0.0,0.0
1062,1386,259,352,98,True,False,14,14,0,0,0,0.0,0.0,0.0,0.0,0.0
1062,1387,259,352,115,True,False,14,14,0,0,0,0.0,0.0,0.0,0.0,0.0
1062,1388,259,352,167,True,False,14,14,0,0,0,0.0,0.0,0.0,0.0,0.0
1062,1389,259,352,217,True,False,14,14,0,0,0,0.0,0.0,0.0,0.0,0.0
1062,1390,259,352,263,True,True,14,14,1,3,1,0.0,0.0,0.21428571428571427,0.07142857142857142,0.21428571428571427
1062,1391,259,352,309,True,False,14,14,0,0,0,0.0,0.0,0.0,0.0,0.0
1062,1392,259,352,316,True,True,14,14,11,112,5,0.0,2.0,8.0,0.7857142857142857,8.0
1062,1393,259,352,361,True,False,14,14,0,0,0,0.0,0.0,0.0,0.0,0.0
1062,1394,259,352,402,True,False,14,14,0,0,0,0.0,0.0,0.0,0.0,0.0
1062,1395,259,352,404,True,True,14,14,1,5,1,0.0,0.0,0.35714285714285715,0.07142857142857142,0.35714285714285715
1062,1396,259,352,474,True,False,14,14,0,0,0,0.0,0.0,0.0,0.0,0.0
1062,1397,259,352,494,True,False,14,14,0,0,0,0.0,0.0,0.0,0.0,0.0
1063,1454,259,371,39,True,False,3,3,0,0,0,0.0,0.0,0.0,0.0,0.0
1063,1455,259,371,126,True,False,3,3,0,0,0,0.0,0.0,0.0,0.0,0.0
1063,1456,259,371,146,True,False,3,3,0,0,0,0.0,0.0,0.0,0.0,0.0
1063,1457,259,371,163,True,False,3,3,0,0,0,0.0,0.0,0.0,0.0,0.0
1063,1458,259,371,247,True,False,3,3,0,0,0,0.0,0.0,0.0,0.0,0.0
1063,1459,259,371,252,True,False,3,3,0,0,0,0.0,0.0,0.0,0.0,0.0
1063,1460,259,371,259,True,True,3,3,1,1,1,0.0,0.0,0.3333333333333333,0.3333333333333333,0.3333333333333333
1063,1461,259,371,385,True,False,3,3,0,0,0,0.0,0.0,0.0,0.0,0.0
1064,1493,259,382,10,True,True,15,15,7,76,1,0.0,3.0,5.066666666666666,0.4666666666666667,5.066666666666666
1064,1494,259,382,30,True,False,15,15,0,0,0,0.0,0.0,0.0,0.0,0.0
1064,1495,259,382,42,True,False,15,15,0,0,0,0.0,0.0,0.0,0.0,0.0
1064,1496,259,382,151,True,True,15,15,15,83,3,0.0,2.0,5.533333333333333,1.0,5.533333333333333
1064,1497,259,382,238,True,False,15,15,0,0,0,0.0,0.0,0.0,0.0,0.0
1064,1498,259,382,294,True,False,15,15,0,0,0,0.0,0.0,0.0,0.0,0.0
1064,1499,259,382,324,True,False,15,15,0,0,0,0.0,0.0,0.0,0.0,0.0
1064,1500,259,382,378,True,False,15,15,0,0,0,0.0,0.0,0.0,0.0,0.0
1064,1501,259,382,387,True,True,15,15,4,4,1,1.0,2.5,0.26666666666666666,0.26666666666666666,0.26666666666666666
1064,1502,259,382,404,True,False,15,15,0,0,0,0.0,0.0,0.0,0.0,0.0
1064,1503,259,382,405,True,False,15,15,0,0,0,0.0,0.0,0.0,0.0,0.0
1064,1504,259,382,415,True,False,15,15,0,0,0,0.0,0.0,0.0,0.0,0.0
1065,1580,259,398,56,True,False,3,3,0,0,0,0.0,0.0,0.0,0.0,0.0
1065,1581,259,398,207,True,True,3,3,2,10,1,0.0,0.0,3.3333333333333335,0.6666666666666666,3.3333333333333335
1065,1582,259,398,355,True,False,3,3,0,0,0,0.0,0.0,0.0,0.0,0.0
1066,1598,259,404,10,True,False,9,9,0,0,0,0.0,0.0,0.0,0.0,0.0
1066,1599,259,404,39,True,True,9,9,4,17,2,1.0,4.0,1.8888888888888888,0.4444444444444444,1.8888888888888888
1066,1600,259,404,84,True,False,9,9,0,0,0,0.0,0.0,0.0,0.0,0.0
1066,1601,259,404,115,True,True,9,9,3,15,1,1.0,4.0,1.6666666666666667,0.3333333333333333,1.6666666666666667
1066,1602,259,404,117,True,False,9,9,0,0,0,0.0,0.0,0.0,0.0,0.0
1066,1603,259,404,169,True,True,9,9,1,1,1,5.0,5.0,0.1111111111111111,0.1111111111111111,0.1111111111111111
1066,1604,259,404,199,True,False,9,9,0,0,0,0.0,0.0,0.0,0.0,0.0
1066,1605,259,404,217,True,False,9,9,0,0,0,0.0,0.0,0.0,0.0,0.0
1066,1606,259,404,262,True,False,9,9,0,0,0,0.0,0.0,0.0,0.0,0.0
1066,1607,259,404,294,True,False,9,9,0,0,0,0.0,0.0,0.0,0.0,0.0
1066,1608,259,404,309,True,False,9,9,0,0,0,0.0,0.0,0.0,0.0,0.0
1066,1609,259,404,316,True,True,9,9,1,8,1,1.0,3.0,0.8888888888888888,0.1111111111111111,0.8888888888888888
1066,1610,259,404,317,True,False,9,9,0,0,0,0.0,0.0,0.0,0.0,0.0
1066,1611,259,404,383,True,False,9,9,0,0,0,0.0,0.0,0.0,0.0,0.0
1066,1612,259,404,385,True,False,9,9,0,0,0,0.0,0.0,0.0,0.0,0.0
1066,1613,259,404,387,True,False,9,9,0,0,0,0.0,0.0,0.0,0.0,0.0
1066,1614,259,404,389,True,False,9,9,0,0,0,0.0,0.0,0.0,0.0,0.0
1066,1615,259,404,433,True,False,9,9,0,0,0,0.0,0.0,0.0,0.0,0.0
1066,1616,259,404,474,True,False,9,9,0,0,0,0.0,0.0,0.0,0.0,0.0
1066,1617,259,404,494,True,False,9,9,0,0,0,0.0,0.0,0.0,0.0,0.0
1067,1618,259,405,10,True,False,7,7,0,0,0,0.0,0.0,0.0,0.0,0.0
1067,1619,259,405,80,True,False,7,7,0,0,0,0.0,0.0,0.0,0.0,0.0
1067,1620,259,405,100,True,False,7,7,0,0,0,0.0,0.0,0.0,0.0,0.0
1067,1621,259,405,117,True,False,7,7,0,0,0,0.0,0.0,0.0,0.0,0.0
1067,1622,259,405,258,True,True,7,7,4,36,1,0.0,1.0,5.142857142857143,0.5714285714285714,5.142857142857143
1067,1623,259,405,311,True,False,7,7,0,0,0,0.0,0.0,0.0,0.0,0.0
1067,1624,259,405,315,True,False,7,7,0,0,0,0.0,0.0,0.0,0.0,0.0
1067,1625,259,405,390,True,False,7,7,0,0,0,0.0,0.0,0.0,0.0,0.0
1067,1626,259,405,404,True,True,7,7,2,7,2,0.0,0.0,1.0,0.2857142857142857,1.0
1067,1627,259,405,485,True,False,7,7,0,0,0,0.0,0.0,0.0,0.0,0.0
1068,1629,259,410,146,True,False,13,13,0,0,0,0.0,0.0,0.0,0.0,0.0
1068,1630,259,410,151,True,False,13,13,0,0,0,0.0,0.0,0.0,0.0,0.0
1068,1631,259,410,164,True,True,13,13,5,15,1,0.0,1.0,1.1538461538461537,0.38461538461538464,1.1538461538461537
1068,1632,259,410,180,True,False,13,13,0,0,0,0.0,0.0,0.0,0.0,0.0
1068,1633,259,410,205,True,True,13,13,1,1,1,0.0,0.0,0.07692307692307693,0.07692307692307693,0.07692307692307693
1068,1634,259,410,207,True,False,13,13,0,0,0,0.0,0.0,0.0,0.0,0.0
1068,1635,259,410,271,True,False,13,13,0,0,0,0.0,0.0,0.0,0.0,0.0
1068,1636,259,410,297,True,False,13,13,0,0,0,0.0,0.0,0.0,0.0,0.0
1068,1637,259,410,355,True,False,13,13,0,0,0,0.0,0.0,0.0,0.0,0.0
1068,1638,259,410,369,True,True,13,13,2,8,1,0.0,0.0,0.6153846153846154,0.15384615384615385,0.6153846153846154
1068,1639,259,410,405,True,False,13,13,0,0,0,0.0,0.0,0.0,0.0,0.0
1068,1640,259,410,414,True,False,13,13,0,0,0,0.0,0.0,0.0,0.0,0.0
1068,1641,259,410,429,True,False,13,13,0,0,0,0.0,0.0,0.0,0.0,0.0
1068,1642,259,410,485,True,False,13,13,0,0,0,0.0,0.0,0.0,0.0,0.0
1069,1844,259,494,16,True,False,12,12,0,0,0,0.0,0.0,0.0,0.0,0.0
1069,1845,259,494,39,True,True,12,12,5,45,3,2.0,5.0,3.75,0.4166666666666667,3.75
1069,1846,259,494,109,True,False,12,12,0,0,0,0.0,0.0,0.0,0.0,0.0
1069,1847,259,494,117,True,True,12,12,3,38,1,1.0,4.0,3.1666666666666665,0.25,3.1666666666666665
1069,1848,259,494,169,True,False,12,12,0,0,0,0.0,0.0,0.0,0.0,0.0
1069,1849,259,494,170,True,False,12,12,0,0,0,0.0,0.0,0.0,0.0,0.0
1069,1850,259,494,176,True,False,12,12,0,0,0,0.0,0.0,0.0,0.0,0.0
1069,1851,259,494,199,True,True,12,12,2,30,1,3.0,6.0,2.5,0.16666666666666666,2.5
1069,1852,259,494,238,True,True,12,12,1,5,1,1.0,3.0,0.4166666666666667,0.08333333333333333,0.4166666666666667
1069,1853,259,494,252,True,False,12,12,0,0,0,0.0,0.0,0.0,0.0,0.0
1069,1854,259,494,294,True,True,12,12,2,20,1,3.0,6.0,1.6666666666666667,0.16666666666666666,1.6666666666666667
1069,1855,259,494,311,True,True,12,12,1,8,1,9.0,9.5,0.6666666666666666,0.08333333333333333,0.6666666666666666
1069,1856,259,494,317,True,True,12,12,1,5,1,3.0,5.0,0.4166666666666667,0.08333333333333333,0.4166666666666667
1069,1857,259,494,383,True,True,12,12,1,1,1,5.0,5.0,0.08333333333333333,0.08333333333333333,0.08333333333333333
1069,1858,259,494,404,True,True,12,12,2,15,2,1.0,5.0,1.25,0.16666666666666666,1.25
1069,1859,259,494,455,True,False,12,12,0,0,0,0.0,0.0,0.0,0.0,0.0
1069,1860,259,494,462,True,False,12,12,0,0,0,0.0,0.0,0.0,0.0,0.0
1069,1861,259,494,474,True,False,12,12,0,0,0,0.0,0.0,0.0,0.0,0.0
1070,141,261,23,7,True,False,41,41,0,0,0,0.0,0.0,0.0,0.0,0.0
1070,142,261,23,24,True,False,41,41,0,0,0,0.0,0.0,0.0,0.0,0.0
1070,143,261,23,85,True,False,41,41,0,0,0,0.0,0.0,0.0,0.0,0.0
1070,144,261,23,88,True,False,41,41,0,0,0,0.0,0.0,0.0,0.0,0.0
1070,145,261,23,143,True,False,41,41,0,0,0,0.0,0.0,0.0,0.0,0.0
1070,146,261,23,157,True,False,41,41,0,0,0,0.0,0.0,0.0,0.0,0.0
1070,147,261,23,247,True,False,41,41,0,0,0,0.0,0.0,0.0,0.0,0.0
1070,148,261,23,262,True,False,41,41,0,0,0,0.0,0.0,0.0,0.0,0.0
1070,149,261,23,279,True,False,41,41,0,0,0,0.0,0.0,0.0,0.0,0.0
1070,150,261,23,309,True,False,41,41,0,0,0,0.0,0.0,0.0,0.0,0.0
1070,151,261,23,316,True,False,41,41,0,0,0,0.0,0.0,0.0,0.0,0.0
1070,152,261,23,385,True,False,41,41,0,0,0,0.0,0.0,0.0,0.0,0.0
1070,153,261,23,389,True,False,41,41,0,0,0,0.0,0.0,0.0,0.0,0.0
1070,154,261,23,402,True,False,41,41,0,0,0,0.0,0.0,0.0,0.0,0.0
1070,155,261,23,474,True,False,41,41,0,0,0,0.0,0.0,0.0,0.0,0.0
1071,636,261,157,28,True,False,30,30,0,0,0,0.0,0.0,0.0,0.0,0.0
1071,637,261,157,77,True,False,30,30,0,0,0,0.0,0.0,0.0,0.0,0.0
1071,638,261,157,79,True,False,30,30,0,0,0,0.0,0.0,0.0,0.0,0.0
1071,639,261,157,84,True,False,30,30,0,0,0,0.0,0.0,0.0,0.0,0.0
1071,640,261,157,85,True,False,30,30,0,0,0,0.0,0.0,0.0,0.0,0.0
1071,641,261,157,88,True,False,30,30,0,0,0,0.0,0.0,0.0,0.0,0.0
1071,642,261,157,143,True,False,30,30,0,0,0,0.0,0.0,0.0,0.0,0.0
1071,643,261,157,161,True,False,30,30,0,0,0,0.0,0.0,0.0,0.0,0.0
1071,644,261,157,167,True,False,30,30,0,0,0,0.0,0.0,0.0,0.0,0.0
1071,645,261,157,196,True,False,30,30,0,0,0,0.0,0.0,0.0,0.0,0.0
1071,646,261,157,229,True,False,30,30,0,0,0,0.0,0.0,0.0,0.0,0.0
1071,647,261,157,230,True,False,30,30,0,0,0,0.0,0.0,0.0,0.0,0.0
1071,648,261,157,279,True,False,30,30,0,0,0,0.0,0.0,0.0,0.0,0.0
1071,649,261,157,315,True,False,30,30,0,0,0,0.0,0.0,0.0,0.0,0.0
1071,650,261,157,375,True,False,30,30,0,0,0,0.0,0.0,0.0,0.0,0.0
1071,651,261,157,389,True,False,30,30,0,0,0,0.0,0.0,0.0,0.0,0.0
1071,652,261,157,402,True,False,30,30,0,0,0,0.0,0.0,0.0,0.0,0.0
1071,653,261,157,432,True,False,30,30,0,0,0,0.0,0.0,0.0,0.0,0.0
1071,654,261,157,440,True,True,30,30,1,5,1,0.0,0.0,0.16666666666666666,0.03333333333333333,0.16666666666666666
1071,655,261,157,474,True,False,30,30,0,0,0,0.0,0.0,0.0,0.0,0.0
1072,1312,261,321,21,True,False,128,128,0,0,0,0.0,0.0,0.0,0.0,0.0
1072,1313,261,321,113,True,False,128,128,0,0,0,0.0,0.0,0.0,0.0,0.0
1072,1314,261,321,156,True,True,128,128,24,24,2,4.0,7.0,0.1875,0.1875,0.1875
1072,1315,261,321,179,True,True,128,128,32,127,3,0.0,4.0,0.9921875,0.25,0.9921875
1072,1316,261,321,251,True,False,128,128,0,0,0,0.0,0.0,0.0,0.0,0.0
1072,1317,261,321,253,True,True,128,128,2,6,1,3.0,4.0,0.046875,0.015625,0.046875
1072,1318,261,321,261,True,False,128,128,0,0,0,0.0,0.0,0.0,0.0,0.0
1072,1319,261,321,319,True,True,128,128,66,312,6,2.0,7.0,2.4375,0.515625,2.4375
1072,1320,261,321,440,True,False,128,128,0,0,0,0.0,0.0,0.0,0.0,0.0
1072,1321,261,321,481,True,False,128,128,0,0,0,0.0,0.0,0.0,0.0,0.0
1072,1322,261,321,488,True,True,128,128,62,321,5,0.0,5.0,2.5078125,0.484375,2.5078125
1073,1703,261,440,7,True,False,5,5,0,0,0,0.0,0.0,0.0,0.0,0.0
1073,1704,261,440,28,True,True,5,5,4,59,1,0.0,4.0,11.8,0.8,11.8
1073,1705,261,440,143,True,False,5,5,0,0,0,0.0,0.0,0.0,0.0,0.0
1073,1706,261,440,161,True,False,5,5,0,0,0,0.0,0.0,0.0,0.0,0.0
1073,1707,261,440,167,True,False,5,5,0,0,0,0.0,0.0,0.0,0.0,0.0
1073,1708,261,440,261,True,False,5,5,0,0,0,0.0,0.0,0.0,0.0,0.0
1073,1709,261,440,263,True,False,5,5,0,0,0,0.0,0.0,0.0,0.0,0.0
1073,1710,261,440,318,True,False,5,5,0,0,0,0.0,0.0,0.0,0.0,0.0
1073,1711,261,440,321,True,False,5,5,0,0,0,0.0,0.0,0.0,0.0,0.0
1073,1712,261,440,509,True,False,5,5,0,0,0,0.0,0.0,0.0,0.0,0.0
1074,1801,261,481,21,True,False,33,33,0,0,0,0.0,0.0,0.0,0.0,0.0
1074,1802,261,481,74,True,False,33,33,0,0,0,0.0,0.0,0.0,0.0,0.0
1074,1803,261,481,113,True,False,33,33,0,0,0,0.0,0.0,0.0,0.0,0.0
1074,1804,261,481,179,True,True,33,33,20,80,2,1.0,5.0,2.4242424242424243,0.6060606060606061,2.4242424242424243
1074,1805,261,481,253,True,True,33,33,20,120,2,2.0,6.0,3.6363636363636362,0.6060606060606061,3.6363636363636362
1074,1806,261,481,261,True,False,33,33,0,0,0,0.0,0.0,0.0,0.0,0.0
1074,1807,261,481,319,True,True,33,33,5,30,1,3.0,6.0,0.9090909090909091,0.15151515151515152,0.9090909090909091
1075,93,262,13,6,True,False,4,4,0,0,0,0.0,0.0,0.0,0.0,0.0
1075,94,262,13,34,True,True,4,4,2,3,2,0.0,0.0,0.75,0.5,0.75
1075,95,262,13,58,True,False,4,4,0,0,0,0.0,0.0,0.0,0.0,0.0
1075,96,262,13,169,True,False,4,4,0,0,0,0.0,0.0,0.0,0.0,0.0
1075,97,262,13,243,True,False,4,4,0,0,0,0.0,0.0,0.0,0.0,0.0
1075,98,262,13,256,True,True,4,4,1,1,1,0.0,0.0,0.25,0.25,0.25
1075,99,262,13,262,True,True,4,4,4,9,2,0.0,0.0,2.25,1.0,2.25
1075,100,262,13,281,True,False,4,4,0,0,0,0.0,0.0,0.0,0.0,0.0
1075,101,262,13,335,True,False,4,4,0,0,0,0.0,0.0,0.0,0.0,0.0
1075,102,262,13,353,True,False,4,4,0,0,0,0.0,0.0,0.0,0.0,0.0
1075,103,262,13,361,True,False,4,4,0,0,0,0.0,0.0,0.0,0.0,0.0
1075,104,262,13,433,True,False,4,4,0,0,0,0.0,0.0,0.0,0.0,0.0
1075,105,262,13,455,True,False,4,4,0,0,0,0.0,0.0,0.0,0.0,0.0
1075,106,262,13,472,True,True,4,4,2,2,2,0.0,0.0,0.5,0.5,0.5
1075,107,262,13,508,True,False,4,4,0,0,0,0.0,0.0,0.0,0.0,0.0
1076,374,262,85,84,True,False,10,10,0,0,0,0.0,0.0,0.0,0.0,0.0
1076,375,262,85,98,True,False,10,10,0,0,0,0.0,0.0,0.0,0.0,0.0
1076,376,262,85,115,True,False,10,10,0,0,0,0.0,0.0,0.0,0.0,0.0
1076,377,262,85,167,True,False,10,10,0,0,0,0.0,0.0,0.0,0.0,0.0
1076,378,262,85,240,True,False,10,10,0,0,0,0.0,0.0,0.0,0.0,0.0
1076,379,262,85,262,True,True,10,10,10,30,2,0.0,0.0,3.0,1.0,3.0
1076,380,262,85,309,True,False,10,10,0,0,0,0.0,0.0,0.0,0.0,0.0
1076,381,262,85,352,True,False,10,10,0,0,0,0.0,0.0,0.0,0.0,0.0
1076,382,262,85,375,True,False,10,10,0,0,0,0.0,0.0,0.0,0.0,0.0
1076,383,262,85,389,True,False,10,10,0,0,0,0.0,0.0,0.0,0.0,0.0
1077,489,262,129,13,True,True,46,46,28,59,3,0.0,0.0,1.2826086956521738,0.6086956521739131,1.2826086956521738
1077,490,262,129,34,True,True,46,46,29,80,3,0.0,1.0,1.7391304347826086,0.6304347826086957,1.7391304347826086
1077,491,262,129,58,True,False,46,46,0,0,0,0.0,0.0,0.0,0.0,0.0
1077,492,262,129,169,True,False,46,46,0,0,0,0.0,0.0,0.0,0.0,0.0
1077,493,262,129,217,True,False,46,46,0,0,0,0.0,0.0,0.0,0.0,0.0
1077,494,262,129,243,True,False,46,46,0,0,0,0.0,0.0,0.0,0.0,0.0
1077,495,262,129,256,True,True,46,46,5,7,1,0.0,0.0,0.15217391304347827,0.10869565217391304,0.15217391304347827
1077,496,262,129,262,True,True,46,46,46,95,3,0.0,1.0,2.0652173913043477,1.0,2.0652173913043477
1077,497,262,129,433,True,False,46,46,0,0,0,0.0,0.0,0.0,0.0,0.0
1077,498,262,129,455,True,False,46,46,0,0,0,0.0,0.0,0.0,0.0,0.0
1077,499,262,129,472,True,True,46,46,29,61,3,0.0,1.0,1.326086956521739,0.6304347826086957,1.326086956521739
1078,780,262,179,13,True,True,24,24,16,16,2,0.0,0.0,0.6666666666666666,0.6666666666666666,0.6666666666666666
1078,781,262,179,34,True,False,24,24,0,0,0,0.0,0.0,0.0,0.0,0.0
1078,782,262,179,43,True,False,24,24,0,0,0,0.0,0.0,0.0,0.0,0.0
1078,783,262,179,129,True,True,24,24,20,54,2,0.0,0.0,2.25,0.8333333333333334,2.25
1078,784,262,179,245,True,True,24,24,4,8,1,0.0,0.0,0.3333333333333333,0.16666666666666666,0.3333333333333333
1078,785,262,179,253,True,False,24,24,0,0,0,0.0,0.0,0.0,0.0,0.0
1078,786,262,179,256,True,True,24,24,3,3,1,0.0,0.0,0.125,0.125,0.125
1078,787,262,179,313,True,False,24,24,0,0,0,0.0,0.0,0.0,0.0,0.0
1078,788,262,179,353,True,False,24,24,0,0,0,0.0,0.0,0.0,0.0,0.0
1078,789,262,179,472,True,True,24,24,9,9,1,0.0,0.0,0.375,0.375,0.375
1078,790,262,179,488,True,False,24,24,0,0,0,0.0,0.0,0.0,0.0,0.0
1079,973,262,247,125,True,False,28,28,0,0,0,0.0,0.0,0.0,0.0,0.0
1079,974,262,247,163,True,True,28,28,15,71,1,0.0,3.0,2.5357142857142856,0.5357142857142857,2.5357142857142856
1079,975,262,247,259,True,False,28,28,0,0,0,0.0,0.0,0.0,0.0,0.0
1079,976,262,247,262,True,True,28,28,8,80,1,0.0,1.0,2.857142857142857,0.2857142857142857,2.857142857142857
1079,977,262,247,371,True,True,28,28,15,59,1,0.0,3.0,2.107142857142857,0.5357142857142857,2.107142857142857
1079,978,262,247,402,True,False,28,28,0,0,0,0.0,0.0,0.0,0.0,0.0
1079,979,262,247,432,True,False,28,28,0,0,0,0.0,0.0,0.0,0.0,0.0
1080,1480,262,381,12,True,True,8,8,2,2,1,0.0,0.0,0.25,0.25,0.25
1080,1481,262,381,31,True,False,8,8,0,0,0,0.0,0.0,0.0,0.0,0.0
1080,1482,262,381,58,True,False,8,8,0,0,0,0.0,0.0,0.0,0.0,0.0
1080,1483,262,381,74,True,False,8,8,0,0,0,0.0,0.0,0.0,0.0,0.0
1080,1484,262,381,121,True,True,8,8,8,16,2,0.0,0.5,2.0,1.0,2.0
1080,1485,262,381,141,True,False,8,8,0,0,0,0.0,0.0,0.0,0.0,0.0
1080,1486,262,381,156,True,True,8,8,2,4,1,0.0,0.0,0.5,0.25,0.5
1080,1487,262,381,248,True,False,8,8,0,0,0,0.0,0.0,0.0,0.0,0.0
1080,1488,262,381,251,True,False,8,8,0,0,0,0.0,0.0,0.0,0.0,0.0
1080,1489,262,381,319,True,False,8,8,0,0,0,0.0,0.0,0.0,0.0,0.0
1080,1490,262,381,433,True,False,8,8,0,0,0,0.0,0.0,0.0,0.0,0.0
1080,1491,262,381,449,True,True,8,8,8,30,2,0.0,1.0,3.75,1.0,3.75
1080,1492,262,381,463,True,False,8,8,0,0,0,0.0,0.0,0.0,0.0,0.0
1081,1819,262,487,3,True,True,61,61,7,7,1,0.0,1.0,0.11475409836065574,0.11475409836065574,0.11475409836065574
1081,1820,262,487,16,True,False,61,61,0,0,0,0.0,0.0,0.0,0.0,0.0
1081,1821,262,487,26,True,False,61,61,0,0,0,0.0,0.0,0.0,0.0,0.0
1081,1822,262,487,46,True,False,61,61,0,0,0,0.0,0.0,0.0,0.0,0.0
1081,1823,262,487,109,True,False,61,61,0,0,0,0.0,0.0,0.0,0.0,0.0
1081,1824,262,487,140,True,False,61,61,0,0,0,0.0,0.0,0.0,0.0,0.0
1081,1825,262,487,163,True,False,61,61,0,0,0,0.0,0.0,0.0,0.0,0.0
1081,1826,262,487,262,True,True,61,61,50,695,3,0.0,6.0,11.39344262295082,0.819672131147541,11.39344262295082
1081,1827,262,487,266,True,False,61,61,0,0,0,0.0,0.0,0.0,0.0,0.0
1081,1828,262,487,297,True,False,61,61,0,0,0,0.0,0.0,0.0,0.0,0.0
1081,1829,262,487,328,True,False,61,61,0,0,0,0.0,0.0,0.0,0.0,0.0
1081,1830,262,487,371,True,False,61,61,0,0,0,0.0,0.0,0.0,0.0,0.0
1081,1831,262,487,430,True,True,61,61,11,64,1,0.0,0.0,1.0491803278688525,0.18032786885245902,1.0491803278688525
1081,1832,262,487,462,True,False,61,61,0,0,0,0.0,0.0,0.0,0.0,0.0
1082,42,263,7,28,True,False,24,24,0,0,0,0.0,0.0,0.0,0.0,0.0
1082,43,263,7,77,True,False,24,24,0,0,0,0.0,0.0,0.0,0.0,0.0
1082,44,263,7,133,True,False,24,24,0,0,0,0.0,0.0,0.0,0.0,0.0
1082,45,263,7,143,True,False,24,24,0,0,0,0.0,0.0,0.0,0.0,0.0
1082,46,263,7,167,True,False,24,24,0,0,0,0.0,0.0,0.0,0.0,0.0
1082,47,263,7,196,True,True,24,24,4,40,1,0.0,1.0,1.6666666666666667,0.16666666666666666,1.6666666666666667
1082,48,263,7,222,True,False,24,24,0,0,0,0.0,0.0,0.0,0.0,0.0
1082,49,263,7,290,True,False,24,24,0,0,0,0.0,0.0,0.0,0.0,0.0
1082,50,263,7,318,True,False,24,24,0,0,0,0.0,0.0,0.0,0.0,0.0
1082,51,263,7,347,True,False,24,24,0,0,0,0.0,0.0,0.0,0.0,0.0
1082,52,263,7,474,True,False,24,24,0,0,0,0.0,0.0,0.0,0.0,0.0
1082,53,263,7,509,True,False,24,24,0,0,0,0.0,0.0,0.0,0.0,0.0
1083,500,263,133,7,True,False,28,28,0,0,0,0.0,0.0,0.0,0.0,0.0
1083,501,263,133,157,True,False,28,28,0,0,0,0.0,0.0,0.0,0.0,0.0
1083,502,263,133,196,True,True,28,28,3,15,1,0.0,0.0,0.5357142857142857,0.10714285714285714,0.5357142857142857
1083,503,263,133,222,True,False,28,28,0,0,0,0.0,0.0,0.0,0.0,0.0
1083,504,263,133,415,True,False,28,28,0,0,0,0.0,0.0,0.0,0.0,0.0
1083,505,263,133,432,True,False,28,28,0,0,0,0.0,0.0,0.0,0.0,0.0
1084,688,263,167,7,True,True,46,46,14,40,2,0.0,2.0,0.8695652173913043,0.30434782608695654,0.8695652173913043
1084,689,263,167,88,True,False,46,46,0,0,0,0.0,0.0,0.0,0.0,0.0
1084,690,263,167,133,True,True,46,46,9,14,1,0.0,0.0,0.30434782608695654,0.1956521739130435,0.30434782608695654
1084,691,263,167,143,True,False,46,46,0,0,0,0.0,0.0,0.0,0.0,0.0
1084,692,263,167,157,True,False,46,46,0,0,0,0.0,0.0,0.0,0.0,0.0
1084,693,263,167,161,True,False,46,46,0,0,0,0.0,0.0,0.0,0.0,0.0
1084,694,263,167,196,True,True,46,46,18,84,2,0.0,0.0,1.826086956521739,0.391304347826087,1.826086956521739
1084,695,263,167,261,True,False,46,46,0,0,0,0.0,0.0,0.0,0.0,0.0
1084,696,263,167,279,True,False,46,46,0,0,0,0.0,0.0,0.0,0.0,0.0
1084,697,263,167,290,True,False,46,46,0,0,0,0.0,0.0,0.0,0.0,0.0
1084,698,263,167,316,True,False,46,46,0,0,0,0.0,0.0,0.0,0.0,0.0
1084,699,263,167,432,True,False,46,46,0,0,0,0.0,0.0,0.0,0.0,0.0
1084,700,263,167,440,True,False,46,46,0,0,0,0.0,0.0,0.0,0.0,0.0
1084,701,263,167,474,True,False,46,46,0,0,0,0.0,0.0,0.0,0.0,0.0
1084,702,263,167,509,True,True,46,46,5,19,1,0.0,2.0,0.41304347826086957,0.10869565217391304,0.41304347826086957
1085,820,263,196,1,True,True,207,207,75,209,8,6.0,9.0,1.0096618357487923,0.36231884057971014,1.0096618357487923
1085,821,263,196,28,True,True,207,207,1,3,1,8.0,9.0,0.014492753623188406,0.004830917874396135,0.014492753623188406
1085,822,263,196,133,True,False,207,207,0,0,0,0.0,0.0,0.0,0.0,0.0
1085,823,263,196,207,True,False,207,207,0,0,0,0.0,0.0,0.0,0.0,0.0
1085,824,263,196,222,True,True,207,207,45,145,5,5.0,9.0,0.7004830917874396,0.21739130434782608,0.7004830917874396
1085,825,263,196,263,True,True,207,207,26,50,3,0.0,0.0,0.24154589371980675,0.12560386473429952,0.24154589371980675
1085,826,263,196,271,True,True,207,207,16,30,2,8.0,10.0,0.14492753623188406,0.07729468599033816,0.14492753623188406
1085,827,263,196,299,True,True,207,207,7,10,3,9.0,10.0,0.04830917874396135,0.033816425120772944,0.04830917874396135
1085,828,263,196,318,True,True,207,207,1,15,1,1.0,4.0,0.07246376811594203,0.004830917874396135,0.07246376811594203
1085,829,263,196,429,True,True,207,207,14,25,4,8.0,10.0,0.12077294685990338,0.06763285024154589,0.12077294685990338
1085,830,263,196,509,True,True,207,207,6,21,2,0.0,0.0,0.10144927536231885,0.028985507246376812,0.10144927536231885
1086,1039,263,258,2,True,False,6,6,0,0,0,0.0,0.0,0.0,0.0,0.0
1086,1040,263,258,22,True,False,6,6,0,0,0,0.0,0.0,0.0,0.0,0.0
1086,1041,263,258,61,True,False,6,6,0,0,0,0.0,0.0,0.0,0.0,0.0
1086,1042,263,258,80,True,False,6,6,0,0,0,0.0,0.0,0.0,0.0,0.0
1086,1043,263,258,126,True,False,6,6,0,0,0,0.0,0.0,0.0,0.0,0.0
1086,1044,263,258,151,True,False,6,6,0,0,0,0.0,0.0,0.0,0.0,0.0
1086,1045,263,258,175,True,False,6,6,0,0,0,0.0,0.0,0.0,0.0,0.0
1086,1046,263,258,311,True,False,6,6,0,0,0,0.0,0.0,0.0,0.0,0.0
1086,1047,263,258,390,True,False,6,6,0,0,0,0.0,0.0,0.0,0.0,0.0
1086,1048,263,258,415,True,False,6,6,0,0,0,0.0,0.0,0.0,0.0,0.0
1087,1228,263,309,6,True,False,6,6,0,0,0,0.0,0.0,0.0,0.0,0.0
1087,1229,263,309,24,True,False,6,6,0,0,0,0.0,0.0,0.0,0.0,0.0
1087,1230,263,309,125,True,False,6,6,0,0,0,0.0,0.0,0.0,0.0,0.0
1087,1231,263,309,147,True,False,6,6,0,0,0,0.0,0.0,0.0,0.0,0.0
1087,1232,263,309,217,True,False,6,6,0,0,0,0.0,0.0,0.0,0.0,0.0
1087,1233,263,309,224,True,False,6,6,0,0,0,0.0,0.0,0.0,0.0,0.0
1087,1234,263,309,227,True,False,6,6,0,0,0,0.0,0.0,0.0,0.0,0.0
1087,1235,263,309,316,True,False,6,6,0,0,0,0.0,0.0,0.0,0.0,0.0
1087,1236,263,309,352,True,False,6,6,0,0,0,0.0,0.0,0.0,0.0,0.0
1087,1237,263,309,361,True,True,6,6,3,22,1,0.0,1.0,3.6666666666666665,0.5,3.6666666666666665
1087,1238,263,309,387,True,False,6,6,0,0,0,0.0,0.0,0.0,0.0,0.0
1087,1239,263,309,474,True,False,6,6,0,0,0,0.0,0.0,0.0,0.0,0.0
1088,1618,263,405,10,True,False,6,6,0,0,0,0.0,0.0,0.0,0.0,0.0
1088,1619,263,405,80,True,False,6,6,0,0,0,0.0,0.0,0.0,0.0,0.0
1088,1620,263,405,100,True,False,6,6,0,0,0,0.0,0.0,0.0,0.0,0.0
1088,1621,263,405,117,True,False,6,6,0,0,0,0.0,0.0,0.0,0.0,0.0
1088,1622,263,405,258,True,False,6,6,0,0,0,0.0,0.0,0.0,0.0,0.0
1088,1623,263,405,311,True,False,6,6,0,0,0,0.0,0.0,0.0,0.0,0.0
1088,1624,263,405,315,True,False,6,6,0,0,0,0.0,0.0,0.0,0.0,0.0
1088,1625,263,405,390,True,False,6,6,0,0,0,0.0,0.0,0.0,0.0,0.0
1088,1626,263,405,404,True,False,6,6,0,0,0,0.0,0.0,0.0,0.0,0.0
1088,1627,263,405,485,True,False,6,6,0,0,0,0.0,0.0,0.0,0.0,0.0
1089,1703,263,440,7,True,False,18,18,0,0,0,0.0,0.0,0.0,0.0,0.0
1089,1704,263,440,28,True,False,18,18,0,0,0,0.0,0.0,0.0,0.0,0.0
1089,1705,263,440,143,True,False,18,18,0,0,0,0.0,0.0,0.0,0.0,0.0
1089,1706,263,440,161,True,False,18,18,0,0,0,0.0,0.0,0.0,0.0,0.0
1089,1707,263,440,167,True,False,18,18,0,0,0,0.0,0.0,0.0,0.0,0.0
1089,1708,263,440,261,True,False,18,18,0,0,0,0.0,0.0,0.0,0.0,0.0
1089,1709,263,440,263,True,True,18,18,3,3,1,0.0,0.0,0.16666666666666666,0.16666666666666666,0.16666666666666666
1089,1710,263,440,318,True,False,18,18,0,0,0,0.0,0.0,0.0,0.0,0.0
1089,1711,263,440,321,True,False,18,18,0,0,0,0.0,0.0,0.0,0.0,0.0
1089,1712,263,440,509,True,True,18,18,14,88,2,0.0,0.0,4.888888888888889,0.7777777777777778,4.888888888888889
1090,1887,263,509,7,True,True,47,47,6,18,1,0.0,0.0,0.3829787234042553,0.1276595744680851,0.3829787234042553
1090,1888,263,509,113,True,False,47,47,0,0,0,0.0,0.0,0.0,0.0,0.0
1090,1889,263,509,161,True,False,47,47,0,0,0,0.0,0.0,0.0,0.0,0.0
1090,1890,263,509,196,True,True,47,47,24,102,3,0.0,1.0,2.1702127659574466,0.5106382978723404,2.1702127659574466
1090,1891,263,509,251,True,False,47,47,0,0,0,0.0,0.0,0.0,0.0,0.0
1090,1892,263,509,279,True,False,47,47,0,0,0,0.0,0.0,0.0,0.0,0.0
1090,1893,263,509,321,True,False,47,47,0,0,0,0.0,0.0,0.0,0.0,0.0
1090,1894,263,509,361,True,False,47,47,0,0,0,0.0,0.0,0.0,0.0,0.0
1090,1895,263,509,440,True,False,47,47,0,0,0,0.0,0.0,0.0,0.0,0.0
1090,1896,263,509,481,True,True,47,47,1,14,1,4.0,7.0,0.2978723404255319,0.02127659574468085,0.2978723404255319
1091,161,266,26,16,True,False,82,82,0,0,0,0.0,0.0,0.0,0.0,0.0
1091,162,266,26,46,True,True,82,82,6,6,1,0.0,1.0,0.07317073170731707,0.07317073170731707,0.07317073170731707
1091,163,266,26,109,True,False,82,82,0,0,0,0.0,0.0,0.0,0.0,0.0
1091,164,266,26,213,True,True,82,82,11,115,1,0.0,1.0,1.4024390243902438,0.13414634146341464,1.4024390243902438
1091,165,266,26,266,True,True,82,82,11,20,2,0.0,0.0,0.24390243902439024,0.13414634146341464,0.24390243902439024
1091,166,266,26,378,True,False,82,82,0,0,0,0.0,0.0,0.0,0.0,0.0
1091,167,266,26,382,True,False,82,82,0,0,0,0.0,0.0,0.0,0.0,0.0
1091,168,266,26,430,True,True,82,82,70,535,7,0.0,0.0,6.524390243902439,0.8536585365853658,6.524390243902439
1091,169,266,26,462,True,False,82,82,0,0,0,0.0,0.0,0.0,0.0,0.0
1091,170,266,26,487,True,False,82,82,0,0,0,0.0,0.0,0.0,0.0,0.0
1091,171,266,26,497,True,False,82,82,0,0,0,0.0,0.0,0.0,0.0,0.0
1092,183,266,30,176,True,True,515,515,32,160,2,0.0,6.0,0.3106796116504854,0.062135922330097085,0.3106796116504854
1092,184,266,30,199,True,True,515,515,30,359,2,0.0,5.0,0.6970873786407767,0.05825242718446602,0.6970873786407767
1092,185,266,30,238,True,True,515,515,30,273,2,2.0,8.0,0.5300970873786408,0.05825242718446602,0.5300970873786408
1092,186,266,30,252,True,True,515,515,113,1193,5,0.0,7.0,2.316504854368932,0.21941747572815534,2.316504854368932
1092,187,266,30,290,True,False,515,515,0,0,0,0.0,0.0,0.0,0.0,0.0
1092,188,266,30,317,True,True,515,515,67,495,4,1.0,7.0,0.9611650485436893,0.13009708737864079,0.9611650485436893
1092,189,266,30,383,True,True,515,515,30,105,2,0.0,4.0,0.20388349514563106,0.05825242718446602,0.20388349514563106
1092,190,266,30,404,True,True,515,515,46,619,3,0.0,4.0,1.2019417475728156,0.08932038834951456,1.2019417475728156
1092,191,266,30,474,True,True,515,515,15,45,1,3.0,7.0,0.08737864077669903,0.02912621359223301,0.08737864077669903
1092,192,266,30,494,True,True,515,515,85,896,6,0.0,5.0,1.7398058252427184,0.1650485436893204,1.7398058252427184
1093,776,266,176,16,True,False,5,5,0,0,0,0.0,0.0,0.0,0.0,0.0
1093,777,266,176,266,True,True,5,5,5,24,4,0.0,0.0,4.8,1.0,4.8
1093,778,266,176,383,True,False,5,5,0,0,0,0.0,0.0,0.0,0.0,0.0
1093,779,266,176,462,True,False,5,5,0,0,0,0.0,0.0,0.0,0.0,0.0
1094,1011,266,252,30,True,False,5,5,0,0,0,0.0,0.0,0.0,0.0,0.0
1094,1012,266,252,39,True,False,5,5,0,0,0,0.0,0.0,0.0,0.0,0.0
1094,1013,266,252,176,True,False,5,5,0,0,0,0.0,0.0,0.0,0.0,0.0
1094,1014,266,252,199,True,False,5,5,0,0,0,0.0,0.0,0.0,0.0,0.0
1094,1015,266,252,259,True,False,5,5,0,0,0,0.0,0.0,0.0,0.0,0.0
1094,1016,266,252,317,True,False,5,5,0,0,0,0.0,0.0,0.0,0.0,0.0
1094,1017,266,252,371,True,False,5,5,0,0,0,0.0,0.0,0.0,0.0,0.0
1094,1018,266,252,383,True,True,5,5,3,45,1,3.0,7.0,9.0,0.6,9.0
1095,1331,266,328,30,True,True,208,208,56,357,4,0.0,2.0,1.7163461538461537,0.2692307692307692,1.7163461538461537
1095,1332,266,328,39,True,True,208,208,18,183,2,0.0,3.0,0.8798076923076923,0.08653846153846154,0.8798076923076923
1095,1333,266,328,109,True,False,208,208,0,0,0,0.0,0.0,0.0,0.0,0.0
1095,1334,266,328,140,True,False,208,208,0,0,0,0.0,0.0,0.0,0.0,0.0
1095,1335,266,328,170,True,False,208,208,0,0,0,0.0,0.0,0.0,0.0,0.0
1095,1336,266,328,199,True,False,208,208,0,0,0,0.0,0.0,0.0,0.0,0.0
1095,1337,266,328,238,True,False,208,208,0,0,0,0.0,0.0,0.0,0.0,0.0
1095,1338,266,328,252,True,True,208,208,45,90,3,0.0,5.0,0.4326923076923077,0.21634615384615385,0.4326923076923077
1095,1339,266,328,404,True,True,208,208,34,491,3,0.0,4.0,2.360576923076923,0.16346153846153846,2.360576923076923
1095,1340,266,328,485,True,False,208,208,0,0,0,0.0,0.0,0.0,0.0,0.0
1095,1341,266,328,494,True,True,208,208,44,540,3,0.0,4.0,2.5961538461538463,0.21153846153846154,2.5961538461538463
1096,1673,266,430,3,True,True,507,507,481,6965,32,0.0,5.0,13.73767258382643,0.9487179487179487,13.73767258382643
1096,1674,266,430,26,True,False,507,507,0,0,0,0.0,0.0,0.0,0.0,0.0
1096,1675,266,430,46,True,True,507,507,13,63,2,0.0,3.0,0.1242603550295858,0.02564102564102564,0.1242603550295858
1096,1676,266,430,266,True,True,507,507,13,18,2,0.0,0.0,0.03550295857988166,0.02564102564102564,0.03550295857988166
1096,1677,266,430,487,True,True,507,507,3,6,1,0.0,0.0,0.011834319526627219,0.005917159763313609,0.011834319526627219
1097,1744,266,462,16,True,False,11,11,0,0,0,0.0,0.0,0.0,0.0,0.0
1097,1745,266,462,26,True,True,11,11,2,6,1,0.0,0.0,0.5454545454545454,0.18181818181818182,0.5454545454545454
1097,1746,266,462,30,True,True,11,11,9,60,3,0.0,0.0,5.454545454545454,0.8181818181818182,5.454545454545454
1097,1747,266,462,46,True,False,11,11,0,0,0,0.0,0.0,0.0,0.0,0.0
1097,1748,266,462,109,True,False,11,11,0,0,0,0.0,0.0,0.0,0.0,0.0
1097,1749,266,462,266,True,True,11,11,5,5,2,0.0,0.0,0.45454545454545453,0.45454545454545453,0.45454545454545453
1097,1750,266,462,324,True,False,11,11,0,0,0,0.0,0.0,0.0,0.0,0.0
1097,1751,266,462,378,True,False,11,11,0,0,0,0.0,0.0,0.0,0.0,0.0
1097,1752,266,462,430,True,True,11,11,2,4,1,0.0,0.0,0.36363636363636365,0.18181818181818182,0.36363636363636365
1097,1753,266,462,487,True,False,11,11,0,0,0,0.0,0.0,0.0,0.0,0.0
1097,1754,266,462,497,True,False,11,11,0,0,0,0.0,0.0,0.0,0.0,0.0
1098,1819,266,487,3,True,True,128,128,9,9,2,0.0,1.0,0.0703125,0.0703125,0.0703125
1098,1820,266,487,16,True,False,128,128,0,0,0,0.0,0.0,0.0,0.0,0.0
1098,1821,266,487,26,True,False,128,128,0,0,0,0.0,0.0,0.0,0.0,0.0
1098,1822,266,487,46,True,False,128,128,0,0,0,0.0,0.0,0.0,0.0,0.0
1098,1823,266,487,109,True,False,128,128,0,0,0,0.0,0.0,0.0,0.0,0.0
1098,1824,266,487,140,True,False,128,128,0,0,0,0.0,0.0,0.0,0.0,0.0
1098,1825,266,487,163,True,False,128,128,0,0,0,0.0,0.0,0.0,0.0,0.0
1098,1826,266,487,262,True,False,128,128,0,0,0,0.0,0.0,0.0,0.0,0.0
1098,1827,266,487,266,True,False,128,128,0,0,0,0.0,0.0,0.0,0.0,0.0
1098,1828,266,487,297,True,False,128,128,0,0,0,0.0,0.0,0.0,0.0,0.0
1098,1829,266,487,328,True,False,128,128,0,0,0,0.0,0.0,0.0,0.0,0.0
1098,1830,266,487,371,True,False,128,128,0,0,0,0.0,0.0,0.0,0.0,0.0
1098,1831,266,487,430,True,True,128,128,128,1183,10,0.0,1.0,9.2421875,1.0,9.2421875
1098,1832,266,487,462,True,False,128,128,0,0,0,0.0,0.0,0.0,0.0,0.0
1099,417,268,112,140,True,False,16,16,0,0,0,0.0,0.0,0.0,0.0,0.0
1099,418,268,112,213,True,False,16,16,0,0,0,0.0,0.0,0.0,0.0,0.0
1099,419,268,112,259,True,True,16,16,5,5,1,0.0,0.0,0.3125,0.3125,0.3125
1099,420,268,112,297,True,True,16,16,16,46,3,0.0,0.0,2.875,1.0,2.875
1099,421,268,112,324,True,False,16,16,0,0,0,0.0,0.0,0.0,0.0,0.0
1099,422,268,112,378,True,False,16,16,0,0,0,0.0,0.0,0.0,0.0,0.0
1099,423,268,112,382,True,False,16,16,0,0,0,0.0,0.0,0.0,0.0,0.0
1099,424,268,112,497,True,False,16,16,0,0,0,0.0,0.0,0.0,0.0,0.0
1100,722,268,171,4,True,False,23,23,0,0,0,0.0,0.0,0.0,0.0,0.0
1100,723,268,171,8,True,False,23,23,0,0,0,0.0,0.0,0.0,0.0,0.0
1100,724,268,171,26,True,False,23,23,0,0,0,0.0,0.0,0.0,0.0,0.0
1100,725,268,171,42,True,False,23,23,0,0,0,0.0,0.0,0.0,0.0,0.0
1100,726,268,171,109,True,False,23,23,0,0,0,0.0,0.0,0.0,0.0,0.0
1100,727,268,171,118,True,False,23,23,0,0,0,0.0,0.0,0.0,0.0,0.0
1100,728,268,171,138,True,False,23,23,0,0,0,0.0,0.0,0.0,0.0,0.0
1100,729,268,171,151,True,False,23,23,0,0,0,0.0,0.0,0.0,0.0,0.0
1100,730,268,171,163,True,False,23,23,0,0,0,0.0,0.0,0.0,0.0,0.0
1100,731,268,171,164,True,False,23,23,0,0,0,0.0,0.0,0.0,0.0,0.0
1100,732,268,171,172,True,False,23,23,0,0,0,0.0,0.0,0.0,0.0,0.0
1100,733,268,171,173,True,True,23,23,19,96,3,0.0,1.0,4.173913043478261,0.8260869565217391,4.173913043478261
1100,734,268,171,180,True,False,23,23,0,0,0,0.0,0.0,0.0,0.0,0.0
1100,735,268,171,259,True,False,23,23,0,0,0,0.0,0.0,0.0,0.0,0.0
1100,736,268,171,271,True,True,23,23,4,12,1,0.0,0.0,0.5217391304347826,0.17391304347826086,0.5217391304347826
1100,737,268,171,288,True,False,23,23,0,0,0,0.0,0.0,0.0,0.0,0.0
1100,738,268,171,297,True,False,23,23,0,0,0,0.0,0.0,0.0,0.0,0.0
1100,739,268,171,410,True,True,23,23,4,6,1,0.0,0.0,0.2608695652173913,0.17391304347826086,0.2608695652173913
1101,747,268,173,1,True,False,33,33,0,0,0,0.0,0.0,0.0,0.0,0.0
1101,748,268,173,42,True,True,33,33,5,20,1,9.0,9.0,0.6060606060606061,0.15151515151515152,0.6060606060606061
1101,749,268,173,118,True,False,33,33,0,0,0,0.0,0.0,0.0,0.0,0.0
1101,750,268,173,138,True,False,33,33,0,0,0,0.0,0.0,0.0,0.0,0.0
1101,751,268,173,146,True,False,33,33,0,0,0,0.0,0.0,0.0,0.0,0.0
1101,752,268,173,171,True,False,33,33,0,0,0,0.0,0.0,0.0,0.0,0.0
1101,753,268,173,222,True,False,33,33,0,0,0,0.0,0.0,0.0,0.0,0.0
1101,754,268,173,271,True,True,33,33,9,14,2,0.0,0.0,0.42424242424242425,0.2727272727272727,0.42424242424242425
1101,755,268,173,297,True,False,33,33,0,0,0,0.0,0.0,0.0,0.0,0.0
1101,756,268,173,340,True,False,33,33,0,0,0,0.0,0.0,0.0,0.0,0.0
1101,757,268,173,405,True,False,33,33,0,0,0,0.0,0.0,0.0,0.0,0.0
1102,846,268,205,8,True,False,9,9,0,0,0,0.0,0.0,0.0,0.0,0.0
1102,847,268,205,42,True,False,9,9,0,0,0,0.0,0.0,0.0,0.0,0.0
1102,848,268,205,109,True,False,9,9,0,0,0,0.0,0.0,0.0,0.0,0.0
1102,849,268,205,146,True,False,9,9,0,0,0,0.0,0.0,0.0,0.0,0.0
1102,850,268,205,151,True,False,9,9,0,0,0,0.0,0.0,0.0,0.0,0.0
1102,851,268,205,259,True,True,9,9,4,4,1,0.0,0.0,0.4444444444444444,0.4444444444444444,0.4444444444444444
1102,852,268,205,290,True,False,9,9,0,0,0,0.0,0.0,0.0,0.0,0.0
1102,853,268,205,297,True,True,9,9,9,26,2,0.0,0.0,2.888888888888889,1.0,2.888888888888889
1102,854,268,205,328,True,False,9,9,0,0,0,0.0,0.0,0.0,0.0,0.0
1102,855,268,205,352,True,False,9,9,0,0,0,0.0,0.0,0.0,0.0,0.0
1102,856,268,205,405,True,False,9,9,0,0,0,0.0,0.0,0.0,0.0,0.0
1102,857,268,205,494,True,False,9,9,0,0,0,0.0,0.0,0.0,0.0,0.0
1103,1108,268,271,1,True,False,206,206,0,0,0,0.0,0.0,0.0,0.0,0.0
1103,1109,268,271,28,True,False,206,206,0,0,0,0.0,0.0,0.0,0.0,0.0
1103,1110,268,271,42,True,True,206,206,72,276,13,0.0,7.0,1.3398058252427185,0.34951456310679613,1.3398058252427185
1103,1111,268,271,56,True,False,206,206,0,0,0,0.0,0.0,0.0,0.0,0.0
1103,1112,268,271,63,True,False,206,206,0,0,0,0.0,0.0,0.0,0.0,0.0
1103,1113,268,271,146,True,False,206,206,0,0,0,0.0,0.0,0.0,0.0,0.0
1103,1114,268,271,164,True,False,206,206,0,0,0,0.0,0.0,0.0,0.0,0.0
1103,1115,268,271,171,True,True,206,206,7,7,2,7.0,7.0,0.03398058252427184,0.03398058252427184,0.03398058252427184
1103,1116,268,271,173,True,True,206,206,32,83,4,0.0,2.0,0.4029126213592233,0.1553398058252427,0.4029126213592233
1103,1117,268,271,180,True,False,206,206,0,0,0,0.0,0.0,0.0,0.0,0.0
1103,1118,268,271,196,True,False,206,206,0,0,0,0.0,0.0,0.0,0.0,0.0
1103,1119,268,271,207,True,False,206,206,0,0,0,0.0,0.0,0.0,0.0,0.0
1103,1120,268,271,222,True,False,206,206,0,0,0,0.0,0.0,0.0,0.0,0.0
1103,1121,268,271,297,True,True,206,206,6,6,3,6.0,6.5,0.02912621359223301,0.02912621359223301,0.02912621359223301
1103,1122,268,271,355,True,False,206,206,0,0,0,0.0,0.0,0.0,0.0,0.0
1103,1123,268,271,369,True,False,206,206,0,0,0,0.0,0.0,0.0,0.0,0.0
1103,1124,268,271,410,True,True,206,206,27,38,6,0.0,0.0,0.18446601941747573,0.13106796116504854,0.18446601941747573
1103,1125,268,271,429,True,False,206,206,0,0,0,0.0,0.0,0.0,0.0,0.0
1104,1202,268,297,1,True,False,376,376,0,0,0,0.0,0.0,0.0,0.0,0.0
1104,1203,268,297,42,True,True,376,376,96,638,9,0.0,8.0,1.696808510638298,0.2553191489361702,1.696808510638298
1104,1204,268,297,56,True,False,376,376,0,0,0,0.0,0.0,0.0,0.0,0.0
1104,1205,268,297,63,True,True,376,376,26,354,3,1.0,6.0,0.9414893617021277,0.06914893617021277,0.9414893617021277
1104,1206,268,297,112,True,True,376,376,9,13,2,0.0,0.0,0.034574468085106384,0.023936170212765957,0.034574468085106384
1104,1207,268,297,118,True,False,376,376,0,0,0,0.0,0.0,0.0,0.0,0.0
1104,1208,268,297,151,True,True,376,376,35,35,3,4.0,8.0,0.09308510638297872,0.09308510638297872,0.09308510638297872
1104,1209,268,297,163,True,True,376,376,48,201,3,0.0,1.0,0.5345744680851063,0.1276595744680851,0.5345744680851063
1104,1210,268,297,222,True,False,376,376,0,0,0,0.0,0.0,0.0,0.0,0.0
1104,1211,268,297,259,True,True,376,376,6,6,1,0.0,3.0,0.015957446808510637,0.015957446808510637,0.015957446808510637
1104,1212,268,297,271,True,True,376,376,159,249,22,0.0,0.0,0.6622340425531915,0.4228723404255319,0.6622340425531915
1104,1213,268,297,371,True,True,376,376,26,57,3,0.0,1.0,0.15159574468085107,0.06914893617021277,0.15159574468085107
1104,1214,268,297,382,True,True,376,376,53,555,5,0.0,6.0,1.476063829787234,0.14095744680851063,1.476063829787234
1104,1215,268,297,410,True,True,376,376,10,10,2,0.0,0.0,0.026595744680851064,0.026595744680851064,0.026595744680851064
1104,1216,268,297,414,True,False,376,376,0,0,0,0.0,0.0,0.0,0.0,0.0
1104,1217,268,297,497,True,True,376,376,11,98,1,0.0,4.0,0.26063829787234044,0.02925531914893617,0.26063829787234044
1105,1454,268,371,39,True,False,3,3,0,0,0,0.0,0.0,0.0,0.0,0.0
1105,1455,268,371,126,True,False,3,3,0,0,0,0.0,0.0,0.0,0.0,0.0
1105,1456,268,371,146,True,False,3,3,0,0,0,0.0,0.0,0.0,0.0,0.0
1105,1457,268,371,163,True,True,3,3,2,2,2,0.0,0.0,0.6666666666666666,0.6666666666666666,0.6666666666666666
1105,1458,268,371,247,True,False,3,3,0,0,0,0.0,0.0,0.0,0.0,0.0
1105,1459,268,371,252,True,False,3,3,0,0,0,0.0,0.0,0.0,0.0,0.0
1105,1460,268,371,259,True,True,3,3,1,2,1,0.0,0.0,0.6666666666666666,0.3333333333333333,0.6666666666666666
1105,1461,268,371,385,True,False,3,3,0,0,0,0.0,0.0,0.0,0.0,0.0
1106,1553,268,390,2,True,False,3,3,0,0,0,0.0,0.0,0.0,0.0,0.0
1106,1554,268,390,8,True,False,3,3,0,0,0,0.0,0.0,0.0,0.0,0.0
1106,1555,268,390,22,True,False,3,3,0,0,0,0.0,0.0,0.0,0.0,0.0
1106,1556,268,390,79,True,False,3,3,0,0,0,0.0,0.0,0.0,0.0,0.0
1106,1557,268,390,80,True,False,3,3,0,0,0,0.0,0.0,0.0,0.0,0.0
1106,1558,268,390,138,True,False,3,3,0,0,0,0.0,0.0,0.0,0.0,0.0
1106,1559,268,390,149,True,False,3,3,0,0,0,0.0,0.0,0.0,0.0,0.0
1106,1560,268,390,151,True,True,3,3,2,10,1,0.0,0.0,3.3333333333333335,0.6666666666666666,3.3333333333333335
1106,1561,268,390,171,True,False,3,3,0,0,0,0.0,0.0,0.0,0.0,0.0
1106,1562,268,390,175,True,False,3,3,0,0,0,0.0,0.0,0.0,0.0,0.0
1106,1563,268,390,230,True,False,3,3,0,0,0,0.0,0.0,0.0,0.0,0.0
1106,1564,268,390,258,True,False,3,3,0,0,0,0.0,0.0,0.0,0.0,0.0
1106,1565,268,390,268,True,True,3,3,1,1,1,0.0,0.0,0.3333333333333333,0.3333333333333333,0.3333333333333333
1106,1566,268,390,294,True,False,3,3,0,0,0,0.0,0.0,0.0,0.0,0.0
1106,1567,268,390,311,True,True,3,3,3,10,2,0.0,4.0,3.3333333333333335,1.0,3.3333333333333335
1107,1629,268,410,146,True,False,45,45,0,0,0,0.0,0.0,0.0,0.0,0.0
1107,1630,268,410,151,True,False,45,45,0,0,0,0.0,0.0,0.0,0.0,0.0
1107,1631,268,410,164,True,False,45,45,0,0,0,0.0,0.0,0.0,0.0,0.0
1107,1632,268,410,180,True,False,45,45,0,0,0,0.0,0.0,0.0,0.0,0.0
1107,1633,268,410,205,True,False,45,45,0,0,0,0.0,0.0,0.0,0.0,0.0
1107,1634,268,410,207,True,False,45,45,0,0,0,0.0,0.0,0.0,0.0,0.0
1107,1635,268,410,271,True,True,45,45,9,14,1,0.0,0.0,0.3111111111111111,0.2,0.3111111111111111
1107,1636,268,410,297,True,True,45,45,33,158,7,0.0,0.0,3.511111111111111,0.7333333333333333,3.511111111111111
1107,1637,268,410,355,True,False,45,45,0,0,0,0.0,0.0,0.0,0.0,0.0
1107,1638,268,410,369,True,False,45,45,0,0,0,0.0,0.0,0.0,0.0,0.0
1107,1639,268,410,405,True,False,45,45,0,0,0,0.0,0.0,0.0,0.0,0.0
1107,1640,268,410,414,True,False,45,45,0,0,0,0.0,0.0,0.0,0.0,0.0
1107,1641,268,410,429,True,False,45,45,0,0,0,0.0,0.0,0.0,0.0,0.0
1107,1642,268,410,485,True,False,45,45,0,0,0,0.0,0.0,0.0,0.0,0.0
1108,0,271,1,56,True,True,13,13,1,5,1,0.0,0.0,0.38461538461538464,0.07692307692307693,0.38461538461538464
1108,1,271,1,196,True,True,13,13,5,10,3,0.0,0.0,0.7692307692307693,0.38461538461538464,0.7692307692307693
1108,2,271,1,203,True,False,13,13,0,0,0,0.0,0.0,0.0,0.0,0.0
1108,3,271,1,207,True,True,13,13,7,44,3,0.0,1.0,3.3846153846153846,0.5384615384615384,3.3846153846153846
1108,4,271,1,222,True,True,13,13,1,1,1,0.0,0.0,0.07692307692307693,0.07692307692307693,0.07692307692307693
1108,5,271,1,263,True,True,13,13,2,7,1,0.0,0.0,0.5384615384615384,0.15384615384615385,0.5384615384615384
1108,6,271,1,271,True,False,13,13,0,0,0,0.0,0.0,0.0,0.0,0.0
1108,7,271,1,297,True,False,13,13,0,0,0,0.0,0.0,0.0,0.0,0.0
1108,8,271,1,299,True,False,13,13,0,0,0,0.0,0.0,0.0,0.0,0.0
1108,9,271,1,303,True,False,13,13,0,0,0,0.0,0.0,0.0,0.0,0.0
1108,10,271,1,355,True,False,13,13,0,0,0,0.0,0.0,0.0,0.0,0.0
1108,11,271,1,362,True,False,13,13,0,0,0,0.0,0.0,0.0,0.0,0.0
1108,12,271,1,429,True,True,13,13,5,27,4,0.0,0.0,2.076923076923077,0.38461538461538464,2.076923076923077
1109,172,271,28,1,True,False,12,12,0,0,0,0.0,0.0,0.0,0.0,0.0
1109,173,271,28,56,True,True,12,12,10,53,8,0.0,0.0,4.416666666666667,0.8333333333333334,4.416666666666667
1109,174,271,28,222,True,False,12,12,0,0,0,0.0,0.0,0.0,0.0,0.0
1109,175,271,28,271,True,False,12,12,0,0,0,0.0,0.0,0.0,0.0,0.0
1109,176,271,28,318,True,False,12,12,0,0,0,0.0,0.0,0.0,0.0,0.0
1109,177,271,28,326,True,False,12,12,0,0,0,0.0,0.0,0.0,0.0,0.0
1109,178,271,28,347,True,False,12,12,0,0,0,0.0,0.0,0.0,0.0,0.0
1109,179,271,28,355,True,False,12,12,0,0,0,0.0,0.0,0.0,0.0,0.0
1109,180,271,28,369,True,False,12,12,0,0,0,0.0,0.0,0.0,0.0,0.0
1109,181,271,28,410,True,True,12,12,1,3,1,0.0,0.0,0.25,0.08333333333333333,0.25
1109,182,271,28,429,True,True,12,12,2,7,2,0.0,0.0,0.5833333333333334,0.16666666666666666,0.5833333333333334
1110,246,271,42,8,True,True,138,138,29,333,7,0.0,2.0,2.4130434782608696,0.21014492753623187,2.4130434782608696
1110,247,271,42,10,True,False,138,138,0,0,0,0.0,0.0,0.0,0.0,0.0
1110,248,271,42,149,True,True,138,138,18,172,2,0.0,3.0,1.2463768115942029,0.13043478260869565,1.2463768115942029
1110,249,271,42,151,True,True,138,138,29,342,8,0.0,2.0,2.4782608695652173,0.21014492753623187,2.4782608695652173
1110,250,271,42,258,True,True,138,138,40,483,9,0.0,3.0,3.5,0.2898550724637681,3.5
1110,251,271,42,390,True,True,138,138,33,205,5,0.0,6.0,1.4855072463768115,0.2391304347826087,1.4855072463768115
1110,252,271,42,405,True,False,138,138,0,0,0,0.0,0.0,0.0,0.0,0.0
1110,253,271,42,415,True,True,138,138,5,65,1,0.0,2.0,0.47101449275362317,0.036231884057971016,0.47101449275362317
1111,271,271,56,7,True,False,168,168,0,0,0,0.0,0.0,0.0,0.0,0.0
1111,272,271,56,143,True,True,168,168,5,5,1,2.0,4.0,0.02976190476190476,0.02976190476190476,0.02976190476190476
1111,273,271,56,167,True,True,168,168,75,745,10,0.0,2.0,4.434523809523809,0.44642857142857145,4.434523809523809
1111,274,271,56,207,True,True,168,168,4,32,1,0.0,2.0,0.19047619047619047,0.023809523809523808,0.19047619047619047
1111,275,271,56,263,True,True,168,168,9,25,2,0.0,1.0,0.1488095238095238,0.05357142857142857,0.1488095238095238
1111,276,271,56,415,True,True,168,168,4,56,1,0.0,2.0,0.3333333333333333,0.023809523809523808,0.3333333333333333
1111,277,271,56,440,True,True,168,168,30,303,5,0.0,3.0,1.8035714285714286,0.17857142857142858,1.8035714285714286
1111,278,271,56,509,True,True,168,168,15,181,3,0.0,2.0,1.0773809523809523,0.08928571428571429,1.0773809523809523
1112,304,271,63,8,True,True,6,6,4,19,2,0.0,3.0,3.1666666666666665,0.6666666666666666,3.1666666666666665
1112,305,271,63,42,True,True,6,6,3,13,2,0.0,0.0,2.1666666666666665,0.5,2.1666666666666665
1112,306,271,63,80,True,False,6,6,0,0,0,0.0,0.0,0.0,0.0,0.0
1112,307,271,63,118,True,False,6,6,0,0,0,0.0,0.0,0.0,0.0,0.0
1112,308,271,63,138,True,False,6,6,0,0,0,0.0,0.0,0.0,0.0,0.0
1112,309,271,63,146,True,False,6,6,0,0,0,0.0,0.0,0.0,0.0,0.0
1112,310,271,63,149,True,False,6,6,0,0,0,0.0,0.0,0.0,0.0,0.0
1112,311,271,63,151,True,True,6,6,5,31,2,0.0,2.0,5.166666666666667,0.8333333333333334,5.166666666666667
1112,312,271,63,230,True,False,6,6,0,0,0,0.0,0.0,0.0,0.0,0.0
1112,313,271,63,238,True,False,6,6,0,0,0,0.0,0.0,0.0,0.0,0.0
1112,314,271,63,258,True,False,6,6,0,0,0,0.0,0.0,0.0,0.0,0.0
1112,315,271,63,311,True,False,6,6,0,0,0,0.0,0.0,0.0,0.0,0.0
1112,316,271,63,390,True,False,6,6,0,0,0,0.0,0.0,0.0,0.0,0.0
1112,317,271,63,415,True,False,6,6,0,0,0,0.0,0.0,0.0,0.0,0.0
1113,573,271,146,8,True,True,64,64,48,552,10,0.0,2.0,8.625,0.75,8.625
1113,574,271,146,42,True,False,64,64,0,0,0,0.0,0.0,0.0,0.0,0.0
1113,575,271,146,100,True,False,64,64,0,0,0,0.0,0.0,0.0,0.0,0.0
1113,576,271,146,151,True,True,64,64,4,40,1,0.0,1.0,0.625,0.0625,0.625
1113,577,271,146,230,True,True,64,64,6,12,2,2.0,6.0,0.1875,0.09375,0.1875
1113,578,271,146,315,True,False,64,64,0,0,0,0.0,0.0,0.0,0.0,0.0
1113,579,271,146,404,True,False,64,64,0,0,0,0.0,0.0,0.0,0.0,0.0
1113,580,271,146,405,True,True,64,64,12,146,3,0.0,2.0,2.28125,0.1875,2.28125
1113,581,271,146,485,True,False,64,64,0,0,0,0.0,0.0,0.0,0.0,0.0
1114,669,271,164,4,True,False,31,31,0,0,0,0.0,0.0,0.0,0.0,0.0
1114,670,271,164,8,True,True,31,31,6,7,4,0.0,0.0,0.22580645161290322,0.1935483870967742,0.22580645161290322
1114,671,271,164,42,True,True,31,31,6,44,3,0.0,1.0,1.4193548387096775,0.1935483870967742,1.4193548387096775
1114,672,271,164,50,True,False,31,31,0,0,0,0.0,0.0,0.0,0.0,0.0
1114,673,271,164,63,True,True,31,31,1,2,1,0.0,0.0,0.06451612903225806,0.03225806451612903,0.06451612903225806
1114,674,271,164,100,True,True,31,31,1,1,1,0.0,0.0,0.03225806451612903,0.03225806451612903,0.03225806451612903
1114,675,271,164,146,True,True,31,31,16,82,12,0.0,0.0,2.6451612903225805,0.5161290322580645,2.6451612903225805
1114,676,271,164,151,True,True,31,31,2,3,2,0.0,0.0,0.0967741935483871,0.06451612903225806,0.0967741935483871
1114,677,271,164,171,True,False,31,31,0,0,0,0.0,0.0,0.0,0.0,0.0
1114,678,271,164,172,True,False,31,31,0,0,0,0.0,0.0,0.0,0.0,0.0
1114,679,271,164,180,True,True,31,31,7,29,7,0.0,0.0,0.9354838709677419,0.22580645161290322,0.9354838709677419
1114,680,271,164,271,True,False,31,31,0,0,0,0.0,0.0,0.0,0.0,0.0
1114,681,271,164,288,True,False,31,31,0,0,0,0.0,0.0,0.0,0.0,0.0
1114,682,271,164,410,True,True,31,31,3,5,3,0.0,0.0,0.16129032258064516,0.0967741935483871,0.16129032258064516
1115,722,271,171,4,True,False,8,8,0,0,0,0.0,0.0,0.0,0.0,0.0
1115,723,271,171,8,True,False,8,8,0,0,0,0.0,0.0,0.0,0.0,0.0
1115,724,271,171,26,True,False,8,8,0,0,0,0.0,0.0,0.0,0.0,0.0
1115,725,271,171,42,True,True,8,8,7,34,7,0.0,0.0,4.25,0.875,4.25
1115,726,271,171,109,True,False,8,8,0,0,0,0.0,0.0,0.0,0.0,0.0
1115,727,271,171,118,True,False,8,8,0,0,0,0.0,0.0,0.0,0.0,0.0
1115,728,271,171,138,True,False,8,8,0,0,0,0.0,0.0,0.0,0.0,0.0
1115,729,271,171,151,True,False,8,8,0,0,0,0.0,0.0,0.0,0.0,0.0
1115,730,271,171,163,True,False,8,8,0,0,0,0.0,0.0,0.0,0.0,0.0
1115,731,271,171,164,True,False,8,8,0,0,0,0.0,0.0,0.0,0.0,0.0
1115,732,271,171,172,True,False,8,8,0,0,0,0.0,0.0,0.0,0.0,0.0
1115,733,271,171,173,True,False,8,8,0,0,0,0.0,0.0,0.0,0.0,0.0
1115,734,271,171,180,True,False,8,8,0,0,0,0.0,0.0,0.0,0.0,0.0
1115,735,271,171,259,True,False,8,8,0,0,0,0.0,0.0,0.0,0.0,0.0
1115,736,271,171,271,True,False,8,8,0,0,0,0.0,0.0,0.0,0.0,0.0
1115,737,271,171,288,True,False,8,8,0,0,0,0.0,0.0,0.0,0.0,0.0
1115,738,271,171,297,True,False,8,8,0,0,0,0.0,0.0,0.0,0.0,0.0
1115,739,271,171,410,True,False,8,8,0,0,0,0.0,0.0,0.0,0.0,0.0
1116,747,271,173,1,True,False,13,13,0,0,0,0.0,0.0,0.0,0.0,0.0
1116,748,271,173,42,True,True,13,13,12,83,5,0.0,0.0,6.384615384615385,0.9230769230769231,6.384615384615385
1116,749,271,173,118,True,False,13,13,0,0,0,0.0,0.0,0.0,0.0,0.0
1116,750,271,173,138,True,False,13,13,0,0,0,0.0,0.0,0.0,0.0,0.0
1116,751,271,173,146,True,False,13,13,0,0,0,0.0,0.0,0.0,0.0,0.0
1116,752,271,173,171,True,False,13,13,0,0,0,0.0,0.0,0.0,0.0,0.0
1116,753,271,173,222,True,False,13,13,0,0,0,0.0,0.0,0.0,0.0,0.0
1116,754,271,173,271,True,False,13,13,0,0,0,0.0,0.0,0.0,0.0,0.0
1116,755,271,173,297,True,False,13,13,0,0,0,0.0,0.0,0.0,0.0,0.0
1116,756,271,173,340,True,True,13,13,1,1,1,0.0,0.0,0.07692307692307693,0.07692307692307693,0.07692307692307693
1116,757,271,173,405,True,False,13,13,0,0,0,0.0,0.0,0.0,0.0,0.0
1117,791,271,180,146,True,True,122,122,22,93,4,0.0,3.0,0.7622950819672131,0.18032786885245902,0.7622950819672131
1117,792,271,180,297,True,True,122,122,4,11,1,0.0,2.0,0.09016393442622951,0.03278688524590164,0.09016393442622951
1117,793,271,180,410,True,True,122,122,122,909,23,0.0,1.0,7.450819672131147,1.0,7.450819672131147
1117,794,271,180,414,True,True,122,122,79,248,15,0.0,2.0,2.0327868852459017,0.6475409836065574,2.0327868852459017
1118,820,271,196,1,True,True,4,4,2,2,2,0.0,0.0,0.5,0.5,0.5
1118,821,271,196,28,True,False,4,4,0,0,0,0.0,0.0,0.0,0.0,0.0
1118,822,271,196,133,True,False,4,4,0,0,0,0.0,0.0,0.0,0.0,0.0
1118,823,271,196,207,True,True,4,4,4,15,4,0.0,0.0,3.75,1.0,3.75
1118,824,271,196,222,True,False,4,4,0,0,0,0.0,0.0,0.0,0.0,0.0
1118,825,271,196,263,True,True,4,4,1,2,1,0.0,0.0,0.5,0.25,0.5
1118,826,271,196,271,True,False,4,4,0,0,0,0.0,0.0,0.0,0.0,0.0
1118,827,271,196,299,True,False,4,4,0,0,0,0.0,0.0,0.0,0.0,0.0
1118,828,271,196,318,True,False,4,4,0,0,0,0.0,0.0,0.0,0.0,0.0
1118,829,271,196,429,True,False,4,4,0,0,0,0.0,0.0,0.0,0.0,0.0
1118,830,271,196,509,True,False,4,4,0,0,0,0.0,0.0,0.0,0.0,0.0
1119,860,271,207,161,True,False,43,43,0,0,0,0.0,0.0,0.0,0.0,0.0
1119,861,271,207,167,True,True,43,43,20,186,5,0.0,2.0,4.325581395348837,0.46511627906976744,4.325581395348837
1119,862,271,207,196,True,True,43,43,1,3,1,5.0,6.0,0.06976744186046512,0.023255813953488372,0.06976744186046512
1119,863,271,207,263,True,True,43,43,19,199,6,0.0,1.0,4.627906976744186,0.4418604651162791,4.627906976744186
1119,864,271,207,375,True,False,43,43,0,0,0,0.0,0.0,0.0,0.0,0.0
1119,865,271,207,405,True,False,43,43,0,0,0,0.0,0.0,0.0,0.0,0.0
1119,866,271,207,440,True,True,43,43,4,20,1,3.0,6.5,0.46511627906976744,0.09302325581395349,0.46511627906976744
1119,867,271,207,485,True,False,43,43,0,0,0,0.0,0.0,0.0,0.0,0.0
1120,889,271,222,1,True,False,17,17,0,0,0,0.0,0.0,0.0,0.0,0.0
1120,890,271,222,56,True,True,17,17,11,77,3,0.0,0.0,4.529411764705882,0.6470588235294118,4.529411764705882
1120,891,271,222,207,True,True,17,17,5,26,4,0.0,0.0,1.5294117647058822,0.29411764705882354,1.5294117647058822
1120,892,271,222,263,True,True,17,17,4,4,3,0.0,0.0,0.23529411764705882,0.23529411764705882,0.23529411764705882
1120,893,271,222,355,True,False,17,17,0,0,0,0.0,0.0,0.0,0.0,0.0
1120,894,271,222,410,True,False,17,17,0,0,0,0.0,0.0,0.0,0.0,0.0
1120,895,271,222,415,True,False,17,17,0,0,0,0.0,0.0,0.0,0.0,0.0
1120,896,271,222,429,True,True,17,17,2,10,2,0.0,0.0,0.5882352941176471,0.11764705882352941,0.5882352941176471
1121,1202,271,297,1,True,False,11,11,0,0,0,0.0,0.0,0.0,0.0,0.0
1121,1203,271,297,42,True,True,11,11,6,34,5,0.0,0.0,3.090909090909091,0.5454545454545454,3.090909090909091
1121,1204,271,297,56,True,False,11,11,0,0,0,0.0,0.0,0.0,0.0,0.0
1121,1205,271,297,63,True,False,11,11,0,0,0,0.0,0.0,0.0,0.0,0.0
1121,1206,271,297,112,True,False,11,11,0,0,0,0.0,0.0,0.0,0.0,0.0
1121,1207,271,297,118,True,False,11,11,0,0,0,0.0,0.0,0.0,0.0,0.0
1121,1208,271,297,151,True,False,11,11,0,0,0,0.0,0.0,0.0,0.0,0.0
1121,1209,271,297,163,True,False,11,11,0,0,0,0.0,0.0,0.0,0.0,0.0
1121,1210,271,297,222,True,False,11,11,0,0,0,0.0,0.0,0.0,0.0,0.0
1121,1211,271,297,259,True,False,11,11,0,0,0,0.0,0.0,0.0,0.0,0.0
1121,1212,271,297,271,True,False,11,11,0,0,0,0.0,0.0,0.0,0.0,0.0
1121,1213,271,297,371,True,False,11,11,0,0,0,0.0,0.0,0.0,0.0,0.0
1121,1214,271,297,382,True,False,11,11,0,0,0,0.0,0.0,0.0,0.0,0.0
1121,1215,271,297,410,True,False,11,11,0,0,0,0.0,0.0,0.0,0.0,0.0
1121,1216,271,297,414,True,False,11,11,0,0,0,0.0,0.0,0.0,0.0,0.0
1121,1217,271,297,497,True,False,11,11,0,0,0,0.0,0.0,0.0,0.0,0.0
1122,1408,271,355,1,True,False,7,7,0,0,0,0.0,0.0,0.0,0.0,0.0
1122,1409,271,355,28,True,True,7,7,3,5,2,0.0,0.0,0.7142857142857143,0.42857142857142855,0.7142857142857143
1122,1410,271,355,56,True,True,7,7,7,38,5,0.0,0.0,5.428571428571429,1.0,5.428571428571429
1122,1411,271,355,207,True,False,7,7,0,0,0,0.0,0.0,0.0,0.0,0.0
1122,1412,271,355,271,True,True,7,7,1,2,1,0.0,0.0,0.2857142857142857,0.14285714285714285,0.2857142857142857
1122,1413,271,355,318,True,False,7,7,0,0,0,0.0,0.0,0.0,0.0,0.0
1122,1414,271,355,326,True,False,7,7,0,0,0,0.0,0.0,0.0,0.0,0.0
1122,1415,271,355,347,True,False,7,7,0,0,0,0.0,0.0,0.0,0.0,0.0
1122,1416,271,355,362,True,False,7,7,0,0,0,0.0,0.0,0.0,0.0,0.0
1122,1417,271,355,369,True,False,7,7,0,0,0,0.0,0.0,0.0,0.0,0.0
1122,1418,271,355,398,True,False,7,7,0,0,0,0.0,0.0,0.0,0.0,0.0
1122,1419,271,355,410,True,False,7,7,0,0,0,0.0,0.0,0.0,0.0,0.0
1122,1420,271,355,429,True,False,7,7,0,0,0,0.0,0.0,0.0,0.0,0.0
1123,1441,271,369,56,True,False,16,16,0,0,0,0.0,0.0,0.0,0.0,0.0
1123,1442,271,369,146,True,False,16,16,0,0,0,0.0,0.0,0.0,0.0,0.0
1123,1443,271,369,163,True,False,16,16,0,0,0,0.0,0.0,0.0,0.0,0.0
1123,1444,271,369,164,True,False,16,16,0,0,0,0.0,0.0,0.0,0.0,0.0
1123,1445,271,369,207,True,True,16,16,6,44,4,0.0,6.0,2.75,0.375,2.75
1123,1446,271,369,271,True,True,16,16,1,2,1,0.0,0.0,0.125,0.0625,0.125
1123,1447,271,369,329,True,False,16,16,0,0,0,0.0,0.0,0.0,0.0,0.0
1123,1448,271,369,355,True,True,16,16,3,3,2,0.0,0.0,0.1875,0.1875,0.1875
1123,1449,271,369,371,True,False,16,16,0,0,0,0.0,0.0,0.0,0.0,0.0
1123,1450,271,369,375,True,False,16,16,0,0,0,0.0,0.0,0.0,0.0,0.0
1123,1451,271,369,410,True,True,16,16,3,5,2,0.0,0.0,0.3125,0.1875,0.3125
1123,1452,271,369,414,True,False,16,16,0,0,0,0.0,0.0,0.0,0.0,0.0
1123,1453,271,369,429,True,True,16,16,5,20,4,0.0,0.0,1.25,0.3125,1.25
1124,1629,271,410,146,True,True,55,55,7,91,4,0.0,5.0,1.6545454545454545,0.12727272727272726,1.6545454545454545
1124,1630,271,410,151,True,False,55,55,0,0,0,0.0,0.0,0.0,0.0,0.0
1124,1631,271,410,164,True,True,55,55,1,1,1,0.0,0.0,0.01818181818181818,0.01818181818181818,0.01818181818181818
1124,1632,271,410,180,True,True,55,55,20,65,11,0.0,0.0,1.1818181818181819,0.36363636363636365,1.1818181818181819
1124,1633,271,410,205,True,False,55,55,0,0,0,0.0,0.0,0.0,0.0,0.0
1124,1634,271,410,207,True,True,55,55,5,46,2,0.0,3.0,0.8363636363636363,0.09090909090909091,0.8363636363636363
1124,1635,271,410,271,True,False,55,55,0,0,0,0.0,0.0,0.0,0.0,0.0
1124,1636,271,410,297,True,True,55,55,9,28,6,0.0,2.0,0.509090909090909,0.16363636363636364,0.509090909090909
1124,1637,271,410,355,True,False,55,55,0,0,0,0.0,0.0,0.0,0.0,0.0
1124,1638,271,410,369,True,True,55,55,3,18,1,0.0,4.0,0.32727272727272727,0.05454545454545454,0.32727272727272727
1124,1639,271,410,405,True,False,55,55,0,0,0,0.0,0.0,0.0,0.0,0.0
1124,1640,271,410,414,True,True,55,55,25,290,12,0.0,5.0,5.2727272727272725,0.45454545454545453,5.2727272727272725
1124,1641,271,410,429,True,True,55,55,14,47,8,0.0,0.0,0.8545454545454545,0.2545454545454545,0.8545454545454545
1124,1642,271,410,485,True,True,55,55,9,9,4,3.0,7.0,0.16363636363636364,0.16363636363636364,0.16363636363636364
1125,1667,271,429,1,True,False,122,122,0,0,0,0.0,0.0,0.0,0.0,0.0
1125,1668,271,429,259,True,False,122,122,0,0,0,0.0,0.0,0.0,0.0,0.0
1125,1669,271,429,297,True,False,122,122,0,0,0,0.0,0.0,0.0,0.0,0.0
1125,1670,271,429,369,True,True,122,122,6,16,1,0.0,1.0,0.13114754098360656,0.04918032786885246,0.13114754098360656
1125,1671,271,429,410,True,True,122,122,118,818,24,0.0,1.0,6.704918032786885,0.9672131147540983,6.704918032786885
1125,1672,271,429,414,True,True,122,122,48,143,9,0.0,2.0,1.1721311475409837,0.39344262295081966,1.1721311475409837
1126,464,272,120,304,True,False,45,45,0,0,0,0.0,0.0,0.0,0.0,0.0
1127,117,273,21,12,True,False,32,32,0,0,0,0.0,0.0,0.0,0.0,0.0
1127,118,273,21,31,True,True,32,32,32,66,10,0.0,0.0,2.0625,1.0,2.0625
1127,119,273,21,74,True,True,32,32,21,29,6,0.0,0.0,0.90625,0.65625,0.90625
1127,120,273,21,121,True,False,32,32,0,0,0,0.0,0.0,0.0,0.0,0.0
1127,121,273,21,141,True,False,32,32,0,0,0,0.0,0.0,0.0,0.0,0.0
1127,122,273,21,156,True,False,32,32,0,0,0,0.0,0.0,0.0,0.0,0.0
1127,123,273,21,186,True,True,32,32,4,4,1,0.0,0.0,0.125,0.125,0.125
1127,124,273,21,248,True,True,32,32,28,40,9,0.0,0.0,1.25,0.875,1.25
1127,125,273,21,319,True,False,32,32,0,0,0,0.0,0.0,0.0,0.0,0.0
1127,126,273,21,381,True,False,32,32,0,0,0,0.0,0.0,0.0,0.0,0.0
1127,127,273,21,449,True,False,32,32,0,0,0,0.0,0.0,0.0,0.0,0.0
1127,128,273,21,463,True,True,32,32,19,21,6,0.0,0.0,0.65625,0.59375,0.65625
1128,129,273,22,21,True,True,100,100,27,85,5,0.0,7.0,0.85,0.27,0.85
1128,130,273,22,31,True,True,100,100,39,145,6,0.0,7.0,1.45,0.39,1.45
1128,131,273,22,43,True,True,100,100,17,49,5,0.0,0.0,0.49,0.17,0.49
1128,132,273,22,61,True,True,100,100,37,118,7,0.0,6.0,1.18,0.37,1.18
1128,133,273,22,74,True,True,100,100,15,15,1,5.0,8.0,0.15,0.15,0.15
1128,134,273,22,79,True,True,100,100,26,38,3,0.0,0.5,0.38,0.26,0.38
1128,135,273,22,139,True,True,100,100,28,140,3,0.0,2.0,1.4,0.28,1.4
1128,136,273,22,144,True,False,100,100,0,0,0,0.0,0.0,0.0,0.0,0.0
1128,137,273,22,175,True,False,100,100,0,0,0,0.0,0.0,0.0,0.0,0.0
1128,138,273,22,179,True,True,100,100,16,16,4,0.0,0.0,0.16,0.16,0.16
1128,139,273,22,186,True,True,100,100,2,3,2,0.0,0.0,0.03,0.02,0.03
1128,140,273,22,273,True,True,100,100,62,326,10,0.0,2.0,3.26,0.62,3.26
1129,193,273,31,12,True,False,94,94,0,0,0,0.0,0.0,0.0,0.0,0.0
1129,194,273,31,74,True,True,94,94,51,111,13,0.0,0.0,1.1808510638297873,0.5425531914893617,1.1808510638297873
1129,195,273,31,121,True,False,94,94,0,0,0,0.0,0.0,0.0,0.0,0.0
1129,196,273,31,169,True,True,94,94,65,125,13,0.0,1.0,1.3297872340425532,0.6914893617021277,1.3297872340425532
1129,197,273,31,248,True,True,94,94,89,266,19,0.0,0.0,2.8297872340425534,0.9468085106382979,2.8297872340425534
1129,198,273,31,262,True,False,94,94,0,0,0,0.0,0.0,0.0,0.0,0.0
1129,199,273,31,281,True,False,94,94,0,0,0,0.0,0.0,0.0,0.0,0.0
1129,200,273,31,335,True,False,94,94,0,0,0,0.0,0.0,0.0,0.0,0.0
1129,201,273,31,383,True,True,94,94,13,13,3,0.0,1.0,0.13829787234042554,0.13829787234042554,0.13829787234042554
1129,202,273,31,433,True,True,94,94,3,3,1,0.0,1.0,0.031914893617021274,0.031914893617021274,0.031914893617021274
1129,203,273,31,455,True,True,94,94,8,14,3,0.0,1.0,0.14893617021276595,0.0851063829787234,0.14893617021276595
1129,204,273,31,463,True,True,94,94,94,262,19,0.0,0.0,2.7872340425531914,1.0,2.7872340425531914
1130,254,273,43,13,True,False,72,72,0,0,0,0.0,0.0,0.0,0.0,0.0
1130,255,273,43,34,True,True,72,72,72,173,16,0.0,1.0,2.4027777777777777,1.0,2.4027777777777777
1130,256,273,43,113,True,False,72,72,0,0,0,0.0,0.0,0.0,0.0,0.0
1130,257,273,43,251,True,True,72,72,41,65,9,0.0,1.0,0.9027777777777778,0.5694444444444444,0.9027777777777778
1130,258,273,43,321,True,False,72,72,0,0,0,0.0,0.0,0.0,0.0,0.0
1130,259,273,43,353,True,False,72,72,0,0,0,0.0,0.0,0.0,0.0,0.0
1130,260,273,43,481,True,False,72,72,0,0,0,0.0,0.0,0.0,0.0,0.0
1131,293,273,61,12,True,False,65,65,0,0,0,0.0,0.0,0.0,0.0,0.0
1131,294,273,61,21,True,True,65,65,27,27,7,0.0,0.0,0.4153846153846154,0.4153846153846154,0.4153846153846154
1131,295,273,61,31,True,True,65,65,62,146,16,0.0,0.0,2.246153846153846,0.9538461538461539,2.246153846153846
1131,296,273,61,74,True,True,65,65,33,39,10,0.0,0.0,0.6,0.5076923076923077,0.6
1131,297,273,61,121,True,False,65,65,0,0,0,0.0,0.0,0.0,0.0,0.0
1131,298,273,61,141,True,False,65,65,0,0,0,0.0,0.0,0.0,0.0,0.0
1131,299,273,61,156,True,False,65,65,0,0,0,0.0,0.0,0.0,0.0,0.0
1131,300,273,61,186,True,True,65,65,30,41,8,0.0,0.0,0.6307692307692307,0.46153846153846156,0.6307692307692307
1131,301,273,61,248,True,True,65,65,37,45,8,0.0,0.0,0.6923076923076923,0.5692307692307692,0.6923076923076923
1131,302,273,61,381,True,False,65,65,0,0,0,0.0,0.0,0.0,0.0,0.0
1131,303,273,61,463,True,True,65,65,2,2,1,0.0,0.0,0.03076923076923077,0.03076923076923077,0.03076923076923077
1132,318,273,74,2,True,False,8,8,0,0,0,0.0,0.0,0.0,0.0,0.0
1132,319,273,74,6,True,False,8,8,0,0,0,0.0,0.0,0.0,0.0,0.0
1132,320,273,74,12,True,False,8,8,0,0,0,0.0,0.0,0.0,0.0,0.0
1132,321,273,74,58,True,False,8,8,0,0,0,0.0,0.0,0.0,0.0,0.0
1132,322,273,74,121,True,False,8,8,0,0,0,0.0,0.0,0.0,0.0,0.0
1132,323,273,74,139,True,False,8,8,0,0,0,0.0,0.0,0.0,0.0,0.0
1132,324,273,74,169,True,True,8,8,7,18,7,0.0,0.0,2.25,0.875,2.25
1132,325,273,74,175,True,False,8,8,0,0,0,0.0,0.0,0.0,0.0,0.0
1132,326,273,74,243,True,False,8,8,0,0,0,0.0,0.0,0.0,0.0,0.0
1132,327,273,74,248,True,True,8,8,7,9,7,0.0,0.0,1.125,0.875,1.125
1132,328,273,74,281,True,False,8,8,0,0,0,0.0,0.0,0.0,0.0,0.0
1132,329,273,74,335,True,False,8,8,0,0,0,0.0,0.0,0.0,0.0,0.0
1132,330,273,74,361,True,False,8,8,0,0,0,0.0,0.0,0.0,0.0,0.0
1132,331,273,74,383,True,True,8,8,2,5,2,0.0,0.0,0.625,0.25,0.625
1132,332,273,74,433,True,True,8,8,2,2,2,0.0,0.0,0.25,0.25,0.25
1132,333,273,74,449,True,False,8,8,0,0,0,0.0,0.0,0.0,0.0,0.0
1132,334,273,74,455,True,False,8,8,0,0,0,0.0,0.0,0.0,0.0,0.0
1132,335,273,74,463,True,True,8,8,8,16,8,0.0,0.0,2.0,1.0,2.0
1132,336,273,74,508,True,True,8,8,1,1,1,2.0,2.0,0.125,0.125,0.125
1133,339,273,79,8,True,False,247,247,0,0,0,0.0,0.0,0.0,0.0,0.0
1133,340,273,79,22,True,True,247,247,1,2,1,0.0,0.0,0.008097165991902834,0.004048582995951417,0.008097165991902834
1133,341,273,79,100,True,False,247,247,0,0,0,0.0,0.0,0.0,0.0,0.0
1133,342,273,79,149,True,True,247,247,29,186,4,0.0,3.0,0.7530364372469636,0.11740890688259109,0.7530364372469636
1133,343,273,79,164,True,True,247,247,9,18,1,5.0,8.0,0.0728744939271255,0.03643724696356275,0.0728744939271255
1133,344,273,79,171,True,True,247,247,19,260,3,3.0,8.0,1.0526315789473684,0.07692307692307693,1.0526315789473684
1133,345,273,79,184,True,True,247,247,1,4,1,0.0,0.0,0.016194331983805668,0.004048582995951417,0.016194331983805668
1133,346,273,79,230,True,True,247,247,44,440,6,0.0,2.0,1.7813765182186234,0.17813765182186234,1.7813765182186234
1133,347,273,79,271,True,True,247,247,26,26,3,5.0,8.0,0.10526315789473684,0.10526315789473684,0.10526315789473684
1133,348,273,79,288,True,True,247,247,30,258,3,0.0,5.0,1.0445344129554657,0.1214574898785425,1.0445344129554657
1133,349,273,79,311,True,False,247,247,0,0,0,0.0,0.0,0.0,0.0,0.0
1133,350,273,79,390,True,False,247,247,0,0,0,0.0,0.0,0.0,0.0,0.0
1133,351,273,79,485,True,False,247,247,0,0,0,0.0,0.0,0.0,0.0,0.0
1134,352,273,80,10,True,False,60,60,0,0,0,0.0,0.0,0.0,0.0,0.0
1134,353,273,80,79,True,False,60,60,0,0,0,0.0,0.0,0.0,0.0,0.0
1134,354,273,80,118,True,True,60,60,10,60,1,2.0,5.0,1.0,0.16666666666666666,1.0
1134,355,273,80,138,True,True,60,60,7,7,1,4.0,6.0,0.11666666666666667,0.11666666666666667,0.11666666666666667
1134,356,273,80,149,True,True,60,60,12,96,2,0.0,5.0,1.6,0.2,1.6
1134,357,273,80,151,True,True,60,60,8,14,2,0.0,0.0,0.23333333333333334,0.13333333333333333,0.23333333333333334
1134,358,273,80,171,True,True,60,60,8,113,2,0.0,5.0,1.8833333333333333,0.13333333333333333,1.8833333333333333
1134,359,273,80,230,True,True,60,60,12,118,2,0.0,3.0,1.9666666666666666,0.2,1.9666666666666666
1134,360,273,80,258,True,False,60,60,0,0,0,0.0,0.0,0.0,0.0,0.0
1134,361,273,80,268,True,True,60,60,6,6,1,5.0,6.5,0.1,0.1,0.1
1134,362,273,80,297,True,False,60,60,0,0,0,0.0,0.0,0.0,0.0,0.0
1134,363,273,80,311,True,True,60,60,16,110,2,0.0,4.0,1.8333333333333333,0.26666666666666666,1.8333333333333333
1134,364,273,80,390,True,True,60,60,24,238,3,0.0,2.0,3.966666666666667,0.4,3.966666666666667
1134,365,273,80,415,True,False,60,60,0,0,0,0.0,0.0,0.0,0.0,0.0
1135,482,273,126,2,True,False,21,21,0,0,0,0.0,0.0,0.0,0.0,0.0
1135,483,273,126,79,True,True,21,21,4,8,1,0.0,0.0,0.38095238095238093,0.19047619047619047,0.38095238095238093
1135,484,273,126,80,True,True,21,21,2,10,1,0.0,0.0,0.47619047619047616,0.09523809523809523,0.47619047619047616
1135,485,273,126,144,True,False,21,21,0,0,0,0.0,0.0,0.0,0.0,0.0
1135,486,273,126,175,True,False,21,21,0,0,0,0.0,0.0,0.0,0.0,0.0
1135,487,273,126,258,True,False,21,21,0,0,0,0.0,0.0,0.0,0.0,0.0
1135,488,273,126,371,True,False,21,21,0,0,0,0.0,0.0,0.0,0.0,0.0
1136,514,273,139,22,True,True,420,420,23,57,4,0.0,3.0,0.1357142857142857,0.05476190476190476,0.1357142857142857
1136,515,273,139,79,True,True,420,420,160,1066,16,0.0,1.0,2.538095238095238,0.38095238095238093,2.538095238095238
1136,516,273,139,80,True,True,420,420,30,184,5,0.0,0.0,0.4380952380952381,0.07142857142857142,0.4380952380952381
1136,517,273,139,126,True,True,420,420,5,5,1,0.0,0.0,0.011904761904761904,0.011904761904761904,0.011904761904761904
1136,518,273,139,144,True,False,420,420,0,0,0,0.0,0.0,0.0,0.0,0.0
1136,519,273,139,149,True,True,420,420,70,310,8,0.0,2.0,0.7380952380952381,0.16666666666666666,0.7380952380952381
1136,520,273,139,151,True,True,420,420,9,41,1,0.0,2.0,0.09761904761904762,0.02142857142857143,0.09761904761904762
1136,521,273,139,175,True,False,420,420,0,0,0,0.0,0.0,0.0,0.0,0.0
1136,522,273,139,184,True,True,420,420,178,1726,18,0.0,4.0,4.109523809523809,0.4238095238095238,4.109523809523809
1136,523,273,139,199,True,False,420,420,0,0,0,0.0,0.0,0.0,0.0,0.0
1136,524,273,139,229,True,True,420,420,43,323,6,0.0,2.0,0.7690476190476191,0.10238095238095238,0.7690476190476191
1136,525,273,139,230,True,True,420,420,154,698,16,0.0,3.0,1.661904761904762,0.36666666666666664,1.661904761904762
1136,526,273,139,258,True,False,420,420,0,0,0,0.0,0.0,0.0,0.0,0.0
1136,527,273,139,273,True,True,420,420,30,49,8,0.0,0.0,0.11666666666666667,0.07142857142857142,0.11666666666666667
1136,528,273,139,311,True,True,420,420,6,6,1,0.0,0.5,0.014285714285714285,0.014285714285714285,0.014285714285714285
1136,529,273,139,315,True,False,420,420,0,0,0,0.0,0.0,0.0,0.0,0.0
1136,530,273,139,390,True,False,420,420,0,0,0,0.0,0.0,0.0,0.0,0.0
1136,531,273,139,415,True,False,420,420,0,0,0,0.0,0.0,0.0,0.0,0.0
1137,558,273,144,2,True,False,13,13,0,0,0,0.0,0.0,0.0,0.0,0.0
1137,559,273,144,21,True,False,13,13,0,0,0,0.0,0.0,0.0,0.0,0.0
1137,560,273,144,22,True,False,13,13,0,0,0,0.0,0.0,0.0,0.0,0.0
1137,561,273,144,31,True,False,13,13,0,0,0,0.0,0.0,0.0,0.0,0.0
1137,562,273,144,61,True,False,13,13,0,0,0,0.0,0.0,0.0,0.0,0.0
1137,563,273,144,74,True,False,13,13,0,0,0,0.0,0.0,0.0,0.0,0.0
1137,564,273,144,79,True,True,13,13,12,111,1,0.0,1.0,8.538461538461538,0.9230769230769231,8.538461538461538
1137,565,273,144,126,True,False,13,13,0,0,0,0.0,0.0,0.0,0.0,0.0
1137,566,273,144,139,True,True,13,13,1,5,1,0.0,0.0,0.38461538461538464,0.07692307692307693,0.38461538461538464
1137,567,273,144,179,True,False,13,13,0,0,0,0.0,0.0,0.0,0.0,0.0
1137,568,273,144,186,True,False,13,13,0,0,0,0.0,0.0,0.0,0.0,0.0
1137,569,273,144,229,True,False,13,13,0,0,0,0.0,0.0,0.0,0.0,0.0
1137,570,273,144,248,True,False,13,13,0,0,0,0.0,0.0,0.0,0.0,0.0
1137,571,273,144,315,True,False,13,13,0,0,0,0.0,0.0,0.0,0.0,0.0
1137,572,273,144,488,True,False,13,13,0,0,0,0.0,0.0,0.0,0.0,0.0
1138,605,273,151,8,True,False,12,12,0,0,0,0.0,0.0,0.0,0.0,0.0
1138,606,273,151,10,True,False,12,12,0,0,0,0.0,0.0,0.0,0.0,0.0
1138,607,273,151,22,True,False,12,12,0,0,0,0.0,0.0,0.0,0.0,0.0
1138,608,273,151,79,True,False,12,12,0,0,0,0.0,0.0,0.0,0.0,0.0
1138,609,273,151,80,True,True,12,12,4,4,1,0.0,0.0,0.3333333333333333,0.3333333333333333,0.3333333333333333
1138,610,273,151,117,True,False,12,12,0,0,0,0.0,0.0,0.0,0.0,0.0
1138,611,273,151,149,True,True,12,12,4,4,1,0.0,0.0,0.3333333333333333,0.3333333333333333,0.3333333333333333
1138,612,273,151,171,True,False,12,12,0,0,0,0.0,0.0,0.0,0.0,0.0
1138,613,273,151,184,True,False,12,12,0,0,0,0.0,0.0,0.0,0.0,0.0
1138,614,273,151,230,True,False,12,12,0,0,0,0.0,0.0,0.0,0.0,0.0
1138,615,273,151,258,True,True,12,12,6,31,1,0.0,1.0,2.5833333333333335,0.5,2.5833333333333335
1138,616,273,151,268,True,False,12,12,0,0,0,0.0,0.0,0.0,0.0,0.0
1138,617,273,151,311,True,False,12,12,0,0,0,0.0,0.0,0.0,0.0,0.0
1138,618,273,151,390,True,True,12,12,6,14,1,0.0,1.0,1.1666666666666667,0.5,1.1666666666666667
1138,619,273,151,494,True,False,12,12,0,0,0,0.0,0.0,0.0,0.0,0.0
1139,780,273,179,13,True,False,28,28,0,0,0,0.0,0.0,0.0,0.0,0.0
1139,781,273,179,34,True,True,28,28,2,2,1,0.0,0.0,0.07142857142857142,0.07142857142857142,0.07142857142857142
1139,782,273,179,43,True,True,28,28,28,83,10,0.0,0.0,2.9642857142857144,1.0,2.9642857142857144
1139,783,273,179,129,True,False,28,28,0,0,0,0.0,0.0,0.0,0.0,0.0
1139,784,273,179,245,True,False,28,28,0,0,0,0.0,0.0,0.0,0.0,0.0
1139,785,273,179,253,True,False,28,28,0,0,0,0.0,0.0,0.0,0.0,0.0
1139,786,273,179,256,True,False,28,28,0,0,0,0.0,0.0,0.0,0.0,0.0
1139,787,273,179,313,True,False,28,28,0,0,0,0.0,0.0,0.0,0.0,0.0
1139,788,273,179,353,True,False,28,28,0,0,0,0.0,0.0,0.0,0.0,0.0
1139,789,273,179,472,True,False,28,28,0,0,0,0.0,0.0,0.0,0.0,0.0
1139,790,273,179,488,True,False,28,28,0,0,0,0.0,0.0,0.0,0.0,0.0
1140,795,273,184,4,True,True,23,23,7,47,1,5.0,9.0,2.0434782608695654,0.30434782608695654,2.0434782608695654
1140,796,273,184,8,True,False,23,23,0,0,0,0.0,0.0,0.0,0.0,0.0
1140,797,273,184,22,True,True,23,23,9,57,2,0.0,0.0,2.4782608695652173,0.391304347826087,2.4782608695652173
1140,798,273,184,50,True,False,23,23,0,0,0,0.0,0.0,0.0,0.0,0.0
1140,799,273,184,79,True,True,23,23,7,27,2,0.0,0.0,1.173913043478261,0.30434782608695654,1.173913043478261
1140,800,273,184,139,True,False,23,23,0,0,0,0.0,0.0,0.0,0.0,0.0
1140,801,273,184,229,True,True,23,23,2,2,1,10.0,10.0,0.08695652173913043,0.08695652173913043,0.08695652173913043
1140,802,273,184,230,True,True,23,23,7,11,2,0.0,0.0,0.4782608695652174,0.30434782608695654,0.4782608695652174
1140,803,273,184,273,True,True,23,23,1,7,1,0.0,2.0,0.30434782608695654,0.043478260869565216,0.30434782608695654
1140,804,273,184,288,True,False,23,23,0,0,0,0.0,0.0,0.0,0.0,0.0
1140,805,273,184,290,True,False,23,23,0,0,0,0.0,0.0,0.0,0.0,0.0
1140,806,273,184,315,True,False,23,23,0,0,0,0.0,0.0,0.0,0.0,0.0
1140,807,273,184,383,True,False,23,23,0,0,0,0.0,0.0,0.0,0.0,0.0
1141,808,273,186,12,True,False,41,41,0,0,0,0.0,0.0,0.0,0.0,0.0
1141,809,273,186,21,True,False,41,41,0,0,0,0.0,0.0,0.0,0.0,0.0
1141,810,273,186,31,True,True,41,41,36,105,9,0.0,0.0,2.5609756097560976,0.8780487804878049,2.5609756097560976
1141,811,273,186,74,True,True,41,41,20,23,6,0.0,0.0,0.5609756097560976,0.4878048780487805,0.5609756097560976
1141,812,273,186,121,True,False,41,41,0,0,0,0.0,0.0,0.0,0.0,0.0
1141,813,273,186,141,True,False,41,41,0,0,0,0.0,0.0,0.0,0.0,0.0
1141,814,273,186,156,True,False,41,41,0,0,0,0.0,0.0,0.0,0.0,0.0
1141,815,273,186,248,True,True,41,41,36,67,9,0.0,0.0,1.6341463414634145,0.8780487804878049,1.6341463414634145
1141,816,273,186,319,True,False,41,41,0,0,0,0.0,0.0,0.0,0.0,0.0
1141,817,273,186,381,True,False,41,41,0,0,0,0.0,0.0,0.0,0.0,0.0
1141,818,273,186,449,True,False,41,41,0,0,0,0.0,0.0,0.0,0.0,0.0
1141,819,273,186,463,True,True,41,41,10,13,3,0.0,0.0,0.3170731707317073,0.24390243902439024,0.3170731707317073
1142,905,273,229,79,True,True,27,27,10,115,1,0.0,1.0,4.2592592592592595,0.37037037037037035,4.2592592592592595
1142,906,273,229,126,True,False,27,27,0,0,0,0.0,0.0,0.0,0.0,0.0
1142,907,273,229,149,True,False,27,27,0,0,0,0.0,0.0,0.0,0.0,0.0
1142,908,273,229,157,True,False,27,27,0,0,0,0.0,0.0,0.0,0.0,0.0
1142,909,273,229,184,True,True,27,27,14,75,1,0.0,1.0,2.7777777777777777,0.5185185185185185,2.7777777777777777
1142,910,273,229,230,True,False,27,27,0,0,0,0.0,0.0,0.0,0.0,0.0
1142,911,273,229,315,True,False,27,27,0,0,0,0.0,0.0,0.0,0.0,0.0
1143,912,273,230,4,True,False,12,12,0,0,0,0.0,0.0,0.0,0.0,0.0
1143,913,273,230,8,True,False,12,12,0,0,0,0.0,0.0,0.0,0.0,0.0
1143,914,273,230,22,True,True,12,12,7,60,2,0.0,2.0,5.0,0.5833333333333334,5.0
1143,915,273,230,50,True,False,12,12,0,0,0,0.0,0.0,0.0,0.0,0.0
1143,916,273,230,79,True,True,12,12,5,25,1,0.0,0.0,2.0833333333333335,0.4166666666666667,2.0833333333333335
1143,917,273,230,80,True,False,12,12,0,0,0,0.0,0.0,0.0,0.0,0.0
1143,918,273,230,100,True,False,12,12,0,0,0,0.0,0.0,0.0,0.0,0.0
1143,919,273,230,149,True,False,12,12,0,0,0,0.0,0.0,0.0,0.0,0.0
1143,920,273,230,151,True,False,12,12,0,0,0,0.0,0.0,0.0,0.0,0.0
1143,921,273,230,171,True,False,12,12,0,0,0,0.0,0.0,0.0,0.0,0.0
1143,922,273,230,184,True,True,12,12,4,4,1,0.0,0.0,0.3333333333333333,0.3333333333333333,0.3333333333333333
1143,923,273,230,288,True,False,12,12,0,0,0,0.0,0.0,0.0,0.0,0.0
1143,924,273,230,311,True,False,12,12,0,0,0,0.0,0.0,0.0,0.0,0.0
1143,925,273,230,390,True,False,12,12,0,0,0,0.0,0.0,0.0,0.0,0.0
1143,926,273,230,485,True,False,12,12,0,0,0,0.0,0.0,0.0,0.0,0.0
1144,980,273,248,2,True,False,3,3,0,0,0,0.0,0.0,0.0,0.0,0.0
1144,981,273,248,12,True,False,3,3,0,0,0,0.0,0.0,0.0,0.0,0.0
1144,982,273,248,22,True,False,3,3,0,0,0,0.0,0.0,0.0,0.0,0.0
1144,983,273,248,121,True,False,3,3,0,0,0,0.0,0.0,0.0,0.0,0.0
1144,984,273,248,139,True,False,3,3,0,0,0,0.0,0.0,0.0,0.0,0.0
1144,985,273,248,144,True,False,3,3,0,0,0,0.0,0.0,0.0,0.0,0.0
1144,986,273,248,169,True,True,3,3,2,12,2,0.0,1.0,4.0,0.6666666666666666,4.0
1144,987,273,248,175,True,False,3,3,0,0,0,0.0,0.0,0.0,0.0,0.0
1144,988,273,248,262,True,False,3,3,0,0,0,0.0,0.0,0.0,0.0,0.0
1144,989,273,248,273,True,False,3,3,0,0,0,0.0,0.0,0.0,0.0,0.0
1144,990,273,248,281,True,False,3,3,0,0,0,0.0,0.0,0.0,0.0,0.0
1144,991,273,248,335,True,False,3,3,0,0,0,0.0,0.0,0.0,0.0,0.0
1144,992,273,248,383,True,False,3,3,0,0,0,0.0,0.0,0.0,0.0,0.0
1144,993,273,248,433,True,False,3,3,0,0,0,0.0,0.0,0.0,0.0,0.0
1144,994,273,248,455,True,False,3,3,0,0,0,0.0,0.0,0.0,0.0,0.0
1144,995,273,248,463,True,True,3,3,3,10,3,0.0,0.5,3.3333333333333335,1.0,3.3333333333333335
1144,996,273,248,508,True,True,3,3,1,5,1,0.0,1.0,1.6666666666666667,0.3333333333333333,1.6666666666666667
1145,141,279,23,7,True,True,188,188,24,147,2,0.0,3.0,0.7819148936170213,0.1276595744680851,0.7819148936170213
1145,142,279,23,24,True,False,188,188,0,0,0,0.0,0.0,0.0,0.0,0.0
1145,143,279,23,85,True,False,188,188,0,0,0,0.0,0.0,0.0,0.0,0.0
1145,144,279,23,88,True,False,188,188,0,0,0,0.0,0.0,0.0,0.0,0.0
1145,145,279,23,143,True,True,188,188,43,232,4,0.0,2.5,1.2340425531914894,0.22872340425531915,1.2340425531914894
1145,146,279,23,157,True,True,188,188,55,339,5,0.0,2.0,1.803191489361702,0.2925531914893617,1.803191489361702
1145,147,279,23,247,True,False,188,188,0,0,0,0.0,0.0,0.0,0.0,0.0
1145,148,279,23,262,True,False,188,188,0,0,0,0.0,0.0,0.0,0.0,0.0
1145,149,279,23,279,True,True,188,188,108,964,9,0.0,2.0,5.127659574468085,0.574468085106383,5.127659574468085
1145,150,279,23,309,True,False,188,188,0,0,0,0.0,0.0,0.0,0.0,0.0
1145,151,279,23,316,True,False,188,188,0,0,0,0.0,0.0,0.0,0.0,0.0
1145,152,279,23,385,True,False,188,188,0,0,0,0.0,0.0,0.0,0.0,0.0
1145,153,279,23,389,True,False,188,188,0,0,0,0.0,0.0,0.0,0.0,0.0
1145,154,279,23,402,True,False,188,188,0,0,0,0.0,0.0,0.0,0.0,0.0
1145,155,279,23,474,True,True,188,188,30,92,3,0.0,3.0,0.48936170212765956,0.1595744680851064,0.48936170212765956
1146,548,279,143,7,True,True,76,76,15,55,1,0.0,1.0,0.7236842105263158,0.19736842105263158,0.7236842105263158
1146,549,279,143,88,True,False,76,76,0,0,0,0.0,0.0,0.0,0.0,0.0
1146,550,279,143,133,True,False,76,76,0,0,0,0.0,0.0,0.0,0.0,0.0
1146,551,279,143,161,True,True,76,76,1,1,1,0.0,0.0,0.013157894736842105,0.013157894736842105,0.013157894736842105
1146,552,279,143,163,True,False,76,76,0,0,0,0.0,0.0,0.0,0.0,0.0
1146,553,279,143,233,True,False,76,76,0,0,0,0.0,0.0,0.0,0.0,0.0
1146,554,279,143,279,True,True,76,76,11,111,2,0.0,1.0,1.4605263157894737,0.14473684210526316,1.4605263157894737
1146,555,279,143,432,True,True,76,76,7,25,2,5.0,9.0,0.32894736842105265,0.09210526315789473,0.32894736842105265
1146,556,279,143,440,True,False,76,76,0,0,0,0.0,0.0,0.0,0.0,0.0
1146,557,279,143,474,True,False,76,76,0,0,0,0.0,0.0,0.0,0.0,0.0
1147,636,279,157,28,True,True,123,123,39,187,3,0.0,3.0,1.5203252032520325,0.3170731707317073,1.5203252032520325
1147,637,279,157,77,True,False,123,123,0,0,0,0.0,0.0,0.0,0.0,0.0
1147,638,279,157,79,True,False,123,123,0,0,0,0.0,0.0,0.0,0.0,0.0
1147,639,279,157,84,True,False,123,123,0,0,0,0.0,0.0,0.0,0.0,0.0
1147,640,279,157,85,True,False,123,123,0,0,0,0.0,0.0,0.0,0.0,0.0
1147,641,279,157,88,True,False,123,123,0,0,0,0.0,0.0,0.0,0.0,0.0
1147,642,279,157,143,True,True,123,123,23,196,3,0.0,2.0,1.5934959349593496,0.18699186991869918,1.5934959349593496
1147,643,279,157,161,True,False,123,123,0,0,0,0.0,0.0,0.0,0.0,0.0
1147,644,279,157,167,True,False,123,123,0,0,0,0.0,0.0,0.0,0.0,0.0
1147,645,279,157,196,True,False,123,123,0,0,0,0.0,0.0,0.0,0.0,0.0
1147,646,279,157,229,True,False,123,123,0,0,0,0.0,0.0,0.0,0.0,0.0
1147,647,279,157,230,True,False,123,123,0,0,0,0.0,0.0,0.0,0.0,0.0
1147,648,279,157,279,True,True,123,123,34,227,4,0.0,1.0,1.8455284552845528,0.2764227642276423,1.8455284552845528
1147,649,279,157,315,True,False,123,123,0,0,0,0.0,0.0,0.0,0.0,0.0
1147,650,279,157,375,True,True,123,123,9,27,1,1.0,4.0,0.21951219512195122,0.07317073170731707,0.21951219512195122
1147,651,279,157,389,True,False,123,123,0,0,0,0.0,0.0,0.0,0.0,0.0
1147,652,279,157,402,True,False,123,123,0,0,0,0.0,0.0,0.0,0.0,0.0
1147,653,279,157,432,True,False,123,123,0,0,0,0.0,0.0,0.0,0.0,0.0
1147,654,279,157,440,True,True,123,123,2,10,1,0.0,0.0,0.08130081300813008,0.016260162601626018,0.08130081300813008
1147,655,279,157,474,True,False,123,123,0,0,0,0.0,0.0,0.0,0.0,0.0
1148,656,279,161,28,True,True,14,14,5,10,1,2.0,4.5,0.7142857142857143,0.35714285714285715,0.7142857142857143
1148,657,279,161,143,True,True,14,14,1,5,1,0.0,0.0,0.35714285714285715,0.07142857142857142,0.35714285714285715
1148,658,279,161,157,True,True,14,14,2,8,1,0.0,0.0,0.5714285714285714,0.14285714285714285,0.5714285714285714
1148,659,279,161,167,True,False,14,14,0,0,0,0.0,0.0,0.0,0.0,0.0
1148,660,279,161,369,True,False,14,14,0,0,0,0.0,0.0,0.0,0.0,0.0
1148,661,279,161,375,True,False,14,14,0,0,0,0.0,0.0,0.0,0.0,0.0
1148,662,279,161,398,True,False,14,14,0,0,0,0.0,0.0,0.0,0.0,0.0
1148,663,279,161,440,True,True,14,14,5,59,1,0.0,3.0,4.214285714285714,0.35714285714285715,4.214285714285714
1148,664,279,161,485,True,False,14,14,0,0,0,0.0,0.0,0.0,0.0,0.0
1149,868,279,208,84,True,False,6,6,0,0,0,0.0,0.0,0.0,0.0,0.0
1149,869,279,208,98,True,False,6,6,0,0,0,0.0,0.0,0.0,0.0,0.0
1149,870,279,208,133,True,False,6,6,0,0,0,0.0,0.0,0.0,0.0,0.0
1149,871,279,208,143,True,True,6,6,6,48,3,0.0,4.0,8.0,1.0,8.0
1149,872,279,208,147,True,False,6,6,0,0,0,0.0,0.0,0.0,0.0,0.0
1149,873,279,208,240,True,False,6,6,0,0,0,0.0,0.0,0.0,0.0,0.0
1149,874,279,208,247,True,False,6,6,0,0,0,0.0,0.0,0.0,0.0,0.0
1149,875,279,208,402,True,False,6,6,0,0,0,0.0,0.0,0.0,0.0,0.0
1149,876,279,208,432,True,True,6,6,2,11,2,1.0,4.0,1.8333333333333333,0.3333333333333333,1.8333333333333333
1150,1703,279,440,7,True,False,17,17,0,0,0,0.0,0.0,0.0,0.0,0.0
1150,1704,279,440,28,True,True,17,17,1,15,1,5.0,8.0,0.8823529411764706,0.058823529411764705,0.8823529411764706
1150,1705,279,440,143,True,False,17,17,0,0,0,0.0,0.0,0.0,0.0,0.0
1150,1706,279,440,161,True,False,17,17,0,0,0,0.0,0.0,0.0,0.0,0.0
1150,1707,279,440,167,True,False,17,17,0,0,0,0.0,0.0,0.0,0.0,0.0
1150,1708,279,440,261,True,False,17,17,0,0,0,0.0,0.0,0.0,0.0,0.0
1150,1709,279,440,263,True,False,17,17,0,0,0,0.0,0.0,0.0,0.0,0.0
1150,1710,279,440,318,True,False,17,17,0,0,0,0.0,0.0,0.0,0.0,0.0
1150,1711,279,440,321,True,False,17,17,0,0,0,0.0,0.0,0.0,0.0,0.0
1150,1712,279,440,509,True,False,17,17,0,0,0,0.0,0.0,0.0,0.0,0.0
1151,1782,279,474,7,True,False,45,45,0,0,0,0.0,0.0,0.0,0.0,0.0
1151,1783,279,474,37,True,False,45,45,0,0,0,0.0,0.0,0.0,0.0,0.0
1151,1784,279,474,39,True,False,45,45,0,0,0,0.0,0.0,0.0,0.0,0.0
1151,1785,279,474,58,True,False,45,45,0,0,0,0.0,0.0,0.0,0.0,0.0
1151,1786,279,474,84,True,False,45,45,0,0,0,0.0,0.0,0.0,0.0,0.0
1151,1787,279,474,88,True,False,45,45,0,0,0,0.0,0.0,0.0,0.0,0.0
1151,1788,279,474,115,True,False,45,45,0,0,0,0.0,0.0,0.0,0.0,0.0
1151,1789,279,474,125,True,False,45,45,0,0,0,0.0,0.0,0.0,0.0,0.0
1151,1790,279,474,143,True,False,45,45,0,0,0,0.0,0.0,0.0,0.0,0.0
1151,1791,279,474,217,True,False,45,45,0,0,0,0.0,0.0,0.0,0.0,0.0
1151,1792,279,474,243,True,False,45,45,0,0,0,0.0,0.0,0.0,0.0,0.0
1151,1793,279,474,261,True,False,45,45,0,0,0,0.0,0.0,0.0,0.0,0.0
1151,1794,279,474,279,True,True,45,45,25,205,3,0.0,2.0,4.555555555555555,0.5555555555555556,4.555555555555555
1151,1795,279,474,309,True,False,45,45,0,0,0,0.0,0.0,0.0,0.0,0.0
1151,1796,279,474,317,True,False,45,45,0,0,0,0.0,0.0,0.0,0.0,0.0
1151,1797,279,474,321,True,False,45,45,0,0,0,0.0,0.0,0.0,0.0,0.0
1151,1798,279,474,385,True,False,45,45,0,0,0,0.0,0.0,0.0,0.0,0.0
1151,1799,279,474,389,True,False,45,45,0,0,0,0.0,0.0,0.0,0.0,0.0
1151,1800,279,474,402,True,False,45,45,0,0,0,0.0,0.0,0.0,0.0,0.0
1152,1887,279,509,7,True,False,19,19,0,0,0,0.0,0.0,0.0,0.0,0.0
1152,1888,279,509,113,True,False,19,19,0,0,0,0.0,0.0,0.0,0.0,0.0
1152,1889,279,509,161,True,False,19,19,0,0,0,0.0,0.0,0.0,0.0,0.0
1152,1890,279,509,196,True,False,19,19,0,0,0,0.0,0.0,0.0,0.0,0.0
1152,1891,279,509,251,True,True,19,19,19,255,2,0.0,5.0,13.421052631578947,1.0,13.421052631578947
1152,1892,279,509,279,True,False,19,19,0,0,0,0.0,0.0,0.0,0.0,0.0
1152,1893,279,509,321,True,False,19,19,0,0,0,0.0,0.0,0.0,0.0,0.0
1152,1894,279,509,361,True,False,19,19,0,0,0,0.0,0.0,0.0,0.0,0.0
1152,1895,279,509,440,True,False,19,19,0,0,0,0.0,0.0,0.0,0.0,0.0
1152,1896,279,509,481,True,False,19,19,0,0,0,0.0,0.0,0.0,0.0,0.0
1153,93,281,13,6,True,True,9,9,8,21,7,0.0,0.0,2.3333333333333335,0.8888888888888888,2.3333333333333335
1153,94,281,13,34,True,True,9,9,9,20,8,0.0,0.0,2.2222222222222223,1.0,2.2222222222222223
1153,95,281,13,58,True,False,9,9,0,0,0,0.0,0.0,0.0,0.0,0.0
1153,96,281,13,169,True,False,9,9,0,0,0,0.0,0.0,0.0,0.0,0.0
1153,97,281,13,243,True,True,9,9,2,3,2,0.0,0.0,0.3333333333333333,0.2222222222222222,0.3333333333333333
1153,98,281,13,256,True,False,9,9,0,0,0,0.0,0.0,0.0,0.0,0.0
1153,99,281,13,262,True,False,9,9,0,0,0,0.0,0.0,0.0,0.0,0.0
1153,100,281,13,281,True,False,9,9,0,0,0,0.0,0.0,0.0,0.0,0.0
1153,101,281,13,335,True,False,9,9,0,0,0,0.0,0.0,0.0,0.0,0.0
1153,102,281,13,353,True,False,9,9,0,0,0,0.0,0.0,0.0,0.0,0.0
1153,103,281,13,361,True,False,9,9,0,0,0,0.0,0.0,0.0,0.0,0.0
1153,104,281,13,433,True,False,9,9,0,0,0,0.0,0.0,0.0,0.0,0.0
1153,105,281,13,455,True,False,9,9,0,0,0,0.0,0.0,0.0,0.0,0.0
1153,106,281,13,472,True,True,9,9,9,15,8,0.0,0.0,1.6666666666666667,1.0,1.6666666666666667
1153,107,281,13,508,True,False,9,9,0,0,0,0.0,0.0,0.0,0.0,0.0
1154,117,281,21,12,True,False,72,72,0,0,0,0.0,0.0,0.0,0.0,0.0
1154,118,281,21,31,True,False,72,72,0,0,0,0.0,0.0,0.0,0.0,0.0
1154,119,281,21,74,True,True,72,72,43,59,10,0.0,0.0,0.8194444444444444,0.5972222222222222,0.8194444444444444
1154,120,281,21,121,True,True,72,72,45,49,12,0.0,0.0,0.6805555555555556,0.625,0.6805555555555556
1154,121,281,21,141,True,True,72,72,72,169,18,0.0,0.0,2.3472222222222223,1.0,2.3472222222222223
1154,122,281,21,156,True,False,72,72,0,0,0,0.0,0.0,0.0,0.0,0.0
1154,123,281,21,186,True,True,72,72,8,8,2,0.0,0.0,0.1111111111111111,0.1111111111111111,0.1111111111111111
1154,124,281,21,248,True,True,72,72,60,75,15,0.0,0.0,1.0416666666666667,0.8333333333333334,1.0416666666666667
1154,125,281,21,319,True,False,72,72,0,0,0,0.0,0.0,0.0,0.0,0.0
1154,126,281,21,381,True,False,72,72,0,0,0,0.0,0.0,0.0,0.0,0.0
1154,127,281,21,449,True,False,72,72,0,0,0,0.0,0.0,0.0,0.0,0.0
1154,128,281,21,463,True,False,72,72,0,0,0,0.0,0.0,0.0,0.0,0.0
1155,293,281,61,12,True,False,72,72,0,0,0,0.0,0.0,0.0,0.0,0.0
1155,294,281,61,21,True,True,72,72,36,36,8,0.0,0.0,0.5,0.5,0.5
1155,295,281,61,31,True,False,72,72,0,0,0,0.0,0.0,0.0,0.0,0.0
1155,296,281,61,74,True,True,72,72,49,49,8,0.0,0.0,0.6805555555555556,0.6805555555555556,0.6805555555555556
1155,297,281,61,121,True,False,72,72,0,0,0,0.0,0.0,0.0,0.0,0.0
1155,298,281,61,141,True,True,72,72,72,163,12,0.0,0.0,2.263888888888889,1.0,2.263888888888889
1155,299,281,61,156,True,False,72,72,0,0,0,0.0,0.0,0.0,0.0,0.0
1155,300,281,61,186,True,True,72,72,41,63,8,0.0,0.0,0.875,0.5694444444444444,0.875
1155,301,281,61,248,True,True,72,72,49,49,10,0.0,0.0,0.6805555555555556,0.6805555555555556,0.6805555555555556
1155,302,281,61,381,True,False,72,72,0,0,0,0.0,0.0,0.0,0.0,0.0
1155,303,281,61,463,True,False,72,72,0,0,0,0.0,0.0,0.0,0.0,0.0
1156,318,281,74,2,True,False,17,17,0,0,0,0.0,0.0,0.0,0.0,0.0
1156,319,281,74,6,True,False,17,17,0,0,0,0.0,0.0,0.0,0.0,0.0
1156,320,281,74,12,True,False,17,17,0,0,0,0.0,0.0,0.0,0.0,0.0
1156,321,281,74,58,True,False,17,17,0,0,0,0.0,0.0,0.0,0.0,0.0
1156,322,281,74,121,True,True,17,17,17,46,11,0.0,0.0,2.7058823529411766,1.0,2.7058823529411766
1156,323,281,74,139,True,True,17,17,1,1,1,0.0,0.0,0.058823529411764705,0.058823529411764705,0.058823529411764705
1156,324,281,74,169,True,False,17,17,0,0,0,0.0,0.0,0.0,0.0,0.0
1156,325,281,74,175,True,True,17,17,14,39,10,0.0,0.0,2.2941176470588234,0.8235294117647058,2.2941176470588234
1156,326,281,74,243,True,False,17,17,0,0,0,0.0,0.0,0.0,0.0,0.0
1156,327,281,74,248,True,True,17,17,11,12,9,0.0,0.0,0.7058823529411765,0.6470588235294118,0.7058823529411765
1156,328,281,74,281,True,False,17,17,0,0,0,0.0,0.0,0.0,0.0,0.0
1156,329,281,74,335,True,False,17,17,0,0,0,0.0,0.0,0.0,0.0,0.0
1156,330,281,74,361,True,False,17,17,0,0,0,0.0,0.0,0.0,0.0,0.0
1156,331,281,74,383,True,False,17,17,0,0,0,0.0,0.0,0.0,0.0,0.0
1156,332,281,74,433,True,False,17,17,0,0,0,0.0,0.0,0.0,0.0,0.0
1156,333,281,74,449,True,False,17,17,0,0,0,0.0,0.0,0.0,0.0,0.0
1156,334,281,74,455,True,False,17,17,0,0,0,0.0,0.0,0.0,0.0,0.0
1156,335,281,74,463,True,False,17,17,0,0,0,0.0,0.0,0.0,0.0,0.0
1156,336,281,74,508,True,False,17,17,0,0,0,0.0,0.0,0.0,0.0,0.0
1157,446,281,117,10,True,True,341,341,166,1655,14,0.0,3.0,4.853372434017595,0.4868035190615836,4.853372434017595
1157,447,281,117,16,True,False,341,341,0,0,0,0.0,0.0,0.0,0.0,0.0
1157,448,281,117,80,True,True,341,341,52,440,4,0.0,2.0,1.2903225806451613,0.15249266862170088,1.2903225806451613
1157,449,281,117,199,True,True,341,341,36,290,3,0.0,3.0,0.8504398826979472,0.10557184750733138,0.8504398826979472
1157,450,281,117,238,True,True,341,341,9,76,1,0.0,2.0,0.22287390029325513,0.026392961876832845,0.22287390029325513
1157,451,281,117,268,True,False,341,341,0,0,0,0.0,0.0,0.0,0.0,0.0
1157,452,281,117,281,True,True,341,341,25,224,3,0.0,5.0,0.656891495601173,0.07331378299120235,0.656891495601173
1157,453,281,117,294,True,True,341,341,57,563,4,0.0,4.0,1.651026392961877,0.16715542521994134,1.651026392961877
1157,454,281,117,317,True,False,341,341,0,0,0,0.0,0.0,0.0,0.0,0.0
1157,455,281,117,324,True,True,341,341,69,658,4,0.0,4.0,1.9296187683284458,0.20234604105571846,1.9296187683284458
1157,456,281,117,378,True,False,341,341,0,0,0,0.0,0.0,0.0,0.0,0.0
1157,457,281,117,383,True,False,341,341,0,0,0,0.0,0.0,0.0,0.0,0.0
1157,458,281,117,387,True,True,341,341,1,3,1,0.0,1.0,0.008797653958944282,0.002932551319648094,0.008797653958944282
1157,459,281,117,455,True,False,341,341,0,0,0,0.0,0.0,0.0,0.0,0.0
1157,460,281,117,462,True,True,341,341,16,46,2,4.0,8.0,0.1348973607038123,0.0469208211143695,0.1348973607038123
1157,461,281,117,494,True,False,341,341,0,0,0,0.0,0.0,0.0,0.0,0.0
1158,537,281,141,2,True,False,130,130,0,0,0,0.0,0.0,0.0,0.0,0.0
1158,538,281,141,12,True,False,130,130,0,0,0,0.0,0.0,0.0,0.0,0.0
1158,539,281,141,22,True,False,130,130,0,0,0,0.0,0.0,0.0,0.0,0.0
1158,540,281,141,74,True,True,130,130,80,155,14,0.0,0.0,1.1923076923076923,0.6153846153846154,1.1923076923076923
1158,541,281,141,121,True,True,130,130,130,414,22,0.0,0.0,3.1846153846153844,1.0,3.1846153846153844
1158,542,281,141,139,True,False,130,130,0,0,0,0.0,0.0,0.0,0.0,0.0
1158,543,281,141,144,True,False,130,130,0,0,0,0.0,0.0,0.0,0.0,0.0
1158,544,281,141,156,True,False,130,130,0,0,0,0.0,0.0,0.0,0.0,0.0
1158,545,281,141,175,True,True,130,130,124,220,20,0.0,1.0,1.6923076923076923,0.9538461538461539,1.6923076923076923
1158,546,281,141,248,True,True,130,130,124,296,20,0.0,0.0,2.276923076923077,0.9538461538461539,2.276923076923077
1158,547,281,141,273,True,False,130,130,0,0,0,0.0,0.0,0.0,0.0,0.0
1159,780,281,179,13,True,True,49,49,37,48,9,0.0,0.0,0.9795918367346939,0.7551020408163265,0.9795918367346939
1159,781,281,179,34,True,True,49,49,8,8,2,0.0,0.0,0.16326530612244897,0.16326530612244897,0.16326530612244897
1159,782,281,179,43,True,False,49,49,0,0,0,0.0,0.0,0.0,0.0,0.0
1159,783,281,179,129,True,False,49,49,0,0,0,0.0,0.0,0.0,0.0,0.0
1159,784,281,179,245,True,False,49,49,0,0,0,0.0,0.0,0.0,0.0,0.0
1159,785,281,179,253,True,False,49,49,0,0,0,0.0,0.0,0.0,0.0,0.0
1159,786,281,179,256,True,False,49,49,0,0,0,0.0,0.0,0.0,0.0,0.0
1159,787,281,179,313,True,True,49,49,49,132,11,0.0,0.0,2.693877551020408,1.0,2.693877551020408
1159,788,281,179,353,True,False,49,49,0,0,0,0.0,0.0,0.0,0.0,0.0
1159,789,281,179,472,True,True,49,49,49,57,11,0.0,0.0,1.163265306122449,1.0,1.163265306122449
1159,790,281,179,488,True,False,49,49,0,0,0,0.0,0.0,0.0,0.0,0.0
1160,808,281,186,12,True,False,64,64,0,0,0,0.0,0.0,0.0,0.0,0.0
1160,809,281,186,21,True,True,64,64,4,4,1,0.0,0.0,0.0625,0.0625,0.0625
1160,810,281,186,31,True,False,64,64,0,0,0,0.0,0.0,0.0,0.0,0.0
1160,811,281,186,74,True,True,64,64,47,65,8,0.0,0.0,1.015625,0.734375,1.015625
1160,812,281,186,121,True,True,64,64,56,72,9,0.0,0.0,1.125,0.875,1.125
1160,813,281,186,141,True,True,64,64,64,162,11,0.0,0.0,2.53125,1.0,2.53125
1160,814,281,186,156,True,False,64,64,0,0,0,0.0,0.0,0.0,0.0,0.0
1160,815,281,186,248,True,True,64,64,64,101,11,0.0,0.0,1.578125,1.0,1.578125
1160,816,281,186,319,True,False,64,64,0,0,0,0.0,0.0,0.0,0.0,0.0
1160,817,281,186,381,True,False,64,64,0,0,0,0.0,0.0,0.0,0.0,0.0
1160,818,281,186,449,True,False,64,64,0,0,0,0.0,0.0,0.0,0.0,0.0
1160,819,281,186,463,True,False,64,64,0,0,0,0.0,0.0,0.0,0.0,0.0
1161,831,281,199,10,True,True,6,6,3,22,3,0.0,1.0,3.6666666666666665,0.5,3.6666666666666665
1161,832,281,199,39,True,False,6,6,0,0,0,0.0,0.0,0.0,0.0,0.0
1161,833,281,199,77,True,False,6,6,0,0,0,0.0,0.0,0.0,0.0,0.0
1161,834,281,199,117,True,False,6,6,0,0,0,0.0,0.0,0.0,0.0,0.0
1161,835,281,199,170,True,False,6,6,0,0,0,0.0,0.0,0.0,0.0,0.0
1161,836,281,199,176,True,False,6,6,0,0,0,0.0,0.0,0.0,0.0,0.0
1161,837,281,199,238,True,False,6,6,0,0,0,0.0,0.0,0.0,0.0,0.0
1161,838,281,199,252,True,False,6,6,0,0,0,0.0,0.0,0.0,0.0,0.0
1161,839,281,199,317,True,False,6,6,0,0,0,0.0,0.0,0.0,0.0,0.0
1161,840,281,199,383,True,False,6,6,0,0,0,0.0,0.0,0.0,0.0,0.0
1161,841,281,199,387,True,True,6,6,3,13,3,0.0,2.0,2.1666666666666665,0.5,2.1666666666666665
1161,842,281,199,402,True,False,6,6,0,0,0,0.0,0.0,0.0,0.0,0.0
1161,843,281,199,404,True,False,6,6,0,0,0,0.0,0.0,0.0,0.0,0.0
1161,844,281,199,462,True,False,6,6,0,0,0,0.0,0.0,0.0,0.0,0.0
1161,845,281,199,494,True,False,6,6,0,0,0,0.0,0.0,0.0,0.0,0.0
1162,1252,281,313,6,True,True,138,138,117,193,17,0.0,1.0,1.3985507246376812,0.8478260869565217,1.3985507246376812
1162,1253,281,313,13,True,True,138,138,96,240,17,0.0,0.0,1.7391304347826086,0.6956521739130435,1.7391304347826086
1162,1254,281,313,34,True,True,138,138,138,393,20,0.0,1.0,2.847826086956522,1.0,2.847826086956522
1162,1255,281,313,43,True,False,138,138,0,0,0,0.0,0.0,0.0,0.0,0.0
1162,1256,281,313,243,True,True,138,138,5,5,1,0.0,1.0,0.036231884057971016,0.036231884057971016,0.036231884057971016
1162,1257,281,313,256,True,False,138,138,0,0,0,0.0,0.0,0.0,0.0,0.0
1162,1258,281,313,281,True,False,138,138,0,0,0,0.0,0.0,0.0,0.0,0.0
1162,1259,281,313,353,True,False,138,138,0,0,0,0.0,0.0,0.0,0.0,0.0
1162,1260,281,313,361,True,False,138,138,0,0,0,0.0,0.0,0.0,0.0,0.0
1162,1261,281,313,455,True,False,138,138,0,0,0,0.0,0.0,0.0,0.0,0.0
1162,1262,281,313,472,True,True,138,138,138,450,20,0.0,1.0,3.260869565217391,1.0,3.260869565217391
1163,1534,281,387,6,True,False,24,24,0,0,0,0.0,0.0,0.0,0.0,0.0
1163,1535,281,387,10,True,False,24,24,0,0,0,0.0,0.0,0.0,0.0,0.0
1163,1536,281,387,117,True,True,24,24,5,20,1,0.0,0.0,0.8333333333333334,0.20833333333333334,0.8333333333333334
1163,1537,281,387,175,True,False,24,24,0,0,0,0.0,0.0,0.0,0.0,0.0
1163,1538,281,387,281,True,True,24,24,19,175,4,0.0,1.0,7.291666666666667,0.7916666666666666,7.291666666666667
1163,1539,281,387,294,True,False,24,24,0,0,0,0.0,0.0,0.0,0.0,0.0
1163,1540,281,387,309,True,False,24,24,0,0,0,0.0,0.0,0.0,0.0,0.0
1163,1541,281,387,383,True,False,24,24,0,0,0,0.0,0.0,0.0,0.0,0.0
1163,1542,281,387,455,True,False,24,24,0,0,0,0.0,0.0,0.0,0.0,0.0
1164,28,288,4,63,True,True,75,75,5,25,1,0.0,0.0,0.3333333333333333,0.06666666666666667,0.3333333333333333
1164,29,288,4,138,True,False,75,75,0,0,0,0.0,0.0,0.0,0.0,0.0
1165,268,288,50,146,True,False,54,54,0,0,0,0.0,0.0,0.0,0.0,0.0
1165,269,288,50,288,True,True,54,54,12,21,3,0.0,0.0,0.3888888888888889,0.2222222222222222,0.3888888888888889
1165,270,288,50,315,True,False,54,54,0,0,0,0.0,0.0,0.0,0.0,0.0
1166,304,288,63,8,True,True,153,153,44,403,3,0.0,4.0,2.633986928104575,0.2875816993464052,2.633986928104575
1166,305,288,63,42,True,False,153,153,0,0,0,0.0,0.0,0.0,0.0,0.0
1166,306,288,63,80,True,False,153,153,0,0,0,0.0,0.0,0.0,0.0,0.0
1166,307,288,63,118,True,False,153,153,0,0,0,0.0,0.0,0.0,0.0,0.0
1166,308,288,63,138,True,False,153,153,0,0,0,0.0,0.0,0.0,0.0,0.0
1166,309,288,63,146,True,True,153,153,15,146,1,0.0,2.0,0.954248366013072,0.09803921568627451,0.954248366013072
1166,310,288,63,149,True,True,153,153,44,260,3,1.0,7.0,1.6993464052287581,0.2875816993464052,1.6993464052287581
1166,311,288,63,151,True,True,153,153,15,221,1,0.0,4.0,1.4444444444444444,0.09803921568627451,1.4444444444444444
1166,312,288,63,230,True,True,153,153,25,256,2,1.0,7.0,1.673202614379085,0.16339869281045752,1.673202614379085
1166,313,288,63,238,True,False,153,153,0,0,0,0.0,0.0,0.0,0.0,0.0
1166,314,288,63,258,True,False,153,153,0,0,0,0.0,0.0,0.0,0.0,0.0
1166,315,288,63,311,True,False,153,153,0,0,0,0.0,0.0,0.0,0.0,0.0
1166,316,288,63,390,True,False,153,153,0,0,0,0.0,0.0,0.0,0.0,0.0
1166,317,288,63,415,True,False,153,153,0,0,0,0.0,0.0,0.0,0.0,0.0
1167,506,288,138,42,True,False,45,45,0,0,0,0.0,0.0,0.0,0.0,0.0
1167,507,288,138,63,True,True,45,45,10,29,2,0.0,0.0,0.6444444444444445,0.2222222222222222,0.6444444444444445
1167,508,288,138,151,True,False,45,45,0,0,0,0.0,0.0,0.0,0.0,0.0
1167,509,288,138,171,True,False,45,45,0,0,0,0.0,0.0,0.0,0.0,0.0
1167,510,288,138,258,True,False,45,45,0,0,0,0.0,0.0,0.0,0.0,0.0
1167,511,288,138,288,True,False,45,45,0,0,0,0.0,0.0,0.0,0.0,0.0
1167,512,288,138,340,True,False,45,45,0,0,0,0.0,0.0,0.0,0.0,0.0
1167,513,288,138,415,True,False,45,45,0,0,0,0.0,0.0,0.0,0.0,0.0
1168,669,288,164,4,True,False,94,94,0,0,0,0.0,0.0,0.0,0.0,0.0
1168,670,288,164,8,True,False,94,94,0,0,0,0.0,0.0,0.0,0.0,0.0
1168,671,288,164,42,True,False,94,94,0,0,0,0.0,0.0,0.0,0.0,0.0
1168,672,288,164,50,True,False,94,94,0,0,0,0.0,0.0,0.0,0.0,0.0
1168,673,288,164,63,True,False,94,94,0,0,0,0.0,0.0,0.0,0.0,0.0
1168,674,288,164,100,True,False,94,94,0,0,0,0.0,0.0,0.0,0.0,0.0
1168,675,288,164,146,True,False,94,94,0,0,0,0.0,0.0,0.0,0.0,0.0
1168,676,288,164,151,True,False,94,94,0,0,0,0.0,0.0,0.0,0.0,0.0
1168,677,288,164,171,True,False,94,94,0,0,0,0.0,0.0,0.0,0.0,0.0
1168,678,288,164,172,True,False,94,94,0,0,0,0.0,0.0,0.0,0.0,0.0
1168,679,288,164,180,True,False,94,94,0,0,0,0.0,0.0,0.0,0.0,0.0
1168,680,288,164,271,True,False,94,94,0,0,0,0.0,0.0,0.0,0.0,0.0
1168,681,288,164,288,True,False,94,94,0,0,0,0.0,0.0,0.0,0.0,0.0
1168,682,288,164,410,True,False,94,94,0,0,0,0.0,0.0,0.0,0.0,0.0
1169,740,288,172,4,True,False,18,18,0,0,0,0.0,0.0,0.0,0.0,0.0
1169,741,288,172,118,True,False,18,18,0,0,0,0.0,0.0,0.0,0.0,0.0
1169,742,288,172,138,True,False,18,18,0,0,0,0.0,0.0,0.0,0.0,0.0
1169,743,288,172,164,True,True,18,18,5,5,1,0.0,0.0,0.2777777777777778,0.2777777777777778,0.2777777777777778
1169,744,288,172,173,True,False,18,18,0,0,0,0.0,0.0,0.0,0.0,0.0
1169,745,288,172,180,True,False,18,18,0,0,0,0.0,0.0,0.0,0.0,0.0
1169,746,288,172,288,True,False,18,18,0,0,0,0.0,0.0,0.0,0.0,0.0
1170,1049,288,259,1,True,False,7,7,0,0,0,0.0,0.0,0.0,0.0,0.0
1170,1050,288,259,30,True,False,7,7,0,0,0,0.0,0.0,0.0,0.0,0.0
1170,1051,288,259,109,True,False,7,7,0,0,0,0.0,0.0,0.0,0.0,0.0
1170,1052,288,259,146,True,False,7,7,0,0,0,0.0,0.0,0.0,0.0,0.0
1170,1053,288,259,149,True,False,7,7,0,0,0,0.0,0.0,0.0,0.0,0.0
1170,1054,288,259,163,True,False,7,7,0,0,0,0.0,0.0,0.0,0.0,0.0
1170,1055,288,259,247,True,False,7,7,0,0,0,0.0,0.0,0.0,0.0,0.0
1170,1056,288,259,252,True,False,7,7,0,0,0,0.0,0.0,0.0,0.0,0.0
1170,1057,288,259,263,True,False,7,7,0,0,0,0.0,0.0,0.0,0.0,0.0
1170,1058,288,259,288,True,True,7,7,7,37,2,0.0,0.0,5.285714285714286,1.0,5.285714285714286
1170,1059,288,259,297,True,False,7,7,0,0,0,0.0,0.0,0.0,0.0,0.0
1170,1060,288,259,328,True,False,7,7,0,0,0,0.0,0.0,0.0,0.0,0.0
1170,1061,288,259,346,True,False,7,7,0,0,0,0.0,0.0,0.0,0.0,0.0
1170,1062,288,259,352,True,False,7,7,0,0,0,0.0,0.0,0.0,0.0,0.0
1170,1063,288,259,371,True,False,7,7,0,0,0,0.0,0.0,0.0,0.0,0.0
1170,1064,288,259,382,True,False,7,7,0,0,0,0.0,0.0,0.0,0.0,0.0
1170,1065,288,259,398,True,False,7,7,0,0,0,0.0,0.0,0.0,0.0,0.0
1170,1066,288,259,404,True,False,7,7,0,0,0,0.0,0.0,0.0,0.0,0.0
1170,1067,288,259,405,True,False,7,7,0,0,0,0.0,0.0,0.0,0.0,0.0
1170,1068,288,259,410,True,False,7,7,0,0,0,0.0,0.0,0.0,0.0,0.0
1170,1069,288,259,494,True,False,7,7,0,0,0,0.0,0.0,0.0,0.0,0.0
1171,42,290,7,28,True,False,196,196,0,0,0,0.0,0.0,0.0,0.0,0.0
1171,43,290,7,77,True,True,196,196,56,239,5,0.0,1.0,1.219387755102041,0.2857142857142857,1.219387755102041
1171,44,290,7,133,True,False,196,196,0,0,0,0.0,0.0,0.0,0.0,0.0
1171,45,290,7,143,True,True,196,196,22,135,2,0.0,2.0,0.6887755102040817,0.11224489795918367,0.6887755102040817
1171,46,290,7,167,True,False,196,196,0,0,0,0.0,0.0,0.0,0.0,0.0
1171,47,290,7,196,True,False,196,196,0,0,0,0.0,0.0,0.0,0.0,0.0
1171,48,290,7,222,True,False,196,196,0,0,0,0.0,0.0,0.0,0.0,0.0
1171,49,290,7,290,True,True,196,196,21,130,3,0.0,0.0,0.6632653061224489,0.10714285714285714,0.6632653061224489
1171,50,290,7,318,True,True,196,196,40,175,3,6.0,10.0,0.8928571428571429,0.20408163265306123,0.8928571428571429
1171,51,290,7,347,True,True,196,196,3,5,1,9.0,10.0,0.025510204081632654,0.015306122448979591,0.025510204081632654
1171,52,290,7,474,True,False,196,196,0,0,0,0.0,0.0,0.0,0.0,0.0
1171,53,290,7,509,True,True,196,196,5,8,1,0.0,0.0,0.04081632653061224,0.025510204081632654,0.04081632653061224
1172,54,290,8,22,True,False,14,14,0,0,0,0.0,0.0,0.0,0.0,0.0
1172,55,290,8,79,True,False,14,14,0,0,0,0.0,0.0,0.0,0.0,0.0
1172,56,290,8,80,True,False,14,14,0,0,0,0.0,0.0,0.0,0.0,0.0
1172,57,290,8,100,True,False,14,14,0,0,0,0.0,0.0,0.0,0.0,0.0
1172,58,290,8,126,True,False,14,14,0,0,0,0.0,0.0,0.0,0.0,0.0
1172,59,290,8,144,True,False,14,14,0,0,0,0.0,0.0,0.0,0.0,0.0
1172,60,290,8,149,True,False,14,14,0,0,0,0.0,0.0,0.0,0.0,0.0
1172,61,290,8,171,True,False,14,14,0,0,0,0.0,0.0,0.0,0.0,0.0
1172,62,290,8,184,True,False,14,14,0,0,0,0.0,0.0,0.0,0.0,0.0
1172,63,290,8,229,True,False,14,14,0,0,0,0.0,0.0,0.0,0.0,0.0
1172,64,290,8,230,True,False,14,14,0,0,0,0.0,0.0,0.0,0.0,0.0
1172,65,290,8,258,True,False,14,14,0,0,0,0.0,0.0,0.0,0.0,0.0
1172,66,290,8,311,True,False,14,14,0,0,0,0.0,0.0,0.0,0.0,0.0
1172,67,290,8,315,True,False,14,14,0,0,0,0.0,0.0,0.0,0.0,0.0
1172,68,290,8,390,True,False,14,14,0,0,0,0.0,0.0,0.0,0.0,0.0
1173,337,290,77,163,True,False,32,32,0,0,0,0.0,0.0,0.0,0.0,0.0
1173,338,290,77,205,True,False,32,32,0,0,0,0.0,0.0,0.0,0.0,0.0
1174,548,290,143,7,True,False,19,19,0,0,0,0.0,0.0,0.0,0.0,0.0
1174,549,290,143,88,True,False,19,19,0,0,0,0.0,0.0,0.0,0.0,0.0
1174,550,290,143,133,True,False,19,19,0,0,0,0.0,0.0,0.0,0.0,0.0
1174,551,290,143,161,True,False,19,19,0,0,0,0.0,0.0,0.0,0.0,0.0
1174,552,290,143,163,True,False,19,19,0,0,0,0.0,0.0,0.0,0.0,0.0
1174,553,290,143,233,True,True,19,19,5,5,1,8.0,9.0,0.2631578947368421,0.2631578947368421,0.2631578947368421
1174,554,290,143,279,True,False,19,19,0,0,0,0.0,0.0,0.0,0.0,0.0
1174,555,290,143,432,True,False,19,19,0,0,0,0.0,0.0,0.0,0.0,0.0
1174,556,290,143,440,True,False,19,19,0,0,0,0.0,0.0,0.0,0.0,0.0
1174,557,290,143,474,True,False,19,19,0,0,0,0.0,0.0,0.0,0.0,0.0
1175,795,290,184,4,True,False,63,63,0,0,0,0.0,0.0,0.0,0.0,0.0
1175,796,290,184,8,True,False,63,63,0,0,0,0.0,0.0,0.0,0.0,0.0
1175,797,290,184,22,True,False,63,63,0,0,0,0.0,0.0,0.0,0.0,0.0
1175,798,290,184,50,True,False,63,63,0,0,0,0.0,0.0,0.0,0.0,0.0
1175,799,290,184,79,True,False,63,63,0,0,0,0.0,0.0,0.0,0.0,0.0
1175,800,290,184,139,True,False,63,63,0,0,0,0.0,0.0,0.0,0.0,0.0
1175,801,290,184,229,True,False,63,63,0,0,0,0.0,0.0,0.0,0.0,0.0
1175,802,290,184,230,True,False,63,63,0,0,0,0.0,0.0,0.0,0.0,0.0
1175,803,290,184,273,True,True,63,63,41,359,4,0.0,6.0,5.698412698412699,0.6507936507936508,5.698412698412699
1175,804,290,184,288,True,False,63,63,0,0,0,0.0,0.0,0.0,0.0,0.0
1175,805,290,184,290,True,True,63,63,8,20,2,0.0,0.0,0.31746031746031744,0.12698412698412698,0.31746031746031744
1175,806,290,184,315,True,False,63,63,0,0,0,0.0,0.0,0.0,0.0,0.0
1175,807,290,184,383,True,True,63,63,18,96,3,0.0,0.0,1.5238095238095237,0.2857142857142857,1.5238095238095237
1176,973,290,247,125,True,False,11,11,0,0,0,0.0,0.0,0.0,0.0,0.0
1176,974,290,247,163,True,False,11,11,0,0,0,0.0,0.0,0.0,0.0,0.0
1176,975,290,247,259,True,False,11,11,0,0,0,0.0,0.0,0.0,0.0,0.0
1176,976,290,247,262,True,False,11,11,0,0,0,0.0,0.0,0.0,0.0,0.0
1176,977,290,247,371,True,False,11,11,0,0,0,0.0,0.0,0.0,0.0,0.0
1176,978,290,247,402,True,False,11,11,0,0,0,0.0,0.0,0.0,0.0,0.0
1176,979,290,247,432,True,False,11,11,0,0,0,0.0,0.0,0.0,0.0,0.0
1177,1070,290,261,23,True,False,13,13,0,0,0,0.0,0.0,0.0,0.0,0.0
1177,1071,290,261,157,True,False,13,13,0,0,0,0.0,0.0,0.0,0.0,0.0
1177,1072,290,261,321,True,False,13,13,0,0,0,0.0,0.0,0.0,0.0,0.0
1177,1073,290,261,440,True,False,13,13,0,0,0,0.0,0.0,0.0,0.0,0.0
1177,1074,290,261,481,True,False,13,13,0,0,0,0.0,0.0,0.0,0.0,0.0
1178,1145,290,279,23,True,True,7,7,1,1,1,0.0,0.0,0.14285714285714285,0.14285714285714285,0.14285714285714285
1178,1146,290,279,143,True,False,7,7,0,0,0,0.0,0.0,0.0,0.0,0.0
1178,1147,290,279,157,True,False,7,7,0,0,0,0.0,0.0,0.0,0.0,0.0
1178,1148,290,279,161,True,False,7,7,0,0,0,0.0,0.0,0.0,0.0,0.0
1178,1149,290,279,208,True,False,7,7,0,0,0,0.0,0.0,0.0,0.0,0.0
1178,1150,290,279,440,True,False,7,7,0,0,0,0.0,0.0,0.0,0.0,0.0
1178,1151,290,279,474,True,False,7,7,0,0,0,0.0,0.0,0.0,0.0,0.0
1178,1152,290,279,509,True,False,7,7,0,0,0,0.0,0.0,0.0,0.0,0.0
1179,1282,290,317,30,True,False,10,10,0,0,0,0.0,0.0,0.0,0.0,0.0
1179,1283,290,317,39,True,True,10,10,1,1,1,0.0,0.0,0.1,0.1,0.1
1179,1284,290,317,176,True,False,10,10,0,0,0,0.0,0.0,0.0,0.0,0.0
1179,1285,290,317,199,True,True,10,10,1,4,1,0.0,0.0,0.4,0.1,0.4
1179,1286,290,317,238,True,False,10,10,0,0,0,0.0,0.0,0.0,0.0,0.0
1179,1287,290,317,252,True,True,10,10,6,15,1,8.0,10.0,1.5,0.6,1.5
1179,1288,290,317,294,True,False,10,10,0,0,0,0.0,0.0,0.0,0.0,0.0
1179,1289,290,317,371,True,False,10,10,0,0,0,0.0,0.0,0.0,0.0,0.0
1179,1290,290,317,383,True,True,10,10,3,26,1,0.0,2.0,2.6,0.3,2.6
1179,1291,290,317,387,True,False,10,10,0,0,0,0.0,0.0,0.0,0.0,0.0
1179,1292,290,317,404,True,False,10,10,0,0,0,0.0,0.0,0.0,0.0,0.0
1179,1293,290,317,455,True,False,10,10,0,0,0,0.0,0.0,0.0,0.0,0.0
1179,1294,290,317,462,True,False,10,10,0,0,0,0.0,0.0,0.0,0.0,0.0
1179,1295,290,317,494,True,False,10,10,0,0,0,0.0,0.0,0.0,0.0,0.0
1180,1373,290,346,7,True,True,3,3,2,2,1,0.0,0.5,0.6666666666666666,0.6666666666666666,0.6666666666666666
1180,1374,290,346,8,True,False,3,3,0,0,0,0.0,0.0,0.0,0.0,0.0
1180,1375,290,346,77,True,False,3,3,0,0,0,0.0,0.0,0.0,0.0,0.0
1180,1376,290,346,290,True,True,3,3,3,7,2,0.0,0.0,2.3333333333333335,1.0,2.3333333333333335
1180,1377,290,346,402,True,False,3,3,0,0,0,0.0,0.0,0.0,0.0,0.0
1180,1378,290,346,485,True,False,3,3,0,0,0,0.0,0.0,0.0,0.0,0.0
1181,1505,290,383,21,True,False,48,48,0,0,0,0.0,0.0,0.0,0.0,0.0
1181,1506,290,383,39,True,True,48,48,9,18,1,0.0,0.5,0.375,0.1875,0.375
1181,1507,290,383,61,True,True,48,48,10,19,1,0.0,2.0,0.3958333333333333,0.20833333333333334,0.3958333333333333
1181,1508,290,383,129,True,False,48,48,0,0,0,0.0,0.0,0.0,0.0,0.0
1181,1509,290,383,141,True,False,48,48,0,0,0,0.0,0.0,0.0,0.0,0.0
1181,1510,290,383,169,True,False,48,48,0,0,0,0.0,0.0,0.0,0.0,0.0
1181,1511,290,383,179,True,True,48,48,15,29,1,0.0,2.0,0.6041666666666666,0.3125,0.6041666666666666
1181,1512,290,383,186,True,True,48,48,10,10,1,0.0,2.0,0.20833333333333334,0.20833333333333334,0.20833333333333334
1181,1513,290,383,273,True,True,48,48,39,314,4,0.0,1.0,6.541666666666667,0.8125,6.541666666666667
1181,1514,290,383,281,True,False,48,48,0,0,0,0.0,0.0,0.0,0.0,0.0
1181,1515,290,383,313,True,False,48,48,0,0,0,0.0,0.0,0.0,0.0,0.0
1181,1516,290,383,317,True,False,48,48,0,0,0,0.0,0.0,0.0,0.0,0.0
1181,1517,290,383,335,True,False,48,48,0,0,0,0.0,0.0,0.0,0.0,0.0
1181,1518,290,383,433,True,False,48,48,0,0,0,0.0,0.0,0.0,0.0,0.0
1181,1519,290,383,455,True,False,48,48,0,0,0,0.0,0.0,0.0,0.0,0.0
1181,1520,290,383,508,True,False,48,48,0,0,0,0.0,0.0,0.0,0.0,0.0
1182,1583,290,402,7,True,False,21,21,0,0,0,0.0,0.0,0.0,0.0,0.0
1182,1584,290,402,24,True,False,21,21,0,0,0,0.0,0.0,0.0,0.0,0.0
1182,1585,290,402,77,True,True,21,21,6,90,1,0.0,4.0,4.285714285714286,0.2857142857142857,4.285714285714286
1182,1586,290,402,84,True,False,21,21,0,0,0,0.0,0.0,0.0,0.0,0.0
1182,1587,290,402,98,True,False,21,21,0,0,0,0.0,0.0,0.0,0.0,0.0
1182,1588,290,402,115,True,False,21,21,0,0,0,0.0,0.0,0.0,0.0,0.0
1182,1589,290,402,147,True,False,21,21,0,0,0,0.0,0.0,0.0,0.0,0.0
1182,1590,290,402,217,True,False,21,21,0,0,0,0.0,0.0,0.0,0.0,0.0
1182,1591,290,402,247,True,False,21,21,0,0,0,0.0,0.0,0.0,0.0,0.0
1182,1592,290,402,309,True,False,21,21,0,0,0,0.0,0.0,0.0,0.0,0.0
1182,1593,290,402,316,True,False,21,21,0,0,0,0.0,0.0,0.0,0.0,0.0
1182,1594,290,402,352,True,False,21,21,0,0,0,0.0,0.0,0.0,0.0,0.0
1182,1595,290,402,375,True,False,21,21,0,0,0,0.0,0.0,0.0,0.0,0.0
1182,1596,290,402,385,True,False,21,21,0,0,0,0.0,0.0,0.0,0.0,0.0
1182,1597,290,402,474,True,False,21,21,0,0,0,0.0,0.0,0.0,0.0,0.0
1183,1782,290,474,7,True,False,140,140,0,0,0,0.0,0.0,0.0,0.0,0.0
1183,1783,290,474,37,True,False,140,140,0,0,0,0.0,0.0,0.0,0.0,0.0
1183,1784,290,474,39,True,True,140,140,11,29,1,0.0,1.0,0.20714285714285716,0.07857142857142857,0.20714285714285716
1183,1785,290,474,58,True,False,140,140,0,0,0,0.0,0.0,0.0,0.0,0.0
1183,1786,290,474,84,True,False,140,140,0,0,0,0.0,0.0,0.0,0.0,0.0
1183,1787,290,474,88,True,True,140,140,17,126,2,0.0,1.0,0.9,0.12142857142857143,0.9
1183,1788,290,474,115,True,False,140,140,0,0,0,0.0,0.0,0.0,0.0,0.0
1183,1789,290,474,125,True,False,140,140,0,0,0,0.0,0.0,0.0,0.0,0.0
1183,1790,290,474,143,True,True,140,140,8,56,1,0.0,0.0,0.4,0.05714285714285714,0.4
1183,1791,290,474,217,True,True,140,140,15,224,1,0.0,4.0,1.6,0.10714285714285714,1.6
1183,1792,290,474,243,True,False,140,140,0,0,0,0.0,0.0,0.0,0.0,0.0
1183,1793,290,474,261,True,True,140,140,17,136,2,0.0,0.0,0.9714285714285714,0.12142857142857143,0.9714285714285714
1183,1794,290,474,279,True,True,140,140,38,310,3,0.0,2.0,2.2142857142857144,0.2714285714285714,2.2142857142857144
1183,1795,290,474,309,True,False,140,140,0,0,0,0.0,0.0,0.0,0.0,0.0
1183,1796,290,474,317,True,True,140,140,23,140,2,0.0,1.0,1.0,0.16428571428571428,1.0
1183,1797,290,474,321,True,False,140,140,0,0,0,0.0,0.0,0.0,0.0,0.0
1183,1798,290,474,385,True,False,140,140,0,0,0,0.0,0.0,0.0,0.0,0.0
1183,1799,290,474,389,True,False,140,140,0,0,0,0.0,0.0,0.0,0.0,0.0
1183,1800,290,474,402,True,True,140,140,8,56,1,0.0,0.0,0.4,0.05714285714285714,0.4
1184,117,294,21,12,True,False,9,9,0,0,0,0.0,0.0,0.0,0.0,0.0
1184,118,294,21,31,True,False,9,9,0,0,0,0.0,0.0,0.0,0.0,0.0
1184,119,294,21,74,True,True,9,9,1,1,1,0.0,0.0,0.1111111111111111,0.1111111111111111,0.1111111111111111
1184,120,294,21,121,True,True,9,9,6,6,3,0.0,0.0,0.6666666666666666,0.6666666666666666,0.6666666666666666
1184,121,294,21,141,True,True,9,9,9,20,5,0.0,0.0,2.2222222222222223,1.0,2.2222222222222223
1184,122,294,21,156,True,True,9,9,2,2,1,0.0,0.0,0.2222222222222222,0.2222222222222222,0.2222222222222222
1184,123,294,21,186,True,True,9,9,2,2,1,0.0,0.0,0.2222222222222222,0.2222222222222222,0.2222222222222222
1184,124,294,21,248,True,True,9,9,9,14,5,0.0,0.0,1.5555555555555556,1.0,1.5555555555555556
1184,125,294,21,319,True,False,9,9,0,0,0,0.0,0.0,0.0,0.0,0.0
1184,126,294,21,381,True,False,9,9,0,0,0,0.0,0.0,0.0,0.0,0.0
1184,127,294,21,449,True,False,9,9,0,0,0,0.0,0.0,0.0,0.0,0.0
1184,128,294,21,463,True,False,9,9,0,0,0,0.0,0.0,0.0,0.0,0.0
1185,129,294,22,21,True,True,34,34,5,19,1,0.0,3.0,0.5588235294117647,0.14705882352941177,0.5588235294117647
1185,130,294,22,31,True,True,34,34,14,53,2,0.0,1.0,1.5588235294117647,0.4117647058823529,1.5588235294117647
1185,131,294,22,43,True,True,34,34,19,94,2,0.0,2.0,2.764705882352941,0.5588235294117647,2.764705882352941
1185,132,294,22,61,True,True,34,34,14,50,2,0.0,1.0,1.4705882352941178,0.4117647058823529,1.4705882352941178
1185,133,294,22,74,True,False,34,34,0,0,0,0.0,0.0,0.0,0.0,0.0
1185,134,294,22,79,True,False,34,34,0,0,0,0.0,0.0,0.0,0.0,0.0
1185,135,294,22,139,True,False,34,34,0,0,0,0.0,0.0,0.0,0.0,0.0
1185,136,294,22,144,True,False,34,34,0,0,0,0.0,0.0,0.0,0.0,0.0
1185,137,294,22,175,True,True,34,34,6,22,2,0.0,1.0,0.6470588235294118,0.17647058823529413,0.6470588235294118
1185,138,294,22,179,True,True,34,34,19,60,2,0.0,2.0,1.7647058823529411,0.5588235294117647,1.7647058823529411
1185,139,294,22,186,True,True,34,34,9,14,1,0.0,0.0,0.4117647058823529,0.2647058823529412,0.4117647058823529
1185,140,294,22,273,True,False,34,34,0,0,0,0.0,0.0,0.0,0.0,0.0
1186,293,294,61,12,True,False,36,36,0,0,0,0.0,0.0,0.0,0.0,0.0
1186,294,294,61,21,True,True,36,36,13,18,3,0.0,0.0,0.5,0.3611111111111111,0.5
1186,295,294,61,31,True,True,36,36,5,16,1,0.0,0.0,0.4444444444444444,0.1388888888888889,0.4444444444444444
1186,296,294,61,74,True,True,36,36,18,21,6,0.0,0.0,0.5833333333333334,0.5,0.5833333333333334
1186,297,294,61,121,True,False,36,36,0,0,0,0.0,0.0,0.0,0.0,0.0
1186,298,294,61,141,True,True,36,36,31,82,10,0.0,0.0,2.2777777777777777,0.8611111111111112,2.2777777777777777
1186,299,294,61,156,True,True,36,36,7,7,3,0.0,0.0,0.19444444444444445,0.19444444444444445,0.19444444444444445
1186,300,294,61,186,True,True,36,36,23,27,8,0.0,0.0,0.75,0.6388888888888888,0.75
1186,301,294,61,248,True,True,36,36,24,38,6,0.0,0.0,1.0555555555555556,0.6666666666666666,1.0555555555555556
1186,302,294,61,381,True,False,36,36,0,0,0,0.0,0.0,0.0,0.0,0.0
1186,303,294,61,463,True,False,36,36,0,0,0,0.0,0.0,0.0,0.0,0.0
1187,446,294,117,10,True,True,113,113,25,286,3,0.0,4.0,2.5309734513274336,0.22123893805309736,2.5309734513274336
1187,447,294,117,16,True,False,113,113,0,0,0,0.0,0.0,0.0,0.0,0.0
1187,448,294,117,80,True,True,113,113,4,23,1,0.0,1.0,0.20353982300884957,0.035398230088495575,0.20353982300884957
1187,449,294,117,199,True,False,113,113,0,0,0,0.0,0.0,0.0,0.0,0.0
1187,450,294,117,238,True,False,113,113,0,0,0,0.0,0.0,0.0,0.0,0.0
1187,451,294,117,268,True,True,113,113,4,27,1,0.0,3.0,0.23893805309734514,0.035398230088495575,0.23893805309734514
1187,452,294,117,281,True,False,113,113,0,0,0,0.0,0.0,0.0,0.0,0.0
1187,453,294,117,294,True,True,113,113,16,100,3,0.0,0.0,0.8849557522123894,0.1415929203539823,0.8849557522123894
1187,454,294,117,317,True,False,113,113,0,0,0,0.0,0.0,0.0,0.0,0.0
1187,455,294,117,324,True,True,113,113,12,179,1,0.0,4.0,1.584070796460177,0.10619469026548672,1.584070796460177
1187,456,294,117,378,True,True,113,113,15,225,1,1.0,6.0,1.991150442477876,0.13274336283185842,1.991150442477876
1187,457,294,117,383,True,False,113,113,0,0,0,0.0,0.0,0.0,0.0,0.0
1187,458,294,117,387,True,False,113,113,0,0,0,0.0,0.0,0.0,0.0,0.0
1187,459,294,117,455,True,False,113,113,0,0,0,0.0,0.0,0.0,0.0,0.0
1187,460,294,117,462,True,True,113,113,27,169,2,1.0,6.0,1.4955752212389382,0.23893805309734514,1.4955752212389382
1187,461,294,117,494,True,False,113,113,0,0,0,0.0,0.0,0.0,0.0,0.0
1188,537,294,141,2,True,False,12,12,0,0,0,0.0,0.0,0.0,0.0,0.0
1188,538,294,141,12,True,False,12,12,0,0,0,0.0,0.0,0.0,0.0,0.0
1188,539,294,141,22,True,True,12,12,4,5,2,1.0,2.0,0.4166666666666667,0.3333333333333333,0.4166666666666667
1188,540,294,141,74,True,True,12,12,5,8,1,0.0,0.0,0.6666666666666666,0.4166666666666667,0.6666666666666666
1188,541,294,141,121,True,True,12,12,12,38,4,0.0,1.0,3.1666666666666665,1.0,3.1666666666666665
1188,542,294,141,139,True,True,12,12,1,1,1,2.0,2.0,0.08333333333333333,0.08333333333333333,0.08333333333333333
1188,543,294,141,144,True,False,12,12,0,0,0,0.0,0.0,0.0,0.0,0.0
1188,544,294,141,156,True,True,12,12,3,8,1,0.0,1.0,0.6666666666666666,0.25,0.6666666666666666
1188,545,294,141,175,True,True,12,12,8,13,2,0.0,1.0,1.0833333333333333,0.6666666666666666,1.0833333333333333
1188,546,294,141,248,True,True,12,12,12,32,4,0.0,0.5,2.6666666666666665,1.0,2.6666666666666665
1188,547,294,141,273,True,False,12,12,0,0,0,0.0,0.0,0.0,0.0,0.0
1189,703,294,169,13,True,False,125,125,0,0,0,0.0,0.0,0.0,0.0,0.0
1189,704,294,169,21,True,True,125,125,22,70,2,0.0,2.0,0.56,0.176,0.56
1189,705,294,169,39,True,False,125,125,0,0,0,0.0,0.0,0.0,0.0,0.0
1189,706,294,169,61,True,True,125,125,55,196,6,0.0,2.0,1.568,0.44,1.568
1189,707,294,169,129,True,True,125,125,27,144,2,0.0,2.0,1.152,0.216,1.152
1189,708,294,169,139,True,False,125,125,0,0,0,0.0,0.0,0.0,0.0,0.0
1189,709,294,169,141,True,True,125,125,98,396,9,0.0,3.0,3.168,0.784,3.168
1189,710,294,169,156,True,True,125,125,24,24,2,1.0,3.5,0.192,0.192,0.192
1189,711,294,169,179,True,True,125,125,12,26,1,0.0,1.0,0.208,0.096,0.208
1189,712,294,169,186,True,True,125,125,72,247,6,0.0,2.0,1.976,0.576,1.976
1189,713,294,169,199,True,False,125,125,0,0,0,0.0,0.0,0.0,0.0,0.0
1189,714,294,169,248,True,True,125,125,19,19,2,2.0,4.0,0.152,0.152,0.152
1189,715,294,169,383,True,False,125,125,0,0,0,0.0,0.0,0.0,0.0,0.0
1189,716,294,169,433,True,False,125,125,0,0,0,0.0,0.0,0.0,0.0,0.0
1189,717,294,169,455,True,True,125,125,13,33,2,0.0,1.0,0.264,0.104,0.264
1189,718,294,169,508,True,False,125,125,0,0,0,0.0,0.0,0.0,0.0,0.0
1190,758,294,175,2,True,False,13,13,0,0,0,0.0,0.0,0.0,0.0,0.0
1190,759,294,175,21,True,False,13,13,0,0,0,0.0,0.0,0.0,0.0,0.0
1190,760,294,175,31,True,True,13,13,5,14,1,0.0,2.0,1.0769230769230769,0.38461538461538464,1.0769230769230769
1190,761,294,175,43,True,True,13,13,8,29,2,0.0,2.0,2.230769230769231,0.6153846153846154,2.230769230769231
1190,762,294,175,61,True,True,13,13,5,19,1,0.0,2.0,1.4615384615384615,0.38461538461538464,1.4615384615384615
1190,763,294,175,74,True,True,13,13,5,15,1,0.0,3.0,1.1538461538461537,0.38461538461538464,1.1538461538461537
1190,764,294,175,80,True,False,13,13,0,0,0,0.0,0.0,0.0,0.0,0.0
1190,765,294,175,126,True,False,13,13,0,0,0,0.0,0.0,0.0,0.0,0.0
1190,766,294,175,139,True,False,13,13,0,0,0,0.0,0.0,0.0,0.0,0.0
1190,767,294,175,179,True,True,13,13,5,15,1,1.0,4.0,1.1538461538461537,0.38461538461538464,1.1538461538461537
1190,768,294,175,186,True,True,13,13,5,17,1,0.0,2.0,1.3076923076923077,0.38461538461538464,1.3076923076923077
1190,769,294,175,248,True,False,13,13,0,0,0,0.0,0.0,0.0,0.0,0.0
1190,770,294,175,258,True,False,13,13,0,0,0,0.0,0.0,0.0,0.0,0.0
1190,771,294,175,273,True,False,13,13,0,0,0,0.0,0.0,0.0,0.0,0.0
1190,772,294,175,311,True,False,13,13,0,0,0,0.0,0.0,0.0,0.0,0.0
1190,773,294,175,390,True,False,13,13,0,0,0,0.0,0.0,0.0,0.0,0.0
1190,774,294,175,415,True,False,13,13,0,0,0,0.0,0.0,0.0,0.0,0.0
1190,775,294,175,488,True,False,13,13,0,0,0,0.0,0.0,0.0,0.0,0.0
1191,780,294,179,13,True,True,13,13,8,9,4,0.0,0.0,0.6923076923076923,0.6153846153846154,0.6923076923076923
1191,781,294,179,34,True,True,13,13,4,4,1,0.0,0.0,0.3076923076923077,0.3076923076923077,0.3076923076923077
1191,782,294,179,43,True,False,13,13,0,0,0,0.0,0.0,0.0,0.0,0.0
1191,783,294,179,129,True,True,13,13,8,21,4,0.0,0.0,1.6153846153846154,0.6153846153846154,1.6153846153846154
1191,784,294,179,245,True,False,13,13,0,0,0,0.0,0.0,0.0,0.0,0.0
1191,785,294,179,253,True,False,13,13,0,0,0,0.0,0.0,0.0,0.0,0.0
1191,786,294,179,256,True,False,13,13,0,0,0,0.0,0.0,0.0,0.0,0.0
1191,787,294,179,313,True,True,13,13,5,14,2,0.0,0.0,1.0769230769230769,0.38461538461538464,1.0769230769230769
1191,788,294,179,353,True,False,13,13,0,0,0,0.0,0.0,0.0,0.0,0.0
1191,789,294,179,472,True,True,13,13,10,14,4,0.0,0.0,1.0769230769230769,0.7692307692307693,1.0769230769230769
1191,790,294,179,488,True,False,13,13,0,0,0,0.0,0.0,0.0,0.0,0.0
1192,808,294,186,12,True,False,14,14,0,0,0,0.0,0.0,0.0,0.0,0.0
1192,809,294,186,21,True,False,14,14,0,0,0,0.0,0.0,0.0,0.0,0.0
1192,810,294,186,31,True,True,14,14,1,2,1,0.0,0.0,0.14285714285714285,0.07142857142857142,0.14285714285714285
1192,811,294,186,74,True,True,14,14,8,8,4,0.0,0.0,0.5714285714285714,0.5714285714285714,0.5714285714285714
1192,812,294,186,121,True,True,14,14,6,7,3,0.0,0.0,0.5,0.42857142857142855,0.5
1192,813,294,186,141,True,True,14,14,13,31,7,0.0,0.0,2.2142857142857144,0.9285714285714286,2.2142857142857144
1192,814,294,186,156,True,True,14,14,5,5,3,0.0,0.0,0.35714285714285715,0.35714285714285715,0.35714285714285715
1192,815,294,186,248,True,True,14,14,14,18,8,0.0,0.0,1.2857142857142858,1.0,1.2857142857142858
1192,816,294,186,319,True,False,14,14,0,0,0,0.0,0.0,0.0,0.0,0.0
1192,817,294,186,381,True,False,14,14,0,0,0,0.0,0.0,0.0,0.0,0.0
1192,818,294,186,449,True,False,14,14,0,0,0,0.0,0.0,0.0,0.0,0.0
1192,819,294,186,463,True,True,14,14,1,1,1,0.0,0.0,0.07142857142857142,0.07142857142857142,0.07142857142857142
1193,1153,294,281,13,True,True,164,164,14,14,1,0.0,2.0,0.08536585365853659,0.08536585365853659,0.08536585365853659
1193,1154,294,281,21,True,True,164,164,58,181,5,0.0,2.0,1.103658536585366,0.35365853658536583,1.103658536585366
1193,1155,294,281,61,True,True,164,164,88,315,6,0.0,2.0,1.920731707317073,0.5365853658536586,1.920731707317073
1193,1156,294,281,74,True,True,164,164,40,40,3,0.0,2.0,0.24390243902439024,0.24390243902439024,0.24390243902439024
1193,1157,294,281,117,True,False,164,164,0,0,0,0.0,0.0,0.0,0.0,0.0
1193,1158,294,281,141,True,True,164,164,114,433,8,0.0,2.0,2.6402439024390243,0.6951219512195121,2.6402439024390243
1193,1159,294,281,179,True,True,164,164,31,88,3,0.0,1.0,0.5365853658536586,0.18902439024390244,0.5365853658536586
1193,1160,294,281,186,True,True,164,164,71,337,5,0.0,2.0,2.0548780487804876,0.4329268292682927,2.0548780487804876
1193,1161,294,281,199,True,False,164,164,0,0,0,0.0,0.0,0.0,0.0,0.0
1193,1162,294,281,313,True,True,164,164,50,208,5,0.0,2.0,1.2682926829268293,0.3048780487804878,1.2682926829268293
1193,1163,294,281,387,True,False,164,164,0,0,0,0.0,0.0,0.0,0.0,0.0
1194,1252,294,313,6,True,False,8,8,0,0,0,0.0,0.0,0.0,0.0,0.0
1194,1253,294,313,13,True,True,8,8,1,3,1,0.0,1.0,0.375,0.125,0.375
1194,1254,294,313,34,True,True,8,8,8,19,3,0.0,1.0,2.375,1.0,2.375
1194,1255,294,313,43,True,False,8,8,0,0,0,0.0,0.0,0.0,0.0,0.0
1194,1256,294,313,243,True,False,8,8,0,0,0,0.0,0.0,0.0,0.0,0.0
1194,1257,294,313,256,True,False,8,8,0,0,0,0.0,0.0,0.0,0.0,0.0
1194,1258,294,313,281,True,False,8,8,0,0,0,0.0,0.0,0.0,0.0,0.0
1194,1259,294,313,353,True,False,8,8,0,0,0,0.0,0.0,0.0,0.0,0.0
1194,1260,294,313,361,True,True,8,8,8,20,3,0.0,1.0,2.5,1.0,2.5
1194,1261,294,313,455,True,False,8,8,0,0,0,0.0,0.0,0.0,0.0,0.0
1194,1262,294,313,472,True,True,8,8,8,40,3,0.0,1.0,5.0,1.0,5.0
1195,1687,294,433,13,True,False,85,85,0,0,0,0.0,0.0,0.0,0.0,0.0
1195,1688,294,433,21,True,True,85,85,19,54,3,0.0,3.5,0.6352941176470588,0.2235294117647059,0.6352941176470588
1195,1689,294,433,39,True,False,85,85,0,0,0,0.0,0.0,0.0,0.0,0.0
1195,1690,294,433,61,True,True,85,85,39,127,4,0.0,2.0,1.4941176470588236,0.4588235294117647,1.4941176470588236
1195,1691,294,433,74,True,True,85,85,5,5,1,5.0,7.0,0.058823529411764705,0.058823529411764705,0.058823529411764705
1195,1692,294,433,129,True,False,85,85,0,0,0,0.0,0.0,0.0,0.0,0.0
1195,1693,294,433,141,True,True,85,85,37,86,4,0.0,2.0,1.011764705882353,0.43529411764705883,1.011764705882353
1195,1694,294,433,156,True,True,85,85,9,9,1,0.0,1.0,0.10588235294117647,0.10588235294117647,0.10588235294117647
1195,1695,294,433,169,True,True,85,85,23,114,2,0.0,2.0,1.3411764705882352,0.27058823529411763,1.3411764705882352
1195,1696,294,433,179,True,True,85,85,22,55,2,0.0,1.0,0.6470588235294118,0.25882352941176473,0.6470588235294118
1195,1697,294,433,186,True,True,85,85,43,136,4,0.0,1.0,1.6,0.5058823529411764,1.6
1195,1698,294,433,199,True,False,85,85,0,0,0,0.0,0.0,0.0,0.0,0.0
1195,1699,294,433,245,True,True,85,85,32,148,4,0.0,2.0,1.7411764705882353,0.3764705882352941,1.7411764705882353
1195,1700,294,433,248,True,False,85,85,0,0,0,0.0,0.0,0.0,0.0,0.0
1195,1701,294,433,381,True,True,85,85,10,50,2,1.0,5.0,0.5882352941176471,0.11764705882352941,0.5882352941176471
1195,1702,294,433,508,True,False,85,85,0,0,0,0.0,0.0,0.0,0.0,0.0
1196,1726,294,455,13,True,True,199,199,12,12,1,0.0,1.0,0.06030150753768844,0.06030150753768844,0.06030150753768844
1196,1727,294,455,21,True,True,199,199,55,178,4,0.0,2.0,0.8944723618090452,0.27638190954773867,0.8944723618090452
1196,1728,294,455,39,True,False,199,199,0,0,0,0.0,0.0,0.0,0.0,0.0
1196,1729,294,455,61,True,True,199,199,71,260,6,0.0,1.0,1.306532663316583,0.35678391959798994,1.306532663316583
1196,1730,294,455,74,True,True,199,199,12,12,1,0.0,1.0,0.06030150753768844,0.06030150753768844,0.06030150753768844
1196,1731,294,455,117,True,False,199,199,0,0,0,0.0,0.0,0.0,0.0,0.0
1196,1732,294,455,129,True,True,199,199,43,218,4,0.0,3.0,1.0954773869346734,0.21608040201005024,1.0954773869346734
1196,1733,294,455,141,True,True,199,199,96,375,8,0.0,2.0,1.8844221105527639,0.4824120603015075,1.8844221105527639
1196,1734,294,455,169,True,True,199,199,11,84,1,0.0,1.0,0.4221105527638191,0.05527638190954774,0.4221105527638191
1196,1735,294,455,179,True,True,199,199,49,120,4,0.0,1.0,0.6030150753768844,0.24623115577889448,0.6030150753768844
1196,1736,294,455,186,True,True,199,199,57,156,5,0.0,2.0,0.7839195979899497,0.2864321608040201,0.7839195979899497
1196,1737,294,455,199,True,False,199,199,0,0,0,0.0,0.0,0.0,0.0,0.0
1196,1738,294,455,248,True,True,199,199,15,15,1,0.0,3.0,0.07537688442211055,0.07537688442211055,0.07537688442211055
1196,1739,294,455,281,True,False,199,199,0,0,0,0.0,0.0,0.0,0.0,0.0
1196,1740,294,455,313,True,True,199,199,49,196,5,0.0,1.0,0.9849246231155779,0.24623115577889448,0.9849246231155779
1196,1741,294,455,317,True,False,199,199,0,0,0,0.0,0.0,0.0,0.0,0.0
1196,1742,294,455,383,True,False,199,199,0,0,0,0.0,0.0,0.0,0.0,0.0
1196,1743,294,455,508,True,False,199,199,0,0,0,0.0,0.0,0.0,0.0,0.0
1197,366,296,84,24,True,True,203,203,1,4,1,10.0,10.0,0.019704433497536946,0.0049261083743842365,0.019704433497536946
1197,367,296,84,58,True,True,203,203,9,9,2,8.0,9.0,0.04433497536945813,0.04433497536945813,0.04433497536945813
1197,368,296,84,115,True,True,203,203,41,498,7,2.0,8.0,2.4532019704433496,0.2019704433497537,2.4532019704433496
1197,369,296,84,316,True,False,203,203,0,0,0,0.0,0.0,0.0,0.0,0.0
1197,370,296,84,385,True,True,203,203,19,99,3,1.0,5.0,0.4876847290640394,0.09359605911330049,0.4876847290640394
1197,371,296,84,389,True,True,203,203,3,45,1,4.0,8.0,0.22167487684729065,0.014778325123152709,0.22167487684729065
1197,372,296,84,402,True,True,203,203,72,495,11,0.0,3.0,2.438423645320197,0.35467980295566504,2.438423645320197
1197,373,296,84,474,True,True,203,203,22,166,4,0.0,4.0,0.8177339901477833,0.10837438423645321,0.8177339901477833
1198,387,296,98,84,True,True,212,212,15,65,1,0.0,2.0,0.30660377358490565,0.07075471698113207,0.30660377358490565
1198,388,296,98,85,True,True,212,212,15,210,1,0.0,5.0,0.9905660377358491,0.07075471698113207,0.9905660377358491
1198,389,296,98,240,True,True,212,212,38,213,3,0.0,2.0,1.0047169811320755,0.1792452830188679,1.0047169811320755
1198,390,296,98,252,True,False,212,212,0,0,0,0.0,0.0,0.0,0.0,0.0
1198,391,296,98,402,True,True,212,212,41,272,4,0.0,4.0,1.2830188679245282,0.19339622641509435,1.2830188679245282
1199,582,296,147,6,True,False,15,15,0,0,0,0.0,0.0,0.0,0.0,0.0
1199,583,296,147,24,True,False,15,15,0,0,0,0.0,0.0,0.0,0.0,0.0
1199,584,296,147,217,True,False,15,15,0,0,0,0.0,0.0,0.0,0.0,0.0
1199,585,296,147,227,True,False,15,15,0,0,0,0.0,0.0,0.0,0.0,0.0
1199,586,296,147,309,True,False,15,15,0,0,0,0.0,0.0,0.0,0.0,0.0
1199,587,296,147,316,True,True,15,15,3,3,1,4.0,5.0,0.2,0.2,0.2
1199,588,296,147,387,True,False,15,15,0,0,0,0.0,0.0,0.0,0.0,0.0
1199,589,296,147,402,True,True,15,15,6,49,2,0.0,4.0,3.2666666666666666,0.4,3.2666666666666666
1199,590,296,147,474,True,False,15,15,0,0,0,0.0,0.0,0.0,0.0,0.0
1200,868,296,208,84,True,True,407,407,234,1535,26,0.0,0.0,3.7714987714987713,0.5749385749385749,3.7714987714987713
1200,869,296,208,98,True,True,407,407,137,804,10,0.0,0.0,1.9754299754299753,0.3366093366093366,1.9754299754299753
1200,870,296,208,133,True,False,407,407,0,0,0,0.0,0.0,0.0,0.0,0.0
1200,871,296,208,143,True,False,407,407,0,0,0,0.0,0.0,0.0,0.0,0.0
1200,872,296,208,147,True,True,407,407,12,51,4,0.0,0.0,0.12530712530712532,0.029484029484029485,0.12530712530712532
1200,873,296,208,240,True,True,407,407,36,216,3,0.0,0.0,0.5307125307125307,0.08845208845208845,0.5307125307125307
1200,874,296,208,247,True,False,407,407,0,0,0,0.0,0.0,0.0,0.0,0.0
1200,875,296,208,402,True,True,407,407,18,32,2,0.0,0.0,0.07862407862407862,0.044226044226044224,0.07862407862407862
1200,876,296,208,432,True,False,407,407,0,0,0,0.0,0.0,0.0,0.0,0.0
1201,942,296,240,85,True,False,41,41,0,0,0,0.0,0.0,0.0,0.0,0.0
1201,943,296,240,98,True,True,41,41,10,36,1,5.0,8.0,0.8780487804878049,0.24390243902439024,0.8780487804878049
1201,944,296,240,208,True,False,41,41,0,0,0,0.0,0.0,0.0,0.0,0.0
1201,945,296,240,296,True,False,41,41,0,0,0,0.0,0.0,0.0,0.0,0.0
1202,0,297,1,56,True,False,7,7,0,0,0,0.0,0.0,0.0,0.0,0.0
1202,1,297,1,196,True,False,7,7,0,0,0,0.0,0.0,0.0,0.0,0.0
1202,2,297,1,203,True,False,7,7,0,0,0,0.0,0.0,0.0,0.0,0.0
1202,3,297,1,207,True,True,7,7,4,4,1,0.0,0.0,0.5714285714285714,0.5714285714285714,0.5714285714285714
1202,4,297,1,222,True,True,7,7,7,25,2,0.0,0.0,3.5714285714285716,1.0,3.5714285714285716
1202,5,297,1,263,True,False,7,7,0,0,0,0.0,0.0,0.0,0.0,0.0
1202,6,297,1,271,True,False,7,7,0,0,0,0.0,0.0,0.0,0.0,0.0
1202,7,297,1,297,True,True,7,7,3,3,1,0.0,0.0,0.42857142857142855,0.42857142857142855,0.42857142857142855
1202,8,297,1,299,True,False,7,7,0,0,0,0.0,0.0,0.0,0.0,0.0
1202,9,297,1,303,True,False,7,7,0,0,0,0.0,0.0,0.0,0.0,0.0
1202,10,297,1,355,True,False,7,7,0,0,0,0.0,0.0,0.0,0.0,0.0
1202,11,297,1,362,True,False,7,7,0,0,0,0.0,0.0,0.0,0.0,0.0
1202,12,297,1,429,True,False,7,7,0,0,0,0.0,0.0,0.0,0.0,0.0
1203,246,297,42,8,True,True,79,79,5,50,1,0.0,1.0,0.6329113924050633,0.06329113924050633,0.6329113924050633
1203,247,297,42,10,True,False,79,79,0,0,0,0.0,0.0,0.0,0.0,0.0
1203,248,297,42,149,True,True,79,79,15,204,2,0.0,2.0,2.5822784810126582,0.189873417721519,2.5822784810126582
1203,249,297,42,151,True,True,79,79,33,271,4,0.0,1.0,3.430379746835443,0.4177215189873418,3.430379746835443
1203,250,297,42,258,True,True,79,79,37,257,3,0.0,2.0,3.2531645569620253,0.46835443037974683,3.2531645569620253
1203,251,297,42,390,True,True,79,79,15,155,3,0.0,8.0,1.9620253164556962,0.189873417721519,1.9620253164556962
1203,252,297,42,405,True,True,79,79,5,65,1,0.0,2.0,0.8227848101265823,0.06329113924050633,0.8227848101265823
1203,253,297,42,415,True,False,79,79,0,0,0,0.0,0.0,0.0,0.0,0.0
1204,271,297,56,7,True,False,20,20,0,0,0,0.0,0.0,0.0,0.0,0.0
1204,272,297,56,143,True,False,20,20,0,0,0,0.0,0.0,0.0,0.0,0.0
1204,273,297,56,167,True,True,20,20,10,10,1,0.0,2.0,0.5,0.5,0.5
1204,274,297,56,207,True,False,20,20,0,0,0,0.0,0.0,0.0,0.0,0.0
1204,275,297,56,263,True,False,20,20,0,0,0,0.0,0.0,0.0,0.0,0.0
1204,276,297,56,415,True,False,20,20,0,0,0,0.0,0.0,0.0,0.0,0.0
1204,277,297,56,440,True,False,20,20,0,0,0,0.0,0.0,0.0,0.0,0.0
1204,278,297,56,509,True,False,20,20,0,0,0,0.0,0.0,0.0,0.0,0.0
1205,304,297,63,8,True,True,90,90,16,193,2,0.0,2.0,2.1444444444444444,0.17777777777777778,2.1444444444444444
1205,305,297,63,42,True,True,90,90,17,103,2,0.0,0.0,1.1444444444444444,0.18888888888888888,1.1444444444444444
1205,306,297,63,80,True,False,90,90,0,0,0,0.0,0.0,0.0,0.0,0.0
1205,307,297,63,118,True,False,90,90,0,0,0,0.0,0.0,0.0,0.0,0.0
1205,308,297,63,138,True,False,90,90,0,0,0,0.0,0.0,0.0,0.0,0.0
1205,309,297,63,146,True,False,90,90,0,0,0,0.0,0.0,0.0,0.0,0.0
1205,310,297,63,149,True,False,90,90,0,0,0,0.0,0.0,0.0,0.0,0.0
1205,311,297,63,151,True,True,90,90,51,559,4,0.0,1.0,6.211111111111111,0.5666666666666667,6.211111111111111
1205,312,297,63,230,True,True,90,90,7,91,2,0.0,3.0,1.011111111111111,0.07777777777777778,1.011111111111111
1205,313,297,63,238,True,False,90,90,0,0,0,0.0,0.0,0.0,0.0,0.0
1205,314,297,63,258,True,False,90,90,0,0,0,0.0,0.0,0.0,0.0,0.0
1205,315,297,63,311,True,False,90,90,0,0,0,0.0,0.0,0.0,0.0,0.0
1205,316,297,63,390,True,True,90,90,13,43,2,0.0,1.0,0.4777777777777778,0.14444444444444443,0.4777777777777778
1205,317,297,63,415,True,False,90,90,0,0,0,0.0,0.0,0.0,0.0,0.0
1206,417,297,112,140,True,False,3,3,0,0,0,0.0,0.0,0.0,0.0,0.0
1206,418,297,112,213,True,False,3,3,0,0,0,0.0,0.0,0.0,0.0,0.0
1206,419,297,112,259,True,False,3,3,0,0,0,0.0,0.0,0.0,0.0,0.0
1206,420,297,112,297,True,True,3,3,3,8,2,0.0,0.0,2.6666666666666665,1.0,2.6666666666666665
1206,421,297,112,324,True,False,3,3,0,0,0,0.0,0.0,0.0,0.0,0.0
1206,422,297,112,378,True,False,3,3,0,0,0,0.0,0.0,0.0,0.0,0.0
1206,423,297,112,382,True,False,3,3,0,0,0,0.0,0.0,0.0,0.0,0.0
1206,424,297,112,497,True,False,3,3,0,0,0,0.0,0.0,0.0,0.0,0.0
1207,462,297,118,63,True,True,9,9,9,60,2,0.0,0.0,6.666666666666667,1.0,6.666666666666667
1207,463,297,118,340,True,False,9,9,0,0,0,0.0,0.0,0.0,0.0,0.0
1208,605,297,151,8,True,False,10,10,0,0,0,0.0,0.0,0.0,0.0,0.0
1208,606,297,151,10,True,False,10,10,0,0,0,0.0,0.0,0.0,0.0,0.0
1208,607,297,151,22,True,False,10,10,0,0,0,0.0,0.0,0.0,0.0,0.0
1208,608,297,151,79,True,False,10,10,0,0,0,0.0,0.0,0.0,0.0,0.0
1208,609,297,151,80,True,True,10,10,1,15,1,2.0,5.0,1.5,0.1,1.5
1208,610,297,151,117,True,True,10,10,1,6,1,2.0,3.5,0.6,0.1,0.6
1208,611,297,151,149,True,True,10,10,3,23,3,3.0,6.0,2.3,0.3,2.3
1208,612,297,151,171,True,False,10,10,0,0,0,0.0,0.0,0.0,0.0,0.0
1208,613,297,151,184,True,False,10,10,0,0,0,0.0,0.0,0.0,0.0,0.0
1208,614,297,151,230,True,False,10,10,0,0,0,0.0,0.0,0.0,0.0,0.0
1208,615,297,151,258,True,True,10,10,1,11,1,0.0,1.0,1.1,0.1,1.1
1208,616,297,151,268,True,True,10,10,1,3,1,5.0,6.0,0.3,0.1,0.3
1208,617,297,151,311,True,True,10,10,1,5,1,2.0,4.0,0.5,0.1,0.5
1208,618,297,151,390,True,True,10,10,6,45,4,0.0,3.0,4.5,0.6,4.5
1208,619,297,151,494,True,True,10,10,1,9,1,0.0,2.0,0.9,0.1,0.9
1209,665,297,163,259,True,True,26,26,13,17,4,0.0,0.0,0.6538461538461539,0.5,0.6538461538461539
1209,666,297,163,288,True,False,26,26,0,0,0,0.0,0.0,0.0,0.0,0.0
1209,667,297,163,371,True,False,26,26,0,0,0,0.0,0.0,0.0,0.0,0.0
1209,668,297,163,410,True,False,26,26,0,0,0,0.0,0.0,0.0,0.0,0.0
1210,889,297,222,1,True,False,38,38,0,0,0,0.0,0.0,0.0,0.0,0.0
1210,890,297,222,56,True,True,38,38,10,40,2,0.0,0.0,1.0526315789473684,0.2631578947368421,1.0526315789473684
1210,891,297,222,207,True,True,38,38,10,105,1,0.0,1.0,2.763157894736842,0.2631578947368421,2.763157894736842
1210,892,297,222,263,True,True,38,38,18,18,2,0.0,1.0,0.47368421052631576,0.47368421052631576,0.47368421052631576
1210,893,297,222,355,True,False,38,38,0,0,0,0.0,0.0,0.0,0.0,0.0
1210,894,297,222,410,True,False,38,38,0,0,0,0.0,0.0,0.0,0.0,0.0
1210,895,297,222,415,True,False,38,38,0,0,0,0.0,0.0,0.0,0.0,0.0
1210,896,297,222,429,True,False,38,38,0,0,0,0.0,0.0,0.0,0.0,0.0
1211,1049,297,259,1,True,False,4,4,0,0,0,0.0,0.0,0.0,0.0,0.0
1211,1050,297,259,30,True,False,4,4,0,0,0,0.0,0.0,0.0,0.0,0.0
1211,1051,297,259,109,True,False,4,4,0,0,0,0.0,0.0,0.0,0.0,0.0
1211,1052,297,259,146,True,False,4,4,0,0,0,0.0,0.0,0.0,0.0,0.0
1211,1053,297,259,149,True,False,4,4,0,0,0,0.0,0.0,0.0,0.0,0.0
1211,1054,297,259,163,True,False,4,4,0,0,0,0.0,0.0,0.0,0.0,0.0
1211,1055,297,259,247,True,False,4,4,0,0,0,0.0,0.0,0.0,0.0,0.0
1211,1056,297,259,252,True,False,4,4,0,0,0,0.0,0.0,0.0,0.0,0.0
1211,1057,297,259,263,True,False,4,4,0,0,0,0.0,0.0,0.0,0.0,0.0
1211,1058,297,259,288,True,False,4,4,0,0,0,0.0,0.0,0.0,0.0,0.0
1211,1059,297,259,297,True,False,4,4,0,0,0,0.0,0.0,0.0,0.0,0.0
1211,1060,297,259,328,True,True,4,4,3,20,1,0.0,0.0,5.0,0.75,5.0
1211,1061,297,259,346,True,False,4,4,0,0,0,0.0,0.0,0.0,0.0,0.0
1211,1062,297,259,352,True,False,4,4,0,0,0,0.0,0.0,0.0,0.0,0.0
1211,1063,297,259,371,True,False,4,4,0,0,0,0.0,0.0,0.0,0.0,0.0
1211,1064,297,259,382,True,True,4,4,1,7,1,0.0,1.0,1.75,0.25,1.75
1211,1065,297,259,398,True,False,4,4,0,0,0,0.0,0.0,0.0,0.0,0.0
1211,1066,297,259,404,True,False,4,4,0,0,0,0.0,0.0,0.0,0.0,0.0
1211,1067,297,259,405,True,False,4,4,0,0,0,0.0,0.0,0.0,0.0,0.0
1211,1068,297,259,410,True,False,4,4,0,0,0,0.0,0.0,0.0,0.0,0.0
1211,1069,297,259,494,True,True,4,4,3,3,1,0.0,1.0,0.75,0.75,0.75
1212,1108,297,271,1,True,False,56,56,0,0,0,0.0,0.0,0.0,0.0,0.0
1212,1109,297,271,28,True,False,56,56,0,0,0,0.0,0.0,0.0,0.0,0.0
1212,1110,297,271,42,True,True,56,56,24,101,12,0.0,7.0,1.8035714285714286,0.42857142857142855,1.8035714285714286
1212,1111,297,271,56,True,True,56,56,7,54,2,0.0,5.5,0.9642857142857143,0.125,0.9642857142857143
1212,1112,297,271,63,True,False,56,56,0,0,0,0.0,0.0,0.0,0.0,0.0
1212,1113,297,271,146,True,False,56,56,0,0,0,0.0,0.0,0.0,0.0,0.0
1212,1114,297,271,164,True,False,56,56,0,0,0,0.0,0.0,0.0,0.0,0.0
1212,1115,297,271,171,True,True,56,56,2,2,1,7.0,7.0,0.03571428571428571,0.03571428571428571,0.03571428571428571
1212,1116,297,271,173,True,True,56,56,8,25,3,0.0,1.0,0.44642857142857145,0.14285714285714285,0.44642857142857145
1212,1117,297,271,180,True,False,56,56,0,0,0,0.0,0.0,0.0,0.0,0.0
1212,1118,297,271,196,True,False,56,56,0,0,0,0.0,0.0,0.0,0.0,0.0
1212,1119,297,271,207,True,False,56,56,0,0,0,0.0,0.0,0.0,0.0,0.0
1212,1120,297,271,222,True,True,56,56,5,41,1,0.0,2.0,0.7321428571428571,0.08928571428571429,0.7321428571428571
1212,1121,297,271,297,True,True,56,56,9,9,4,0.0,6.0,0.16071428571428573,0.16071428571428573,0.16071428571428573
1212,1122,297,271,355,True,False,56,56,0,0,0,0.0,0.0,0.0,0.0,0.0
1212,1123,297,271,369,True,False,56,56,0,0,0,0.0,0.0,0.0,0.0,0.0
1212,1124,297,271,410,True,True,56,56,2,3,2,0.0,0.0,0.05357142857142857,0.03571428571428571,0.05357142857142857
1212,1125,297,271,429,True,False,56,56,0,0,0,0.0,0.0,0.0,0.0,0.0
1213,1454,297,371,39,True,False,8,8,0,0,0,0.0,0.0,0.0,0.0,0.0
1213,1455,297,371,126,True,False,8,8,0,0,0,0.0,0.0,0.0,0.0,0.0
1213,1456,297,371,146,True,False,8,8,0,0,0,0.0,0.0,0.0,0.0,0.0
1213,1457,297,371,163,True,True,8,8,6,6,2,0.0,0.0,0.75,0.75,0.75
1213,1458,297,371,247,True,False,8,8,0,0,0,0.0,0.0,0.0,0.0,0.0
1213,1459,297,371,252,True,False,8,8,0,0,0,0.0,0.0,0.0,0.0,0.0
1213,1460,297,371,259,True,True,8,8,2,4,1,0.0,0.0,0.5,0.25,0.5
1213,1461,297,371,385,True,False,8,8,0,0,0,0.0,0.0,0.0,0.0,0.0
1214,1493,297,382,10,True,True,63,63,6,85,1,0.0,2.0,1.3492063492063493,0.09523809523809523,1.3492063492063493
1214,1494,297,382,30,True,False,63,63,0,0,0,0.0,0.0,0.0,0.0,0.0
1214,1495,297,382,42,True,False,63,63,0,0,0,0.0,0.0,0.0,0.0,0.0
1214,1496,297,382,151,True,True,63,63,19,205,2,0.0,1.0,3.253968253968254,0.30158730158730157,3.253968253968254
1214,1497,297,382,238,True,True,63,63,20,261,2,0.0,4.0,4.142857142857143,0.31746031746031744,4.142857142857143
1214,1498,297,382,294,True,False,63,63,0,0,0,0.0,0.0,0.0,0.0,0.0
1214,1499,297,382,324,True,False,63,63,0,0,0,0.0,0.0,0.0,0.0,0.0
1214,1500,297,382,378,True,False,63,63,0,0,0,0.0,0.0,0.0,0.0,0.0
1214,1501,297,382,387,True,True,63,63,5,5,1,0.0,2.0,0.07936507936507936,0.07936507936507936,0.07936507936507936
1214,1502,297,382,404,True,False,63,63,0,0,0,0.0,0.0,0.0,0.0,0.0
1214,1503,297,382,405,True,True,63,63,6,75,1,0.0,1.0,1.1904761904761905,0.09523809523809523,1.1904761904761905
1214,1504,297,382,415,True,False,63,63,0,0,0,0.0,0.0,0.0,0.0,0.0
1215,1629,297,410,146,True,False,4,4,0,0,0,0.0,0.0,0.0,0.0,0.0
1215,1630,297,410,151,True,True,4,4,2,4,1,0.0,0.0,1.0,0.5,1.0
1215,1631,297,410,164,True,False,4,4,0,0,0,0.0,0.0,0.0,0.0,0.0
1215,1632,297,410,180,True,False,4,4,0,0,0,0.0,0.0,0.0,0.0,0.0
1215,1633,297,410,205,True,False,4,4,0,0,0,0.0,0.0,0.0,0.0,0.0
1215,1634,297,410,207,True,False,4,4,0,0,0,0.0,0.0,0.0,0.0,0.0
1215,1635,297,410,271,True,False,4,4,0,0,0,0.0,0.0,0.0,0.0,0.0
1215,1636,297,410,297,True,True,4,4,1,4,1,0.0,4.0,1.0,0.25,1.0
1215,1637,297,410,355,True,False,4,4,0,0,0,0.0,0.0,0.0,0.0,0.0
1215,1638,297,410,369,True,False,4,4,0,0,0,0.0,0.0,0.0,0.0,0.0
1215,1639,297,410,405,True,False,4,4,0,0,0,0.0,0.0,0.0,0.0,0.0
1215,1640,297,410,414,True,True,4,4,2,6,1,0.0,0.0,1.5,0.5,1.5
1215,1641,297,410,429,True,False,4,4,0,0,0,0.0,0.0,0.0,0.0,0.0
1215,1642,297,410,485,True,False,4,4,0,0,0,0.0,0.0,0.0,0.0,0.0
1216,1643,297,414,8,True,False,23,23,0,0,0,0.0,0.0,0.0,0.0,0.0
1216,1644,297,414,146,True,False,23,23,0,0,0,0.0,0.0,0.0,0.0,0.0
1216,1645,297,414,151,True,True,23,23,14,132,2,0.0,1.0,5.739130434782608,0.6086956521739131,5.739130434782608
1216,1646,297,414,161,True,False,23,23,0,0,0,0.0,0.0,0.0,0.0,0.0
1216,1647,297,414,167,True,False,23,23,0,0,0,0.0,0.0,0.0,0.0,0.0
1216,1648,297,414,230,True,False,23,23,0,0,0,0.0,0.0,0.0,0.0,0.0
1216,1649,297,414,375,True,False,23,23,0,0,0,0.0,0.0,0.0,0.0,0.0
1216,1650,297,414,485,True,True,23,23,6,52,1,0.0,1.0,2.260869565217391,0.2608695652173913,2.260869565217391
1217,1862,297,497,26,True,False,18,18,0,0,0,0.0,0.0,0.0,0.0,0.0
1217,1863,297,497,46,True,False,18,18,0,0,0,0.0,0.0,0.0,0.0,0.0
1217,1864,297,497,112,True,False,18,18,0,0,0,0.0,0.0,0.0,0.0,0.0
1217,1865,297,497,213,True,False,18,18,0,0,0,0.0,0.0,0.0,0.0,0.0
1217,1866,297,497,324,True,False,18,18,0,0,0,0.0,0.0,0.0,0.0,0.0
1217,1867,297,497,382,True,True,18,18,9,65,1,0.0,0.0,3.611111111111111,0.5,3.611111111111111
1217,1868,297,497,462,True,False,18,18,0,0,0,0.0,0.0,0.0,0.0,0.0
1218,0,299,1,56,True,False,250,250,0,0,0,0.0,0.0,0.0,0.0,0.0
1218,1,299,1,196,True,True,250,250,15,190,1,0.0,2.0,0.76,0.06,0.76
1218,2,299,1,203,True,True,250,250,36,204,2,1.0,7.0,0.816,0.144,0.816
1218,3,299,1,207,True,False,250,250,0,0,0,0.0,0.0,0.0,0.0,0.0
1218,4,299,1,222,True,False,250,250,0,0,0,0.0,0.0,0.0,0.0,0.0
1218,5,299,1,263,True,True,250,250,15,180,1,0.0,5.0,0.72,0.06,0.72
1218,6,299,1,271,True,False,250,250,0,0,0,0.0,0.0,0.0,0.0,0.0
1218,7,299,1,297,True,False,250,250,0,0,0,0.0,0.0,0.0,0.0,0.0
1218,8,299,1,299,True,True,250,250,5,5,1,0.0,0.0,0.02,0.02,0.02
1218,9,299,1,303,True,True,250,250,10,20,1,7.0,9.5,0.08,0.04,0.08
1218,10,299,1,355,True,False,250,250,0,0,0,0.0,0.0,0.0,0.0,0.0
1218,11,299,1,362,True,True,250,250,25,154,2,0.0,4.0,0.616,0.1,0.616
1218,12,299,1,429,True,False,250,250,0,0,0,0.0,0.0,0.0,0.0,0.0
1219,271,299,56,7,True,False,12,12,0,0,0,0.0,0.0,0.0,0.0,0.0
1219,272,299,56,143,True,False,12,12,0,0,0,0.0,0.0,0.0,0.0,0.0
1219,273,299,56,167,True,False,12,12,0,0,0,0.0,0.0,0.0,0.0,0.0
1219,274,299,56,207,True,False,12,12,0,0,0,0.0,0.0,0.0,0.0,0.0
1219,275,299,56,263,True,False,12,12,0,0,0,0.0,0.0,0.0,0.0,0.0
1219,276,299,56,415,True,False,12,12,0,0,0,0.0,0.0,0.0,0.0,0.0
1219,277,299,56,440,True,False,12,12,0,0,0,0.0,0.0,0.0,0.0,0.0
1219,278,299,56,509,True,True,12,12,3,6,1,0.0,0.0,0.5,0.25,0.5
1220,1082,299,263,7,True,False,54,54,0,0,0,0.0,0.0,0.0,0.0,0.0
1220,1083,299,263,133,True,False,54,54,0,0,0,0.0,0.0,0.0,0.0,0.0
1220,1084,299,263,167,True,False,54,54,0,0,0,0.0,0.0,0.0,0.0,0.0
1220,1085,299,263,196,True,True,54,54,30,166,2,0.0,3.0,3.074074074074074,0.5555555555555556,3.074074074074074
1220,1086,299,263,258,True,False,54,54,0,0,0,0.0,0.0,0.0,0.0,0.0
1220,1087,299,263,309,True,False,54,54,0,0,0,0.0,0.0,0.0,0.0,0.0
1220,1088,299,263,405,True,False,54,54,0,0,0,0.0,0.0,0.0,0.0,0.0
1220,1089,299,263,440,True,False,54,54,0,0,0,0.0,0.0,0.0,0.0,0.0
1220,1090,299,263,509,True,False,54,54,0,0,0,0.0,0.0,0.0,0.0,0.0
1221,245,303,40,355,True,False,53,53,0,0,0,0.0,0.0,0.0,0.0,0.0
1223,1869,303,500,166,True,False,22,22,0,0,0,0.0,0.0,0.0,0.0,0.0
1223,1870,303,500,206,True,False,22,22,0,0,0,0.0,0.0,0.0,0.0,0.0
1223,1871,303,500,332,True,False,22,22,0,0,0,0.0,0.0,0.0,0.0,0.0
1224,216,304,37,7,True,False,3,3,0,0,0,0.0,0.0,0.0,0.0,0.0
1224,217,304,37,24,True,False,3,3,0,0,0,0.0,0.0,0.0,0.0,0.0
1224,218,304,37,84,True,False,3,3,0,0,0,0.0,0.0,0.0,0.0,0.0
1224,219,304,37,115,True,True,3,3,1,3,1,8.0,9.0,1.0,0.3333333333333333,1.0
1224,220,304,37,143,True,False,3,3,0,0,0,0.0,0.0,0.0,0.0,0.0
1224,221,304,37,161,True,False,3,3,0,0,0,0.0,0.0,0.0,0.0,0.0
1224,222,304,37,217,True,False,3,3,0,0,0,0.0,0.0,0.0,0.0,0.0
1224,223,304,37,279,True,False,3,3,0,0,0,0.0,0.0,0.0,0.0,0.0
1224,224,304,37,290,True,False,3,3,0,0,0,0.0,0.0,0.0,0.0,0.0
1224,225,304,37,316,True,False,3,3,0,0,0,0.0,0.0,0.0,0.0,0.0
1224,226,304,37,347,True,False,3,3,0,0,0,0.0,0.0,0.0,0.0,0.0
1224,227,304,37,385,True,False,3,3,0,0,0,0.0,0.0,0.0,0.0,0.0
1224,228,304,37,402,True,True,3,3,1,15,1,4.0,7.0,5.0,0.3333333333333333,5.0
1224,229,304,37,404,True,False,3,3,0,0,0,0.0,0.0,0.0,0.0,0.0
1224,230,304,37,432,True,False,3,3,0,0,0,0.0,0.0,0.0,0.0,0.0
1224,231,304,37,474,True,True,3,3,2,27,2,4.0,7.0,9.0,0.6666666666666666,9.0
1225,464,304,120,304,True,True,530,530,7,13,1,0.0,0.0,0.024528301886792454,0.013207547169811321,0.024528301886792454
1226,897,304,224,37,True,True,499,499,275,3061,16,0.0,4.0,6.134268537074148,0.5511022044088176,6.134268537074148
1226,898,304,224,120,True,True,499,499,3,16,2,0.0,0.0,0.03206412825651302,0.006012024048096192,0.03206412825651302
1226,899,304,224,304,True,True,499,499,1,3,1,0.0,0.0,0.006012024048096192,0.002004008016032064,0.006012024048096192
1226,900,304,224,316,True,True,499,499,28,92,3,4.0,9.0,0.1843687374749499,0.056112224448897796,0.1843687374749499
1227,901,304,227,26,True,False,73,73,0,0,0,0.0,0.0,0.0,0.0,0.0
1227,902,304,227,213,True,False,73,73,0,0,0,0.0,0.0,0.0,0.0,0.0
1227,903,304,227,304,True,False,73,73,0,0,0,0.0,0.0,0.0,0.0,0.0
1227,904,304,227,430,True,False,73,73,0,0,0,0.0,0.0,0.0,0.0,0.0
1228,30,309,6,13,True,True,343,343,31,31,3,4.0,7.0,0.09037900874635568,0.09037900874635568,0.09037900874635568
1228,31,309,6,21,True,True,343,343,71,284,5,1.0,6.0,0.8279883381924198,0.20699708454810495,0.8279883381924198
1228,32,309,6,125,True,False,343,343,0,0,0,0.0,0.0,0.0,0.0,0.0
1228,33,309,6,156,True,True,343,343,138,186,10,4.0,8.0,0.5422740524781341,0.40233236151603496,0.5422740524781341
1228,34,309,6,179,True,True,343,343,133,518,11,1.0,6.0,1.510204081632653,0.3877551020408163,1.510204081632653
1228,35,309,6,186,True,True,343,343,69,318,5,2.0,7.0,0.9271137026239067,0.20116618075801748,0.9271137026239067
1228,36,309,6,243,True,False,343,343,0,0,0,0.0,0.0,0.0,0.0,0.0
1228,37,309,6,245,True,True,343,343,7,21,1,5.0,8.0,0.061224489795918366,0.02040816326530612,0.061224489795918366
1228,38,309,6,309,True,False,343,343,0,0,0,0.0,0.0,0.0,0.0,0.0
1228,39,309,6,313,True,True,343,343,159,843,14,2.0,7.0,2.457725947521866,0.46355685131195334,2.457725947521866
1228,40,309,6,319,True,True,343,343,112,359,8,3.0,7.0,1.0466472303206997,0.32653061224489793,1.0466472303206997
1228,41,309,6,381,True,True,343,343,146,466,9,2.0,7.0,1.358600583090379,0.42565597667638483,1.358600583090379
1229,156,309,24,37,True,False,53,53,0,0,0,0.0,0.0,0.0,0.0,0.0
1229,157,309,24,84,True,False,53,53,0,0,0,0.0,0.0,0.0,0.0,0.0
1229,158,309,24,224,True,True,53,53,48,635,5,0.0,5.0,11.981132075471699,0.9056603773584906,11.981132075471699
1229,159,309,24,227,True,False,53,53,0,0,0,0.0,0.0,0.0,0.0,0.0
1229,160,309,24,304,True,False,53,53,0,0,0,0.0,0.0,0.0,0.0,0.0
1230,474,309,125,6,True,True,88,88,3,26,1,0.0,1.0,0.29545454545454547,0.03409090909090909,0.29545454545454547
1230,475,309,125,23,True,False,88,88,0,0,0,0.0,0.0,0.0,0.0,0.0
1230,476,309,125,217,True,False,88,88,0,0,0,0.0,0.0,0.0,0.0,0.0
1230,477,309,125,247,True,False,88,88,0,0,0,0.0,0.0,0.0,0.0,0.0
1230,478,309,125,296,True,False,88,88,0,0,0,0.0,0.0,0.0,0.0,0.0
1230,479,309,125,309,True,False,88,88,0,0,0,0.0,0.0,0.0,0.0,0.0
1230,480,309,125,385,True,False,88,88,0,0,0,0.0,0.0,0.0,0.0,0.0
1230,481,309,125,402,True,False,88,88,0,0,0,0.0,0.0,0.0,0.0,0.0
1231,582,309,147,6,True,False,231,231,0,0,0,0.0,0.0,0.0,0.0,0.0
1231,583,309,147,24,True,True,231,231,18,94,2,0.0,0.0,0.4069264069264069,0.07792207792207792,0.4069264069264069
1231,584,309,147,217,True,False,231,231,0,0,0,0.0,0.0,0.0,0.0,0.0
1231,585,309,147,227,True,True,231,231,9,76,1,0.0,2.0,0.329004329004329,0.03896103896103896,0.329004329004329
1231,586,309,147,309,True,True,231,231,2,10,1,0.0,0.0,0.04329004329004329,0.008658008658008658,0.04329004329004329
1231,587,309,147,316,True,False,231,231,0,0,0,0.0,0.0,0.0,0.0,0.0
1231,588,309,147,387,True,False,231,231,0,0,0,0.0,0.0,0.0,0.0,0.0
1231,589,309,147,402,True,False,231,231,0,0,0,0.0,0.0,0.0,0.0,0.0
1231,590,309,147,474,True,False,231,231,0,0,0,0.0,0.0,0.0,0.0,0.0
1232,878,309,217,6,True,False,35,35,0,0,0,0.0,0.0,0.0,0.0,0.0
1232,879,309,217,13,True,False,35,35,0,0,0,0.0,0.0,0.0,0.0,0.0
1232,880,309,217,21,True,True,35,35,6,24,1,2.0,5.0,0.6857142857142857,0.17142857142857143,0.6857142857142857
1232,881,309,217,58,True,False,35,35,0,0,0,0.0,0.0,0.0,0.0,0.0
1232,882,309,217,129,True,True,35,35,15,90,1,4.0,8.0,2.5714285714285716,0.42857142857142855,2.5714285714285716
1232,883,309,217,156,True,True,35,35,12,12,1,5.0,7.5,0.34285714285714286,0.34285714285714286,0.34285714285714286
1232,884,309,217,179,True,True,35,35,15,60,1,3.0,7.0,1.7142857142857142,0.42857142857142855,1.7142857142857142
1232,885,309,217,186,True,True,35,35,12,84,1,2.0,6.0,2.4,0.34285714285714286,2.4
1232,886,309,217,243,True,True,35,35,2,10,1,0.0,0.0,0.2857142857142857,0.05714285714285714,0.2857142857142857
1232,887,309,217,319,True,True,35,35,18,60,2,3.0,6.0,1.7142857142857142,0.5142857142857142,1.7142857142857142
1232,888,309,217,385,True,False,35,35,0,0,0,0.0,0.0,0.0,0.0,0.0
1233,897,309,224,37,True,False,17,17,0,0,0,0.0,0.0,0.0,0.0,0.0
1233,898,309,224,120,True,True,17,17,1,1,1,10.0,10.0,0.058823529411764705,0.058823529411764705,0.058823529411764705
1233,899,309,224,304,True,True,17,17,14,35,3,7.0,10.0,2.0588235294117645,0.8235294117647058,2.0588235294117645
1233,900,309,224,316,True,False,17,17,0,0,0,0.0,0.0,0.0,0.0,0.0
1234,901,309,227,26,True,False,40,40,0,0,0,0.0,0.0,0.0,0.0,0.0
1234,902,309,227,213,True,False,40,40,0,0,0,0.0,0.0,0.0,0.0,0.0
1234,903,309,227,304,True,True,40,40,9,29,1,7.0,10.0,0.725,0.225,0.725
1234,904,309,227,430,True,False,40,40,0,0,0,0.0,0.0,0.0,0.0,0.0
1235,1269,309,316,84,True,False,59,59,0,0,0,0.0,0.0,0.0,0.0,0.0
1235,1270,309,316,115,True,False,59,59,0,0,0,0.0,0.0,0.0,0.0,0.0
1235,1271,309,316,125,True,True,59,59,38,529,5,0.0,3.0,8.966101694915254,0.6440677966101694,8.966101694915254
1235,1272,309,316,147,True,False,59,59,0,0,0,0.0,0.0,0.0,0.0,0.0
1235,1273,309,316,217,True,True,59,59,11,29,1,0.0,1.0,0.4915254237288136,0.1864406779661017,0.4915254237288136
1235,1274,309,316,309,True,True,59,59,2,14,1,0.0,0.0,0.23728813559322035,0.03389830508474576,0.23728813559322035
1235,1275,309,316,341,True,False,59,59,0,0,0,0.0,0.0,0.0,0.0,0.0
1235,1276,309,316,361,True,True,59,59,11,75,1,0.0,1.0,1.271186440677966,0.1864406779661017,1.271186440677966
1235,1277,309,316,385,True,False,59,59,0,0,0,0.0,0.0,0.0,0.0,0.0
1235,1278,309,316,389,True,False,59,59,0,0,0,0.0,0.0,0.0,0.0,0.0
1235,1279,309,316,402,True,False,59,59,0,0,0,0.0,0.0,0.0,0.0,0.0
1235,1280,309,316,404,True,False,59,59,0,0,0,0.0,0.0,0.0,0.0,0.0
1235,1281,309,316,474,True,False,59,59,0,0,0,0.0,0.0,0.0,0.0,0.0
1236,1384,309,352,24,True,False,5,5,0,0,0,0.0,0.0,0.0,0.0,0.0
1236,1385,309,352,85,True,False,5,5,0,0,0,0.0,0.0,0.0,0.0,0.0
1236,1386,309,352,98,True,False,5,5,0,0,0,0.0,0.0,0.0,0.0,0.0
1236,1387,309,352,115,True,False,5,5,0,0,0,0.0,0.0,0.0,0.0,0.0
1236,1388,309,352,167,True,False,5,5,0,0,0,0.0,0.0,0.0,0.0,0.0
1236,1389,309,352,217,True,False,5,5,0,0,0,0.0,0.0,0.0,0.0,0.0
1236,1390,309,352,263,True,False,5,5,0,0,0,0.0,0.0,0.0,0.0,0.0
1236,1391,309,352,309,True,True,5,5,1,5,1,0.0,0.0,1.0,0.2,1.0
1236,1392,309,352,316,True,False,5,5,0,0,0,0.0,0.0,0.0,0.0,0.0
1236,1393,309,352,361,True,False,5,5,0,0,0,0.0,0.0,0.0,0.0,0.0
1236,1394,309,352,402,True,False,5,5,0,0,0,0.0,0.0,0.0,0.0,0.0
1236,1395,309,352,404,True,False,5,5,0,0,0,0.0,0.0,0.0,0.0,0.0
1236,1396,309,352,474,True,False,5,5,0,0,0,0.0,0.0,0.0,0.0,0.0
1236,1397,309,352,494,True,False,5,5,0,0,0,0.0,0.0,0.0,0.0,0.0
1237,1421,309,361,6,True,True,52,52,44,431,7,0.0,4.0,8.288461538461538,0.8461538461538461,8.288461538461538
1237,1422,309,361,13,True,False,52,52,0,0,0,0.0,0.0,0.0,0.0,0.0
1237,1423,309,361,21,True,False,52,52,0,0,0,0.0,0.0,0.0,0.0,0.0
1237,1424,309,361,58,True,False,52,52,0,0,0,0.0,0.0,0.0,0.0,0.0
1237,1425,309,361,74,True,False,52,52,0,0,0,0.0,0.0,0.0,0.0,0.0
1237,1426,309,361,129,True,False,52,52,0,0,0,0.0,0.0,0.0,0.0,0.0
1237,1427,309,361,156,True,False,52,52,0,0,0,0.0,0.0,0.0,0.0,0.0
1237,1428,309,361,179,True,True,52,52,1,1,1,3.0,3.0,0.019230769230769232,0.019230769230769232,0.019230769230769232
1237,1429,309,361,186,True,True,52,52,4,4,1,4.0,5.5,0.07692307692307693,0.07692307692307693,0.07692307692307693
1237,1430,309,361,217,True,True,52,52,1,1,1,0.0,0.0,0.019230769230769232,0.019230769230769232,0.019230769230769232
1237,1431,309,361,243,True,False,52,52,0,0,0,0.0,0.0,0.0,0.0,0.0
1237,1432,309,361,245,True,False,52,52,0,0,0,0.0,0.0,0.0,0.0,0.0
1237,1433,309,361,251,True,False,52,52,0,0,0,0.0,0.0,0.0,0.0,0.0
1237,1434,309,361,253,True,False,52,52,0,0,0,0.0,0.0,0.0,0.0,0.0
1237,1435,309,361,313,True,False,52,52,0,0,0,0.0,0.0,0.0,0.0,0.0
1237,1436,309,361,319,True,True,52,52,14,42,1,3.0,6.0,0.8076923076923077,0.2692307692307692,0.8076923076923077
1237,1437,309,361,381,True,False,52,52,0,0,0,0.0,0.0,0.0,0.0,0.0
1237,1438,309,361,449,True,False,52,52,0,0,0,0.0,0.0,0.0,0.0,0.0
1238,1534,309,387,6,True,True,10,10,10,64,3,0.0,0.0,6.4,1.0,6.4
1238,1535,309,387,10,True,False,10,10,0,0,0,0.0,0.0,0.0,0.0,0.0
1238,1536,309,387,117,True,False,10,10,0,0,0,0.0,0.0,0.0,0.0,0.0
1238,1537,309,387,175,True,False,10,10,0,0,0,0.0,0.0,0.0,0.0,0.0
1238,1538,309,387,281,True,False,10,10,0,0,0,0.0,0.0,0.0,0.0,0.0
1238,1539,309,387,294,True,False,10,10,0,0,0,0.0,0.0,0.0,0.0,0.0
1238,1540,309,387,309,True,False,10,10,0,0,0,0.0,0.0,0.0,0.0,0.0
1238,1541,309,387,383,True,False,10,10,0,0,0,0.0,0.0,0.0,0.0,0.0
1238,1542,309,387,455,True,False,10,10,0,0,0,0.0,0.0,0.0,0.0,0.0
1239,1782,309,474,7,True,False,10,10,0,0,0,0.0,0.0,0.0,0.0,0.0
1239,1783,309,474,37,True,False,10,10,0,0,0,0.0,0.0,0.0,0.0,0.0
1239,1784,309,474,39,True,False,10,10,0,0,0,0.0,0.0,0.0,0.0,0.0
1239,1785,309,474,58,True,False,10,10,0,0,0,0.0,0.0,0.0,0.0,0.0
1239,1786,309,474,84,True,False,10,10,0,0,0,0.0,0.0,0.0,0.0,0.0
1239,1787,309,474,88,True,False,10,10,0,0,0,0.0,0.0,0.0,0.0,0.0
1239,1788,309,474,115,True,False,10,10,0,0,0,0.0,0.0,0.0,0.0,0.0
1239,1789,309,474,125,True,True,10,10,10,112,2,0.0,1.0,11.2,1.0,11.2
1239,1790,309,474,143,True,False,10,10,0,0,0,0.0,0.0,0.0,0.0,0.0
1239,1791,309,474,217,True,False,10,10,0,0,0,0.0,0.0,0.0,0.0,0.0
1239,1792,309,474,243,True,False,10,10,0,0,0,0.0,0.0,0.0,0.0,0.0
1239,1793,309,474,261,True,False,10,10,0,0,0,0.0,0.0,0.0,0.0,0.0
1239,1794,309,474,279,True,False,10,10,0,0,0,0.0,0.0,0.0,0.0,0.0
1239,1795,309,474,309,True,False,10,10,0,0,0,0.0,0.0,0.0,0.0,0.0
1239,1796,309,474,317,True,False,10,10,0,0,0,0.0,0.0,0.0,0.0,0.0
1239,1797,309,474,321,True,False,10,10,0,0,0,0.0,0.0,0.0,0.0,0.0
1239,1798,309,474,385,True,False,10,10,0,0,0,0.0,0.0,0.0,0.0,0.0
1239,1799,309,474,389,True,False,10,10,0,0,0,0.0,0.0,0.0,0.0,0.0
1239,1800,309,474,402,True,False,10,10,0,0,0,0.0,0.0,0.0,0.0,0.0
1240,28,311,4,63,True,False,78,78,0,0,0,0.0,0.0,0.0,0.0,0.0
1240,29,311,4,138,True,False,78,78,0,0,0,0.0,0.0,0.0,0.0,0.0
1241,352,311,80,10,True,False,72,72,0,0,0,0.0,0.0,0.0,0.0,0.0
1241,353,311,80,79,True,False,72,72,0,0,0,0.0,0.0,0.0,0.0,0.0
1241,354,311,80,118,True,False,72,72,0,0,0,0.0,0.0,0.0,0.0,0.0
1241,355,311,80,138,True,True,72,72,1,2,1,0.0,0.0,0.027777777777777776,0.013888888888888888,0.027777777777777776
1241,356,311,80,149,True,True,72,72,6,46,2,0.0,1.0,0.6388888888888888,0.08333333333333333,0.6388888888888888
1241,357,311,80,151,True,False,72,72,0,0,0,0.0,0.0,0.0,0.0,0.0
1241,358,311,80,171,True,True,72,72,15,163,3,0.0,4.0,2.263888888888889,0.20833333333333334,2.263888888888889
1241,359,311,80,230,True,False,72,72,0,0,0,0.0,0.0,0.0,0.0,0.0
1241,360,311,80,258,True,False,72,72,0,0,0,0.0,0.0,0.0,0.0,0.0
1241,361,311,80,268,True,True,72,72,43,491,7,0.0,4.0,6.819444444444445,0.5972222222222222,6.819444444444445
1241,362,311,80,297,True,False,72,72,0,0,0,0.0,0.0,0.0,0.0,0.0
1241,363,311,80,311,True,True,72,72,14,152,3,0.0,5.0,2.111111111111111,0.19444444444444445,2.111111111111111
1241,364,311,80,390,True,True,72,72,3,20,1,0.0,0.0,0.2777777777777778,0.041666666666666664,0.2777777777777778
1241,365,311,80,415,True,True,72,72,5,7,2,0.0,0.0,0.09722222222222222,0.06944444444444445,0.09722222222222222
1242,462,311,118,63,True,False,110,110,0,0,0,0.0,0.0,0.0,0.0,0.0
1242,463,311,118,340,True,False,110,110,0,0,0,0.0,0.0,0.0,0.0,0.0
1243,506,311,138,42,True,False,100,100,0,0,0,0.0,0.0,0.0,0.0,0.0
1243,507,311,138,63,True,True,100,100,1,1,1,10.0,10.0,0.01,0.01,0.01
1243,508,311,138,151,True,False,100,100,0,0,0,0.0,0.0,0.0,0.0,0.0
1243,509,311,138,171,True,False,100,100,0,0,0,0.0,0.0,0.0,0.0,0.0
1243,510,311,138,258,True,False,100,100,0,0,0,0.0,0.0,0.0,0.0,0.0
1243,511,311,138,288,True,False,100,100,0,0,0,0.0,0.0,0.0,0.0,0.0
1243,512,311,138,340,True,True,100,100,7,57,2,0.0,2.0,0.57,0.07,0.57
1243,513,311,138,415,True,False,100,100,0,0,0,0.0,0.0,0.0,0.0,0.0
1244,591,311,149,8,True,False,18,18,0,0,0,0.0,0.0,0.0,0.0,0.0
1244,592,311,149,42,True,False,18,18,0,0,0,0.0,0.0,0.0,0.0,0.0
1244,593,311,149,79,True,False,18,18,0,0,0,0.0,0.0,0.0,0.0,0.0
1244,594,311,149,80,True,False,18,18,0,0,0,0.0,0.0,0.0,0.0,0.0
1244,595,311,149,100,True,False,18,18,0,0,0,0.0,0.0,0.0,0.0,0.0
1244,596,311,149,151,True,False,18,18,0,0,0,0.0,0.0,0.0,0.0,0.0
1244,597,311,149,171,True,True,18,18,1,10,1,0.0,2.0,0.5555555555555556,0.05555555555555555,0.5555555555555556
1244,598,311,149,184,True,False,18,18,0,0,0,0.0,0.0,0.0,0.0,0.0
1244,599,311,149,230,True,False,18,18,0,0,0,0.0,0.0,0.0,0.0,0.0
1244,600,311,149,268,True,True,18,18,18,252,5,0.0,3.0,14.0,1.0,14.0
1244,601,311,149,311,True,False,18,18,0,0,0,0.0,0.0,0.0,0.0,0.0
1244,602,311,149,315,True,False,18,18,0,0,0,0.0,0.0,0.0,0.0,0.0
1244,603,311,149,390,True,False,18,18,0,0,0,0.0,0.0,0.0,0.0,0.0
1244,604,311,149,415,True,False,18,18,0,0,0,0.0,0.0,0.0,0.0,0.0
1245,605,311,151,8,True,False,5,5,0,0,0,0.0,0.0,0.0,0.0,0.0
1245,606,311,151,10,True,False,5,5,0,0,0,0.0,0.0,0.0,0.0,0.0
1245,607,311,151,22,True,False,5,5,0,0,0,0.0,0.0,0.0,0.0,0.0
1245,608,311,151,79,True,False,5,5,0,0,0,0.0,0.0,0.0,0.0,0.0
1245,609,311,151,80,True,False,5,5,0,0,0,0.0,0.0,0.0,0.0,0.0
1245,610,311,151,117,True,False,5,5,0,0,0,0.0,0.0,0.0,0.0,0.0
1245,611,311,151,149,True,False,5,5,0,0,0,0.0,0.0,0.0,0.0,0.0
1245,612,311,151,171,True,True,5,5,1,1,1,0.0,0.0,0.2,0.2,0.2
1245,613,311,151,184,True,False,5,5,0,0,0,0.0,0.0,0.0,0.0,0.0
1245,614,311,151,230,True,False,5,5,0,0,0,0.0,0.0,0.0,0.0,0.0
1245,615,311,151,258,True,False,5,5,0,0,0,0.0,0.0,0.0,0.0,0.0
1245,616,311,151,268,True,False,5,5,0,0,0,0.0,0.0,0.0,0.0,0.0
1245,617,311,151,311,True,True,5,5,5,26,4,0.0,0.0,5.2,1.0,5.2
1245,618,311,151,390,True,False,5,5,0,0,0,0.0,0.0,0.0,0.0,0.0
1245,619,311,151,494,True,False,5,5,0,0,0,0.0,0.0,0.0,0.0,0.0
1246,665,311,163,259,True,True,14,14,3,6,1,0.0,2.0,0.42857142857142855,0.21428571428571427,0.42857142857142855
1246,666,311,163,288,True,False,14,14,0,0,0,0.0,0.0,0.0,0.0,0.0
1246,667,311,163,371,True,False,14,14,0,0,0,0.0,0.0,0.0,0.0,0.0
1246,668,311,163,410,True,False,14,14,0,0,0,0.0,0.0,0.0,0.0,0.0
1247,722,311,171,4,True,False,82,82,0,0,0,0.0,0.0,0.0,0.0,0.0
1247,723,311,171,8,True,False,82,82,0,0,0,0.0,0.0,0.0,0.0,0.0
1247,724,311,171,26,True,False,82,82,0,0,0,0.0,0.0,0.0,0.0,0.0
1247,725,311,171,42,True,False,82,82,0,0,0,0.0,0.0,0.0,0.0,0.0
1247,726,311,171,109,True,False,82,82,0,0,0,0.0,0.0,0.0,0.0,0.0
1247,727,311,171,118,True,True,82,82,25,133,3,0.0,0.0,1.6219512195121952,0.3048780487804878,1.6219512195121952
1247,728,311,171,138,True,True,82,82,33,473,3,0.0,4.0,5.7682926829268295,0.4024390243902439,5.7682926829268295
1247,729,311,171,151,True,False,82,82,0,0,0,0.0,0.0,0.0,0.0,0.0
1247,730,311,171,163,True,False,82,82,0,0,0,0.0,0.0,0.0,0.0,0.0
1247,731,311,171,164,True,False,82,82,0,0,0,0.0,0.0,0.0,0.0,0.0
1247,732,311,171,172,True,False,82,82,0,0,0,0.0,0.0,0.0,0.0,0.0
1247,733,311,171,173,True,True,82,82,5,15,1,0.0,1.0,0.18292682926829268,0.06097560975609756,0.18292682926829268
1247,734,311,171,180,True,False,82,82,0,0,0,0.0,0.0,0.0,0.0,0.0
1247,735,311,171,259,True,False,82,82,0,0,0,0.0,0.0,0.0,0.0,0.0
1247,736,311,171,271,True,False,82,82,0,0,0,0.0,0.0,0.0,0.0,0.0
1247,737,311,171,288,True,False,82,82,0,0,0,0.0,0.0,0.0,0.0,0.0
1247,738,311,171,297,True,True,82,82,5,14,1,0.0,1.0,0.17073170731707318,0.06097560975609756,0.17073170731707318
1247,739,311,171,410,True,False,82,82,0,0,0,0.0,0.0,0.0,0.0,0.0
1248,1164,311,288,4,True,True,61,61,5,54,1,0.0,1.0,0.8852459016393442,0.08196721311475409,0.8852459016393442
1248,1165,311,288,50,True,False,61,61,0,0,0,0.0,0.0,0.0,0.0,0.0
1248,1166,311,288,63,True,False,61,61,0,0,0,0.0,0.0,0.0,0.0,0.0
1248,1167,311,288,138,True,True,61,61,35,371,3,0.0,6.0,6.081967213114754,0.5737704918032787,6.081967213114754
1248,1168,311,288,164,True,False,61,61,0,0,0,0.0,0.0,0.0,0.0,0.0
1248,1169,311,288,172,True,False,61,61,0,0,0,0.0,0.0,0.0,0.0,0.0
1248,1170,311,288,259,True,False,61,61,0,0,0,0.0,0.0,0.0,0.0,0.0
1249,1454,311,371,39,True,False,6,6,0,0,0,0.0,0.0,0.0,0.0,0.0
1249,1455,311,371,126,True,False,6,6,0,0,0,0.0,0.0,0.0,0.0,0.0
1249,1456,311,371,146,True,False,6,6,0,0,0,0.0,0.0,0.0,0.0,0.0
1249,1457,311,371,163,True,False,6,6,0,0,0,0.0,0.0,0.0,0.0,0.0
1249,1458,311,371,247,True,False,6,6,0,0,0,0.0,0.0,0.0,0.0,0.0
1249,1459,311,371,252,True,False,6,6,0,0,0,0.0,0.0,0.0,0.0,0.0
1249,1460,311,371,259,True,True,6,6,6,8,2,0.0,0.0,1.3333333333333333,1.0,1.3333333333333333
1249,1461,311,371,385,True,False,6,6,0,0,0,0.0,0.0,0.0,0.0,0.0
1250,1553,311,390,2,True,False,26,26,0,0,0,0.0,0.0,0.0,0.0,0.0
1250,1554,311,390,8,True,False,26,26,0,0,0,0.0,0.0,0.0,0.0,0.0
1250,1555,311,390,22,True,True,26,26,10,89,2,0.0,2.0,3.423076923076923,0.38461538461538464,3.423076923076923
1250,1556,311,390,79,True,False,26,26,0,0,0,0.0,0.0,0.0,0.0,0.0
1250,1557,311,390,80,True,True,26,26,6,14,1,0.0,0.0,0.5384615384615384,0.23076923076923078,0.5384615384615384
1250,1558,311,390,138,True,False,26,26,0,0,0,0.0,0.0,0.0,0.0,0.0
1250,1559,311,390,149,True,False,26,26,0,0,0,0.0,0.0,0.0,0.0,0.0
1250,1560,311,390,151,True,False,26,26,0,0,0,0.0,0.0,0.0,0.0,0.0
1250,1561,311,390,171,True,False,26,26,0,0,0,0.0,0.0,0.0,0.0,0.0
1250,1562,311,390,175,True,False,26,26,0,0,0,0.0,0.0,0.0,0.0,0.0
1250,1563,311,390,230,True,False,26,26,0,0,0,0.0,0.0,0.0,0.0,0.0
1250,1564,311,390,258,True,False,26,26,0,0,0,0.0,0.0,0.0,0.0,0.0
1250,1565,311,390,268,True,True,26,26,6,48,1,0.0,4.0,1.8461538461538463,0.23076923076923078,1.8461538461538463
1250,1566,311,390,294,True,True,26,26,10,37,2,0.0,2.0,1.4230769230769231,0.38461538461538464,1.4230769230769231
1250,1567,311,390,311,True,True,26,26,16,140,3,0.0,2.0,5.384615384615385,0.6153846153846154,5.384615384615385
1251,1651,311,415,7,True,False,15,15,0,0,0,0.0,0.0,0.0,0.0,0.0
1251,1652,311,415,80,True,False,15,15,0,0,0,0.0,0.0,0.0,0.0,0.0
1251,1653,311,415,117,True,False,15,15,0,0,0,0.0,0.0,0.0,0.0,0.0
1251,1654,311,415,133,True,False,15,15,0,0,0,0.0,0.0,0.0,0.0,0.0
1251,1655,311,415,149,True,False,15,15,0,0,0,0.0,0.0,0.0,0.0,0.0
1251,1656,311,415,151,True,False,15,15,0,0,0,0.0,0.0,0.0,0.0,0.0
1251,1657,311,415,175,True,True,15,15,2,8,1,0.0,0.0,0.5333333333333333,0.13333333333333333,0.5333333333333333
1251,1658,311,415,196,True,False,15,15,0,0,0,0.0,0.0,0.0,0.0,0.0
1251,1659,311,415,258,True,True,15,15,2,6,1,0.0,0.0,0.4,0.13333333333333333,0.4
1251,1660,311,415,263,True,False,15,15,0,0,0,0.0,0.0,0.0,0.0,0.0
1251,1661,311,415,268,True,True,15,15,3,44,1,0.0,3.0,2.933333333333333,0.2,2.933333333333333
1251,1662,311,415,311,True,True,15,15,3,3,1,0.0,0.0,0.2,0.2,0.2
1251,1663,311,415,315,True,False,15,15,0,0,0,0.0,0.0,0.0,0.0,0.0
1251,1664,311,415,387,True,False,15,15,0,0,0,0.0,0.0,0.0,0.0,0.0
1251,1665,311,415,390,True,False,15,15,0,0,0,0.0,0.0,0.0,0.0,0.0
1251,1666,311,415,509,True,False,15,15,0,0,0,0.0,0.0,0.0,0.0,0.0
1252,30,313,6,13,True,False,38,38,0,0,0,0.0,0.0,0.0,0.0,0.0
1252,31,313,6,21,True,False,38,38,0,0,0,0.0,0.0,0.0,0.0,0.0
1252,32,313,6,125,True,True,38,38,6,63,2,1.0,5.0,1.6578947368421053,0.15789473684210525,1.6578947368421053
1252,33,313,6,156,True,False,38,38,0,0,0,0.0,0.0,0.0,0.0,0.0
1252,34,313,6,179,True,False,38,38,0,0,0,0.0,0.0,0.0,0.0,0.0
1252,35,313,6,186,True,False,38,38,0,0,0,0.0,0.0,0.0,0.0,0.0
1252,36,313,6,243,True,True,38,38,3,5,1,0.0,0.0,0.13157894736842105,0.07894736842105263,0.13157894736842105
1252,37,313,6,245,True,False,38,38,0,0,0,0.0,0.0,0.0,0.0,0.0
1252,38,313,6,309,True,True,38,38,7,51,5,4.0,8.0,1.3421052631578947,0.18421052631578946,1.3421052631578947
1252,39,313,6,313,True,False,38,38,0,0,0,0.0,0.0,0.0,0.0,0.0
1252,40,313,6,319,True,False,38,38,0,0,0,0.0,0.0,0.0,0.0,0.0
1252,41,313,6,381,True,False,38,38,0,0,0,0.0,0.0,0.0,0.0,0.0
1253,93,313,13,6,True,True,196,196,54,104,16,0.0,0.0,0.5306122448979592,0.2755102040816326,0.5306122448979592
1253,94,313,13,34,True,True,196,196,85,168,25,0.0,0.0,0.8571428571428571,0.4336734693877551,0.8571428571428571
1253,95,313,13,58,True,False,196,196,0,0,0,0.0,0.0,0.0,0.0,0.0
1253,96,313,13,169,True,False,196,196,0,0,0,0.0,0.0,0.0,0.0,0.0
1253,97,313,13,243,True,True,196,196,25,48,7,0.0,0.0,0.24489795918367346,0.12755102040816327,0.24489795918367346
1253,98,313,13,256,True,True,196,196,69,130,18,0.0,0.0,0.6632653061224489,0.3520408163265306,0.6632653061224489
1253,99,313,13,262,True,False,196,196,0,0,0,0.0,0.0,0.0,0.0,0.0
1253,100,313,13,281,True,True,196,196,57,133,15,0.0,0.0,0.6785714285714286,0.29081632653061223,0.6785714285714286
1253,101,313,13,335,True,False,196,196,0,0,0,0.0,0.0,0.0,0.0,0.0
1253,102,313,13,353,True,True,196,196,42,77,13,0.0,0.0,0.39285714285714285,0.21428571428571427,0.39285714285714285
1253,103,313,13,361,True,True,196,196,3,3,1,0.0,0.0,0.015306122448979591,0.015306122448979591,0.015306122448979591
1253,104,313,13,433,True,False,196,196,0,0,0,0.0,0.0,0.0,0.0,0.0
1253,105,313,13,455,True,True,196,196,4,11,2,0.0,0.0,0.05612244897959184,0.02040816326530612,0.05612244897959184
1253,106,313,13,472,True,True,196,196,154,191,42,0.0,0.0,0.9744897959183674,0.7857142857142857,0.9744897959183674
1253,107,313,13,508,True,False,196,196,0,0,0,0.0,0.0,0.0,0.0,0.0
1254,205,313,34,6,True,True,136,136,88,308,19,0.0,0.0,2.264705882352941,0.6470588235294118,2.264705882352941
1254,206,313,34,58,True,False,136,136,0,0,0,0.0,0.0,0.0,0.0,0.0
1254,207,313,34,113,True,False,136,136,0,0,0,0.0,0.0,0.0,0.0,0.0
1254,208,313,34,217,True,False,136,136,0,0,0,0.0,0.0,0.0,0.0,0.0
1254,209,313,34,243,True,True,136,136,28,89,9,0.0,0.0,0.6544117647058824,0.20588235294117646,0.6544117647058824
1254,210,313,34,251,True,False,136,136,0,0,0,0.0,0.0,0.0,0.0,0.0
1254,211,313,34,262,True,False,136,136,0,0,0,0.0,0.0,0.0,0.0,0.0
1254,212,313,34,321,True,False,136,136,0,0,0,0.0,0.0,0.0,0.0,0.0
1254,213,313,34,361,True,True,136,136,8,20,3,0.0,0.0,0.14705882352941177,0.058823529411764705,0.14705882352941177
1254,214,313,34,481,True,False,136,136,0,0,0,0.0,0.0,0.0,0.0,0.0
1254,215,313,34,508,True,False,136,136,0,0,0,0.0,0.0,0.0,0.0,0.0
1255,254,313,43,13,True,False,5,5,0,0,0,0.0,0.0,0.0,0.0,0.0
1255,255,313,43,34,True,False,5,5,0,0,0,0.0,0.0,0.0,0.0,0.0
1255,256,313,43,113,True,False,5,5,0,0,0,0.0,0.0,0.0,0.0,0.0
1255,257,313,43,251,True,False,5,5,0,0,0,0.0,0.0,0.0,0.0,0.0
1255,258,313,43,321,True,False,5,5,0,0,0,0.0,0.0,0.0,0.0,0.0
1255,259,313,43,353,True,True,5,5,5,7,3,0.0,0.0,1.4,1.0,1.4
1255,260,313,43,481,True,True,5,5,5,11,3,0.0,0.0,2.2,1.0,2.2
1256,946,313,243,6,True,True,6,6,1,1,1,0.0,0.0,0.16666666666666666,0.16666666666666666,0.16666666666666666
1256,947,313,243,21,True,False,6,6,0,0,0,0.0,0.0,0.0,0.0,0.0
1256,948,313,243,84,True,False,6,6,0,0,0,0.0,0.0,0.0,0.0,0.0
1256,949,313,243,85,True,False,6,6,0,0,0,0.0,0.0,0.0,0.0,0.0
1256,950,313,243,115,True,False,6,6,0,0,0,0.0,0.0,0.0,0.0,0.0
1256,951,313,243,125,True,False,6,6,0,0,0,0.0,0.0,0.0,0.0,0.0
1256,952,313,243,129,True,False,6,6,0,0,0,0.0,0.0,0.0,0.0,0.0
1256,953,313,243,156,True,False,6,6,0,0,0,0.0,0.0,0.0,0.0,0.0
1256,954,313,243,179,True,False,6,6,0,0,0,0.0,0.0,0.0,0.0,0.0
1256,955,313,243,199,True,False,6,6,0,0,0,0.0,0.0,0.0,0.0,0.0
1256,956,313,243,217,True,False,6,6,0,0,0,0.0,0.0,0.0,0.0,0.0
1256,957,313,243,319,True,False,6,6,0,0,0,0.0,0.0,0.0,0.0,0.0
1256,958,313,243,385,True,False,6,6,0,0,0,0.0,0.0,0.0,0.0,0.0
1256,959,313,243,402,True,False,6,6,0,0,0,0.0,0.0,0.0,0.0,0.0
1256,960,313,243,508,True,False,6,6,0,0,0,0.0,0.0,0.0,0.0,0.0
1257,1027,313,256,22,True,False,111,111,0,0,0,0.0,0.0,0.0,0.0,0.0
1257,1028,313,256,117,True,True,111,111,8,21,2,0.0,0.0,0.1891891891891892,0.07207207207207207,0.1891891891891892
1257,1029,313,256,139,True,False,111,111,0,0,0,0.0,0.0,0.0,0.0,0.0
1257,1030,313,256,144,True,False,111,111,0,0,0,0.0,0.0,0.0,0.0,0.0
1257,1031,313,256,169,True,False,111,111,0,0,0,0.0,0.0,0.0,0.0,0.0
1257,1032,313,256,175,True,False,111,111,0,0,0,0.0,0.0,0.0,0.0,0.0
1257,1033,313,256,199,True,False,111,111,0,0,0,0.0,0.0,0.0,0.0,0.0
1257,1034,313,256,273,True,False,111,111,0,0,0,0.0,0.0,0.0,0.0,0.0
1257,1035,313,256,281,True,True,111,111,97,539,22,0.0,0.0,4.8558558558558556,0.8738738738738738,4.8558558558558556
1257,1036,313,256,433,True,False,111,111,0,0,0,0.0,0.0,0.0,0.0,0.0
1257,1037,313,256,455,True,True,111,111,3,15,1,0.0,0.0,0.13513513513513514,0.02702702702702703,0.13513513513513514
1257,1038,313,256,508,True,False,111,111,0,0,0,0.0,0.0,0.0,0.0,0.0
1258,1153,313,281,13,True,False,41,41,0,0,0,0.0,0.0,0.0,0.0,0.0
1258,1154,313,281,21,True,False,41,41,0,0,0,0.0,0.0,0.0,0.0,0.0
1258,1155,313,281,61,True,False,41,41,0,0,0,0.0,0.0,0.0,0.0,0.0
1258,1156,313,281,74,True,False,41,41,0,0,0,0.0,0.0,0.0,0.0,0.0
1258,1157,313,281,117,True,True,41,41,14,141,10,0.0,7.0,3.4390243902439024,0.34146341463414637,3.4390243902439024
1258,1158,313,281,141,True,False,41,41,0,0,0,0.0,0.0,0.0,0.0,0.0
1258,1159,313,281,179,True,False,41,41,0,0,0,0.0,0.0,0.0,0.0,0.0
1258,1160,313,281,186,True,False,41,41,0,0,0,0.0,0.0,0.0,0.0,0.0
1258,1161,313,281,199,True,True,41,41,9,15,3,1.0,9.0,0.36585365853658536,0.21951219512195122,0.36585365853658536
1258,1162,313,281,313,True,False,41,41,0,0,0,0.0,0.0,0.0,0.0,0.0
1258,1163,313,281,387,True,True,41,41,1,5,1,4.0,6.0,0.12195121951219512,0.024390243902439025,0.12195121951219512
1259,1398,313,353,2,True,False,191,191,0,0,0,0.0,0.0,0.0,0.0,0.0
1259,1399,313,353,113,True,False,191,191,0,0,0,0.0,0.0,0.0,0.0,0.0
1259,1400,313,353,139,True,False,191,191,0,0,0,0.0,0.0,0.0,0.0,0.0
1259,1401,313,353,144,True,False,191,191,0,0,0,0.0,0.0,0.0,0.0,0.0
1259,1402,313,353,175,True,False,191,191,0,0,0,0.0,0.0,0.0,0.0,0.0
1259,1403,313,353,321,True,False,191,191,0,0,0,0.0,0.0,0.0,0.0,0.0
1259,1404,313,353,335,True,False,191,191,0,0,0,0.0,0.0,0.0,0.0,0.0
1259,1405,313,353,455,True,True,191,191,1,2,1,0.0,0.0,0.010471204188481676,0.005235602094240838,0.010471204188481676
1259,1406,313,353,481,True,True,191,191,3,14,3,0.0,0.0,0.07329842931937172,0.015706806282722512,0.07329842931937172
1259,1407,313,353,508,True,False,191,191,0,0,0,0.0,0.0,0.0,0.0,0.0
1260,1421,313,361,6,True,False,6,6,0,0,0,0.0,0.0,0.0,0.0,0.0
1260,1422,313,361,13,True,False,6,6,0,0,0,0.0,0.0,0.0,0.0,0.0
1260,1423,313,361,21,True,False,6,6,0,0,0,0.0,0.0,0.0,0.0,0.0
1260,1424,313,361,58,True,False,6,6,0,0,0,0.0,0.0,0.0,0.0,0.0
1260,1425,313,361,74,True,False,6,6,0,0,0,0.0,0.0,0.0,0.0,0.0
1260,1426,313,361,129,True,False,6,6,0,0,0,0.0,0.0,0.0,0.0,0.0
1260,1427,313,361,156,True,False,6,6,0,0,0,0.0,0.0,0.0,0.0,0.0
1260,1428,313,361,179,True,False,6,6,0,0,0,0.0,0.0,0.0,0.0,0.0
1260,1429,313,361,186,True,False,6,6,0,0,0,0.0,0.0,0.0,0.0,0.0
1260,1430,313,361,217,True,False,6,6,0,0,0,0.0,0.0,0.0,0.0,0.0
1260,1431,313,361,243,True,True,6,6,1,1,1,0.0,0.0,0.16666666666666666,0.16666666666666666,0.16666666666666666
1260,1432,313,361,245,True,False,6,6,0,0,0,0.0,0.0,0.0,0.0,0.0
1260,1433,313,361,251,True,False,6,6,0,0,0,0.0,0.0,0.0,0.0,0.0
1260,1434,313,361,253,True,False,6,6,0,0,0,0.0,0.0,0.0,0.0,0.0
1260,1435,313,361,313,True,False,6,6,0,0,0,0.0,0.0,0.0,0.0,0.0
1260,1436,313,361,319,True,False,6,6,0,0,0,0.0,0.0,0.0,0.0,0.0
1260,1437,313,361,381,True,False,6,6,0,0,0,0.0,0.0,0.0,0.0,0.0
1260,1438,313,361,449,True,False,6,6,0,0,0,0.0,0.0,0.0,0.0,0.0
1261,1726,313,455,13,True,False,4,4,0,0,0,0.0,0.0,0.0,0.0,0.0
1261,1727,313,455,21,True,False,4,4,0,0,0,0.0,0.0,0.0,0.0,0.0
1261,1728,313,455,39,True,False,4,4,0,0,0,0.0,0.0,0.0,0.0,0.0
1261,1729,313,455,61,True,False,4,4,0,0,0,0.0,0.0,0.0,0.0,0.0
1261,1730,313,455,74,True,False,4,4,0,0,0,0.0,0.0,0.0,0.0,0.0
1261,1731,313,455,117,True,True,4,4,3,30,1,2.0,5.0,7.5,0.75,7.5
1261,1732,313,455,129,True,False,4,4,0,0,0,0.0,0.0,0.0,0.0,0.0
1261,1733,313,455,141,True,False,4,4,0,0,0,0.0,0.0,0.0,0.0,0.0
1261,1734,313,455,169,True,False,4,4,0,0,0,0.0,0.0,0.0,0.0,0.0
1261,1735,313,455,179,True,False,4,4,0,0,0,0.0,0.0,0.0,0.0,0.0
1261,1736,313,455,186,True,False,4,4,0,0,0,0.0,0.0,0.0,0.0,0.0
1261,1737,313,455,199,True,False,4,4,0,0,0,0.0,0.0,0.0,0.0,0.0
1261,1738,313,455,248,True,False,4,4,0,0,0,0.0,0.0,0.0,0.0,0.0
1261,1739,313,455,281,True,False,4,4,0,0,0,0.0,0.0,0.0,0.0,0.0
1261,1740,313,455,313,True,False,4,4,0,0,0,0.0,0.0,0.0,0.0,0.0
1261,1741,313,455,317,True,False,4,4,0,0,0,0.0,0.0,0.0,0.0,0.0
1261,1742,313,455,383,True,False,4,4,0,0,0,0.0,0.0,0.0,0.0,0.0
1261,1743,313,455,508,True,False,4,4,0,0,0,0.0,0.0,0.0,0.0,0.0
1262,1770,313,472,6,True,True,402,402,105,315,19,0.0,0.0,0.7835820895522388,0.26119402985074625,0.7835820895522388
1262,1771,313,472,34,True,True,402,402,174,287,32,0.0,0.0,0.7139303482587065,0.43283582089552236,0.7139303482587065
1262,1772,313,472,58,True,False,402,402,0,0,0,0.0,0.0,0.0,0.0,0.0
1262,1773,313,472,217,True,False,402,402,0,0,0,0.0,0.0,0.0,0.0,0.0
1262,1774,313,472,243,True,True,402,402,37,103,9,0.0,0.0,0.2562189054726368,0.09203980099502487,0.2562189054726368
1262,1775,313,472,256,True,True,402,402,58,102,17,0.0,0.0,0.2537313432835821,0.14427860696517414,0.2537313432835821
1262,1776,313,472,262,True,False,402,402,0,0,0,0.0,0.0,0.0,0.0,0.0
1262,1777,313,472,281,True,True,402,402,56,180,16,0.0,0.0,0.44776119402985076,0.13930348258706468,0.44776119402985076
1262,1778,313,472,335,True,False,402,402,0,0,0,0.0,0.0,0.0,0.0,0.0
1262,1779,313,472,353,True,True,402,402,158,329,18,0.0,0.0,0.818407960199005,0.39303482587064675,0.818407960199005
1262,1780,313,472,361,True,True,402,402,18,51,3,0.0,0.0,0.12686567164179105,0.04477611940298507,0.12686567164179105
1262,1781,313,472,433,True,False,402,402,0,0,0,0.0,0.0,0.0,0.0,0.0
1263,268,315,50,146,True,False,58,58,0,0,0,0.0,0.0,0.0,0.0,0.0
1263,269,315,50,288,True,False,58,58,0,0,0,0.0,0.0,0.0,0.0,0.0
1263,270,315,50,315,True,False,58,58,0,0,0,0.0,0.0,0.0,0.0,0.0
1264,392,315,100,8,True,False,477,477,0,0,0,0.0,0.0,0.0,0.0,0.0
1264,393,315,100,50,True,True,477,477,130,1431,9,0.0,5.0,3.0,0.27253668763102723,3.0
1264,394,315,100,109,True,False,477,477,0,0,0,0.0,0.0,0.0,0.0,0.0
1264,395,315,100,146,True,False,477,477,0,0,0,0.0,0.0,0.0,0.0,0.0
1264,396,315,100,164,True,True,477,477,178,1536,11,0.0,4.0,3.220125786163522,0.3731656184486373,3.220125786163522
1264,397,315,100,171,True,False,477,477,0,0,0,0.0,0.0,0.0,0.0,0.0
1264,398,315,100,173,True,True,477,477,36,261,3,0.0,3.0,0.5471698113207547,0.07547169811320754,0.5471698113207547
1264,399,315,100,180,True,True,477,477,153,628,10,0.0,4.0,1.3165618448637317,0.32075471698113206,1.3165618448637317
1264,400,315,100,271,True,True,477,477,54,242,4,0.0,3.0,0.5073375262054507,0.11320754716981132,0.5073375262054507
1264,401,315,100,315,True,True,477,477,36,84,5,0.0,0.0,0.1761006289308176,0.07547169811320754,0.1761006289308176
1264,402,315,100,405,True,False,477,477,0,0,0,0.0,0.0,0.0,0.0,0.0
1264,403,315,100,410,True,True,477,477,56,229,4,0.0,4.0,0.480083857442348,0.11740041928721175,0.480083857442348
1265,795,315,184,4,True,False,24,24,0,0,0,0.0,0.0,0.0,0.0,0.0
1265,796,315,184,8,True,False,24,24,0,0,0,0.0,0.0,0.0,0.0,0.0
1265,797,315,184,22,True,False,24,24,0,0,0,0.0,0.0,0.0,0.0,0.0
1265,798,315,184,50,True,True,24,24,24,324,2,0.0,3.0,13.5,1.0,13.5
1265,799,315,184,79,True,False,24,24,0,0,0,0.0,0.0,0.0,0.0,0.0
1265,800,315,184,139,True,False,24,24,0,0,0,0.0,0.0,0.0,0.0,0.0
1265,801,315,184,229,True,False,24,24,0,0,0,0.0,0.0,0.0,0.0,0.0
1265,802,315,184,230,True,False,24,24,0,0,0,0.0,0.0,0.0,0.0,0.0
1265,803,315,184,273,True,False,24,24,0,0,0,0.0,0.0,0.0,0.0,0.0
1265,804,315,184,288,True,False,24,24,0,0,0,0.0,0.0,0.0,0.0,0.0
1265,805,315,184,290,True,False,24,24,0,0,0,0.0,0.0,0.0,0.0,0.0
1265,806,315,184,315,True,False,24,24,0,0,0,0.0,0.0,0.0,0.0,0.0
1265,807,315,184,383,True,False,24,24,0,0,0,0.0,0.0,0.0,0.0,0.0
1266,905,315,229,79,True,False,4,4,0,0,0,0.0,0.0,0.0,0.0,0.0
1266,906,315,229,126,True,False,4,4,0,0,0,0.0,0.0,0.0,0.0,0.0
1266,907,315,229,149,True,False,4,4,0,0,0,0.0,0.0,0.0,0.0,0.0
1266,908,315,229,157,True,False,4,4,0,0,0,0.0,0.0,0.0,0.0,0.0
1266,909,315,229,184,True,False,4,4,0,0,0,0.0,0.0,0.0,0.0,0.0
1266,910,315,229,230,True,False,4,4,0,0,0,0.0,0.0,0.0,0.0,0.0
1266,911,315,229,315,True,True,4,4,2,10,1,0.0,0.0,2.5,0.5,2.5
1267,912,315,230,4,True,False,43,43,0,0,0,0.0,0.0,0.0,0.0,0.0
1267,913,315,230,8,True,False,43,43,0,0,0,0.0,0.0,0.0,0.0,0.0
1267,914,315,230,22,True,False,43,43,0,0,0,0.0,0.0,0.0,0.0,0.0
1267,915,315,230,50,True,True,43,43,14,14,1,1.0,4.0,0.32558139534883723,0.32558139534883723,0.32558139534883723
1267,916,315,230,79,True,False,43,43,0,0,0,0.0,0.0,0.0,0.0,0.0
1267,917,315,230,80,True,False,43,43,0,0,0,0.0,0.0,0.0,0.0,0.0
1267,918,315,230,100,True,True,43,43,2,14,1,0.0,0.0,0.32558139534883723,0.046511627906976744,0.32558139534883723
1267,919,315,230,149,True,False,43,43,0,0,0,0.0,0.0,0.0,0.0,0.0
1267,920,315,230,151,True,False,43,43,0,0,0,0.0,0.0,0.0,0.0,0.0
1267,921,315,230,171,True,False,43,43,0,0,0,0.0,0.0,0.0,0.0,0.0
1267,922,315,230,184,True,True,43,43,11,78,1,0.0,2.0,1.813953488372093,0.2558139534883721,1.813953488372093
1267,923,315,230,288,True,True,43,43,14,69,1,0.0,3.0,1.6046511627906976,0.32558139534883723,1.6046511627906976
1267,924,315,230,311,True,False,43,43,0,0,0,0.0,0.0,0.0,0.0,0.0
1267,925,315,230,390,True,False,43,43,0,0,0,0.0,0.0,0.0,0.0,0.0
1267,926,315,230,485,True,False,43,43,0,0,0,0.0,0.0,0.0,0.0,0.0
1268,1808,315,485,8,True,False,7,7,0,0,0,0.0,0.0,0.0,0.0,0.0
1268,1809,315,485,79,True,False,7,7,0,0,0,0.0,0.0,0.0,0.0,0.0
1268,1810,315,485,100,True,False,7,7,0,0,0,0.0,0.0,0.0,0.0,0.0
1268,1811,315,485,149,True,False,7,7,0,0,0,0.0,0.0,0.0,0.0,0.0
1268,1812,315,485,151,True,False,7,7,0,0,0,0.0,0.0,0.0,0.0,0.0
1268,1813,315,485,161,True,False,7,7,0,0,0,0.0,0.0,0.0,0.0,0.0
1268,1814,315,485,167,True,False,7,7,0,0,0,0.0,0.0,0.0,0.0,0.0
1268,1815,315,485,170,True,False,7,7,0,0,0,0.0,0.0,0.0,0.0,0.0
1268,1816,315,485,230,True,False,7,7,0,0,0,0.0,0.0,0.0,0.0,0.0
1268,1817,315,485,315,True,False,7,7,0,0,0,0.0,0.0,0.0,0.0,0.0
1268,1818,315,485,405,True,False,7,7,0,0,0,0.0,0.0,0.0,0.0,0.0
1269,366,316,84,24,True,False,18,18,0,0,0,0.0,0.0,0.0,0.0,0.0
1269,367,316,84,58,True,False,18,18,0,0,0,0.0,0.0,0.0,0.0,0.0
1269,368,316,84,115,True,False,18,18,0,0,0,0.0,0.0,0.0,0.0,0.0
1269,369,316,84,316,True,False,18,18,0,0,0,0.0,0.0,0.0,0.0,0.0
1269,370,316,84,385,True,False,18,18,0,0,0,0.0,0.0,0.0,0.0,0.0
1269,371,316,84,389,True,False,18,18,0,0,0,0.0,0.0,0.0,0.0,0.0
1269,372,316,84,402,True,False,18,18,0,0,0,0.0,0.0,0.0,0.0,0.0
1269,373,316,84,474,True,False,18,18,0,0,0,0.0,0.0,0.0,0.0,0.0
1270,437,316,115,58,True,False,8,8,0,0,0,0.0,0.0,0.0,0.0,0.0
1270,438,316,115,84,True,False,8,8,0,0,0,0.0,0.0,0.0,0.0,0.0
1270,439,316,115,85,True,True,8,8,1,5,1,0.0,0.0,0.625,0.125,0.625
1270,440,316,115,217,True,True,8,8,5,20,1,0.0,0.0,2.5,0.625,2.5
1270,441,316,115,316,True,True,8,8,7,13,2,0.0,0.0,1.625,0.875,1.625
1270,442,316,115,375,True,False,8,8,0,0,0,0.0,0.0,0.0,0.0,0.0
1270,443,316,115,389,True,False,8,8,0,0,0,0.0,0.0,0.0,0.0,0.0
1270,444,316,115,402,True,False,8,8,0,0,0,0.0,0.0,0.0,0.0,0.0
1270,445,316,115,474,True,False,8,8,0,0,0,0.0,0.0,0.0,0.0,0.0
1271,474,316,125,6,True,False,105,105,0,0,0,0.0,0.0,0.0,0.0,0.0
1271,475,316,125,23,True,False,105,105,0,0,0,0.0,0.0,0.0,0.0,0.0
1271,476,316,125,217,True,False,105,105,0,0,0,0.0,0.0,0.0,0.0,0.0
1271,477,316,125,247,True,False,105,105,0,0,0,0.0,0.0,0.0,0.0,0.0
1271,478,316,125,296,True,True,105,105,30,119,2,0.0,5.0,1.1333333333333333,0.2857142857142857,1.1333333333333333
1271,479,316,125,309,True,False,105,105,0,0,0,0.0,0.0,0.0,0.0,0.0
1271,480,316,125,385,True,False,105,105,0,0,0,0.0,0.0,0.0,0.0,0.0
1271,481,316,125,402,True,False,105,105,0,0,0,0.0,0.0,0.0,0.0,0.0
1272,582,316,147,6,True,False,45,45,0,0,0,0.0,0.0,0.0,0.0,0.0
1272,583,316,147,24,True,False,45,45,0,0,0,0.0,0.0,0.0,0.0,0.0
1272,584,316,147,217,True,False,45,45,0,0,0,0.0,0.0,0.0,0.0,0.0
1272,585,316,147,227,True,False,45,45,0,0,0,0.0,0.0,0.0,0.0,0.0
1272,586,316,147,309,True,False,45,45,0,0,0,0.0,0.0,0.0,0.0,0.0
1272,587,316,147,316,True,False,45,45,0,0,0,0.0,0.0,0.0,0.0,0.0
1272,588,316,147,387,True,False,45,45,0,0,0,0.0,0.0,0.0,0.0,0.0
1272,589,316,147,402,True,False,45,45,0,0,0,0.0,0.0,0.0,0.0,0.0
1272,590,316,147,474,True,False,45,45,0,0,0,0.0,0.0,0.0,0.0,0.0
1273,878,316,217,6,True,True,326,326,18,78,2,0.0,2.0,0.2392638036809816,0.05521472392638037,0.2392638036809816
1273,879,316,217,13,True,True,326,326,73,73,5,2.0,7.0,0.22392638036809817,0.22392638036809817,0.22392638036809817
1273,880,316,217,21,True,True,326,326,17,54,1,0.0,4.0,0.1656441717791411,0.05214723926380368,0.1656441717791411
1273,881,316,217,58,True,False,326,326,0,0,0,0.0,0.0,0.0,0.0,0.0
1273,882,316,217,129,True,True,326,326,217,835,15,0.0,6.0,2.561349693251534,0.6656441717791411,2.561349693251534
1273,883,316,217,156,True,True,326,326,46,46,4,3.0,7.0,0.1411042944785276,0.1411042944785276,0.1411042944785276
1273,884,316,217,179,True,True,326,326,171,619,12,0.0,6.0,1.8987730061349692,0.5245398773006135,1.8987730061349692
1273,885,316,217,186,True,True,326,326,3,21,1,5.0,7.0,0.06441717791411043,0.009202453987730062,0.06441717791411043
1273,886,316,217,243,True,True,326,326,60,374,7,0.0,3.0,1.147239263803681,0.18404907975460122,1.147239263803681
1273,887,316,217,319,True,True,326,326,76,205,6,1.0,6.0,0.6288343558282209,0.2331288343558282,0.6288343558282209
1273,888,316,217,385,True,True,326,326,3,15,1,0.0,0.0,0.046012269938650305,0.009202453987730062,0.046012269938650305
1274,1228,316,309,6,True,False,28,28,0,0,0,0.0,0.0,0.0,0.0,0.0
1274,1229,316,309,24,True,True,28,28,5,55,1,0.0,1.0,1.9642857142857142,0.17857142857142858,1.9642857142857142
1274,1230,316,309,125,True,False,28,28,0,0,0,0.0,0.0,0.0,0.0,0.0
1274,1231,316,309,147,True,True,28,28,12,166,1,0.0,3.0,5.928571428571429,0.42857142857142855,5.928571428571429
1274,1232,316,309,217,True,True,28,28,11,99,1,0.0,1.0,3.5357142857142856,0.39285714285714285,3.5357142857142856
1274,1233,316,309,224,True,False,28,28,0,0,0,0.0,0.0,0.0,0.0,0.0
1274,1234,316,309,227,True,False,28,28,0,0,0,0.0,0.0,0.0,0.0,0.0
1274,1235,316,309,316,True,True,28,28,1,2,1,0.0,0.0,0.07142857142857142,0.03571428571428571,0.07142857142857142
1274,1236,316,309,352,True,False,28,28,0,0,0,0.0,0.0,0.0,0.0,0.0
1274,1237,316,309,361,True,False,28,28,0,0,0,0.0,0.0,0.0,0.0,0.0
1274,1238,316,309,387,True,False,28,28,0,0,0,0.0,0.0,0.0,0.0,0.0
1274,1239,316,309,474,True,False,28,28,0,0,0,0.0,0.0,0.0,0.0,0.0
1275,1367,316,341,23,True,False,8,8,0,0,0,0.0,0.0,0.0,0.0,0.0
1275,1368,316,341,85,True,False,8,8,0,0,0,0.0,0.0,0.0,0.0,0.0
1275,1369,316,341,125,True,False,8,8,0,0,0,0.0,0.0,0.0,0.0,0.0
1275,1370,316,341,240,True,False,8,8,0,0,0,0.0,0.0,0.0,0.0,0.0
1275,1371,316,341,385,True,False,8,8,0,0,0,0.0,0.0,0.0,0.0,0.0
1275,1372,316,341,389,True,False,8,8,0,0,0,0.0,0.0,0.0,0.0,0.0
1276,1421,316,361,6,True,True,42,42,9,56,1,0.0,1.0,1.3333333333333333,0.21428571428571427,1.3333333333333333
1276,1422,316,361,13,True,False,42,42,0,0,0,0.0,0.0,0.0,0.0,0.0
1276,1423,316,361,21,True,False,42,42,0,0,0,0.0,0.0,0.0,0.0,0.0
1276,1424,316,361,58,True,False,42,42,0,0,0,0.0,0.0,0.0,0.0,0.0
1276,1425,316,361,74,True,False,42,42,0,0,0,0.0,0.0,0.0,0.0,0.0
1276,1426,316,361,129,True,False,42,42,0,0,0,0.0,0.0,0.0,0.0,0.0
1276,1427,316,361,156,True,False,42,42,0,0,0,0.0,0.0,0.0,0.0,0.0
1276,1428,316,361,179,True,True,42,42,24,24,2,0.0,3.0,0.5714285714285714,0.5714285714285714,0.5714285714285714
1276,1429,316,361,186,True,False,42,42,0,0,0,0.0,0.0,0.0,0.0,0.0
1276,1430,316,361,217,True,True,42,42,10,56,2,0.0,0.5,1.3333333333333333,0.23809523809523808,1.3333333333333333
1276,1431,316,361,243,True,True,42,42,24,268,2,0.0,3.0,6.380952380952381,0.5714285714285714,6.380952380952381
1276,1432,316,361,245,True,False,42,42,0,0,0,0.0,0.0,0.0,0.0,0.0
1276,1433,316,361,251,True,False,42,42,0,0,0,0.0,0.0,0.0,0.0,0.0
1276,1434,316,361,253,True,False,42,42,0,0,0,0.0,0.0,0.0,0.0,0.0
1276,1435,316,361,313,True,False,42,42,0,0,0,0.0,0.0,0.0,0.0,0.0
1276,1436,316,361,319,True,False,42,42,0,0,0,0.0,0.0,0.0,0.0,0.0
1276,1437,316,361,381,True,False,42,42,0,0,0,0.0,0.0,0.0,0.0,0.0
1276,1438,316,361,449,True,False,42,42,0,0,0,0.0,0.0,0.0,0.0,0.0
1277,1521,316,385,23,True,False,242,242,0,0,0,0.0,0.0,0.0,0.0,0.0
1277,1522,316,385,24,True,True,242,242,21,274,2,0.0,3.0,1.1322314049586777,0.08677685950413223,1.1322314049586777
1277,1523,316,385,84,True,True,242,242,15,160,1,4.0,9.0,0.6611570247933884,0.06198347107438017,0.6611570247933884
1277,1524,316,385,85,True,False,242,242,0,0,0,0.0,0.0,0.0,0.0,0.0
1277,1525,316,385,157,True,False,242,242,0,0,0,0.0,0.0,0.0,0.0,0.0
1277,1526,316,385,217,True,True,242,242,23,82,3,0.0,1.0,0.33884297520661155,0.09504132231404959,0.33884297520661155
1277,1527,316,385,224,True,True,242,242,33,255,3,0.0,6.0,1.0537190082644627,0.13636363636363635,1.0537190082644627
1277,1528,316,385,243,True,True,242,242,9,37,1,0.0,0.0,0.15289256198347106,0.0371900826446281,0.15289256198347106
1277,1529,316,385,296,True,True,242,242,122,1590,11,0.0,3.0,6.570247933884297,0.5041322314049587,6.570247933884297
1277,1530,316,385,316,True,True,242,242,11,63,2,0.0,0.0,0.2603305785123967,0.045454545454545456,0.2603305785123967
1277,1531,316,385,389,True,True,242,242,2,5,1,0.0,0.0,0.02066115702479339,0.008264462809917356,0.02066115702479339
1277,1532,316,385,402,True,True,242,242,9,24,1,0.0,1.0,0.09917355371900827,0.0371900826446281,0.09917355371900827
1277,1533,316,385,474,True,True,242,242,20,119,2,0.0,4.0,0.49173553719008267,0.08264462809917356,0.49173553719008267
1278,1543,316,389,23,True,False,38,38,0,0,0,0.0,0.0,0.0,0.0,0.0
1278,1544,316,389,58,True,False,38,38,0,0,0,0.0,0.0,0.0,0.0,0.0
1278,1545,316,389,84,True,False,38,38,0,0,0,0.0,0.0,0.0,0.0,0.0
1278,1546,316,389,85,True,False,38,38,0,0,0,0.0,0.0,0.0,0.0,0.0
1278,1547,316,389,115,True,False,38,38,0,0,0,0.0,0.0,0.0,0.0,0.0
1278,1548,316,389,157,True,False,38,38,0,0,0,0.0,0.0,0.0,0.0,0.0
1278,1549,316,389,208,True,False,38,38,0,0,0,0.0,0.0,0.0,0.0,0.0
1278,1550,316,389,296,True,True,38,38,26,193,2,0.0,4.0,5.078947368421052,0.6842105263157895,5.078947368421052
1278,1551,316,389,385,True,True,38,38,26,287,2,0.0,1.0,7.552631578947368,0.6842105263157895,7.552631578947368
1278,1552,316,389,474,True,False,38,38,0,0,0,0.0,0.0,0.0,0.0,0.0
1279,1583,316,402,7,True,False,10,10,0,0,0,0.0,0.0,0.0,0.0,0.0
1279,1584,316,402,24,True,True,10,10,5,71,1,0.0,3.0,7.1,0.5,7.1
1279,1585,316,402,77,True,False,10,10,0,0,0,0.0,0.0,0.0,0.0,0.0
1279,1586,316,402,84,True,False,10,10,0,0,0,0.0,0.0,0.0,0.0,0.0
1279,1587,316,402,98,True,False,10,10,0,0,0,0.0,0.0,0.0,0.0,0.0
1279,1588,316,402,115,True,False,10,10,0,0,0,0.0,0.0,0.0,0.0,0.0
1279,1589,316,402,147,True,False,10,10,0,0,0,0.0,0.0,0.0,0.0,0.0
1279,1590,316,402,217,True,False,10,10,0,0,0,0.0,0.0,0.0,0.0,0.0
1279,1591,316,402,247,True,False,10,10,0,0,0,0.0,0.0,0.0,0.0,0.0
1279,1592,316,402,309,True,False,10,10,0,0,0,0.0,0.0,0.0,0.0,0.0
1279,1593,316,402,316,True,False,10,10,0,0,0,0.0,0.0,0.0,0.0,0.0
1279,1594,316,402,352,True,False,10,10,0,0,0,0.0,0.0,0.0,0.0,0.0
1279,1595,316,402,375,True,False,10,10,0,0,0,0.0,0.0,0.0,0.0,0.0
1279,1596,316,402,385,True,False,10,10,0,0,0,0.0,0.0,0.0,0.0,0.0
1279,1597,316,402,474,True,False,10,10,0,0,0,0.0,0.0,0.0,0.0,0.0
1280,1598,316,404,10,True,False,4,4,0,0,0,0.0,0.0,0.0,0.0,0.0
1280,1599,316,404,39,True,False,4,4,0,0,0,0.0,0.0,0.0,0.0,0.0
1280,1600,316,404,84,True,False,4,4,0,0,0,0.0,0.0,0.0,0.0,0.0
1280,1601,316,404,115,True,False,4,4,0,0,0,0.0,0.0,0.0,0.0,0.0
1280,1602,316,404,117,True,False,4,4,0,0,0,0.0,0.0,0.0,0.0,0.0
1280,1603,316,404,169,True,False,4,4,0,0,0,0.0,0.0,0.0,0.0,0.0
1280,1604,316,404,199,True,False,4,4,0,0,0,0.0,0.0,0.0,0.0,0.0
1280,1605,316,404,217,True,True,4,4,2,3,1,0.0,0.0,0.75,0.5,0.75
1280,1606,316,404,262,True,False,4,4,0,0,0,0.0,0.0,0.0,0.0,0.0
1280,1607,316,404,294,True,False,4,4,0,0,0,0.0,0.0,0.0,0.0,0.0
1280,1608,316,404,309,True,False,4,4,0,0,0,0.0,0.0,0.0,0.0,0.0
1280,1609,316,404,316,True,True,4,4,2,6,2,0.0,0.0,1.5,0.5,1.5
1280,1610,316,404,317,True,False,4,4,0,0,0,0.0,0.0,0.0,0.0,0.0
1280,1611,316,404,383,True,False,4,4,0,0,0,0.0,0.0,0.0,0.0,0.0
1280,1612,316,404,385,True,True,4,4,1,2,1,0.0,0.0,0.5,0.25,0.5
1280,1613,316,404,387,True,False,4,4,0,0,0,0.0,0.0,0.0,0.0,0.0
1280,1614,316,404,389,True,False,4,4,0,0,0,0.0,0.0,0.0,0.0,0.0
1280,1615,316,404,433,True,False,4,4,0,0,0,0.0,0.0,0.0,0.0,0.0
1280,1616,316,404,474,True,True,4,4,2,6,1,0.0,0.0,1.5,0.5,1.5
1280,1617,316,404,494,True,False,4,4,0,0,0,0.0,0.0,0.0,0.0,0.0
1281,1782,316,474,7,True,False,34,34,0,0,0,0.0,0.0,0.0,0.0,0.0
1281,1783,316,474,37,True,False,34,34,0,0,0,0.0,0.0,0.0,0.0,0.0
1281,1784,316,474,39,True,False,34,34,0,0,0,0.0,0.0,0.0,0.0,0.0
1281,1785,316,474,58,True,False,34,34,0,0,0,0.0,0.0,0.0,0.0,0.0
1281,1786,316,474,84,True,False,34,34,0,0,0,0.0,0.0,0.0,0.0,0.0
1281,1787,316,474,88,True,False,34,34,0,0,0,0.0,0.0,0.0,0.0,0.0
1281,1788,316,474,115,True,False,34,34,0,0,0,0.0,0.0,0.0,0.0,0.0
1281,1789,316,474,125,True,False,34,34,0,0,0,0.0,0.0,0.0,0.0,0.0
1281,1790,316,474,143,True,False,34,34,0,0,0,0.0,0.0,0.0,0.0,0.0
1281,1791,316,474,217,True,True,34,34,8,55,2,0.0,1.0,1.6176470588235294,0.23529411764705882,1.6176470588235294
1281,1792,316,474,243,True,True,34,34,2,3,1,0.0,0.0,0.08823529411764706,0.058823529411764705,0.08823529411764706
1281,1793,316,474,261,True,False,34,34,0,0,0,0.0,0.0,0.0,0.0,0.0
1281,1794,316,474,279,True,False,34,34,0,0,0,0.0,0.0,0.0,0.0,0.0
1281,1795,316,474,309,True,False,34,34,0,0,0,0.0,0.0,0.0,0.0,0.0
1281,1796,316,474,317,True,False,34,34,0,0,0,0.0,0.0,0.0,0.0,0.0
1281,1797,316,474,321,True,False,34,34,0,0,0,0.0,0.0,0.0,0.0,0.0
1281,1798,316,474,385,True,True,34,34,26,241,3,0.0,2.0,7.088235294117647,0.7647058823529411,7.088235294117647
1281,1799,316,474,389,True,False,34,34,0,0,0,0.0,0.0,0.0,0.0,0.0
1281,1800,316,474,402,True,False,34,34,0,0,0,0.0,0.0,0.0,0.0,0.0
1282,183,317,30,176,True,False,4,4,0,0,0,0.0,0.0,0.0,0.0,0.0
1282,184,317,30,199,True,False,4,4,0,0,0,0.0,0.0,0.0,0.0,0.0
1282,185,317,30,238,True,False,4,4,0,0,0,0.0,0.0,0.0,0.0,0.0
1282,186,317,30,252,True,True,4,4,2,10,1,0.0,0.0,2.5,0.5,2.5
1282,187,317,30,290,True,False,4,4,0,0,0,0.0,0.0,0.0,0.0,0.0
1282,188,317,30,317,True,True,4,4,2,6,2,0.0,0.0,1.5,0.5,1.5
1282,189,317,30,383,True,False,4,4,0,0,0,0.0,0.0,0.0,0.0,0.0
1282,190,317,30,404,True,False,4,4,0,0,0,0.0,0.0,0.0,0.0,0.0
1282,191,317,30,474,True,False,4,4,0,0,0,0.0,0.0,0.0,0.0,0.0
1282,192,317,30,494,True,True,4,4,1,3,1,0.0,0.0,0.75,0.25,0.75
1283,232,317,39,117,True,False,5,5,0,0,0,0.0,0.0,0.0,0.0,0.0
1283,233,317,39,169,True,False,5,5,0,0,0,0.0,0.0,0.0,0.0,0.0
1283,234,317,39,176,True,False,5,5,0,0,0,0.0,0.0,0.0,0.0,0.0
1283,235,317,39,199,True,True,5,5,1,5,1,0.0,0.0,1.0,0.2,1.0
1283,236,317,39,252,True,False,5,5,0,0,0,0.0,0.0,0.0,0.0,0.0
1283,237,317,39,294,True,True,5,5,4,40,1,0.0,1.0,8.0,0.8,8.0
1283,238,317,39,317,True,False,5,5,0,0,0,0.0,0.0,0.0,0.0,0.0
1283,239,317,39,371,True,False,5,5,0,0,0,0.0,0.0,0.0,0.0,0.0
1283,240,317,39,383,True,False,5,5,0,0,0,0.0,0.0,0.0,0.0,0.0
1283,241,317,39,404,True,False,5,5,0,0,0,0.0,0.0,0.0,0.0,0.0
1283,242,317,39,455,True,False,5,5,0,0,0,0.0,0.0,0.0,0.0,0.0
1283,243,317,39,494,True,False,5,5,0,0,0,0.0,0.0,0.0,0.0,0.0
1283,244,317,39,508,True,False,5,5,0,0,0,0.0,0.0,0.0,0.0,0.0
1284,776,317,176,16,True,False,99,99,0,0,0,0.0,0.0,0.0,0.0,0.0
1284,777,317,176,266,True,True,99,99,85,1045,6,0.0,6.0,10.555555555555555,0.8585858585858586,10.555555555555555
1284,778,317,176,383,True,False,99,99,0,0,0,0.0,0.0,0.0,0.0,0.0
1284,779,317,176,462,True,True,99,99,27,286,2,0.0,2.0,2.888888888888889,0.2727272727272727,2.888888888888889
1285,831,317,199,10,True,False,37,37,0,0,0,0.0,0.0,0.0,0.0,0.0
1285,832,317,199,39,True,False,37,37,0,0,0,0.0,0.0,0.0,0.0,0.0
1285,833,317,199,77,True,False,37,37,0,0,0,0.0,0.0,0.0,0.0,0.0
1285,834,317,199,117,True,False,37,37,0,0,0,0.0,0.0,0.0,0.0,0.0
1285,835,317,199,170,True,False,37,37,0,0,0,0.0,0.0,0.0,0.0,0.0
1285,836,317,199,176,True,False,37,37,0,0,0,0.0,0.0,0.0,0.0,0.0
1285,837,317,199,238,True,False,37,37,0,0,0,0.0,0.0,0.0,0.0,0.0
1285,838,317,199,252,True,False,37,37,0,0,0,0.0,0.0,0.0,0.0,0.0
1285,839,317,199,317,True,True,37,37,7,70,2,0.0,3.0,1.8918918918918919,0.1891891891891892,1.8918918918918919
1285,840,317,199,383,True,False,37,37,0,0,0,0.0,0.0,0.0,0.0,0.0
1285,841,317,199,387,True,False,37,37,0,0,0,0.0,0.0,0.0,0.0,0.0
1285,842,317,199,402,True,False,37,37,0,0,0,0.0,0.0,0.0,0.0,0.0
1285,843,317,199,404,True,False,37,37,0,0,0,0.0,0.0,0.0,0.0,0.0
1285,844,317,199,462,True,False,37,37,0,0,0,0.0,0.0,0.0,0.0,0.0
1285,845,317,199,494,True,False,37,37,0,0,0,0.0,0.0,0.0,0.0,0.0
1286,932,317,238,10,True,False,4,4,0,0,0,0.0,0.0,0.0,0.0,0.0
1286,933,317,238,80,True,False,4,4,0,0,0,0.0,0.0,0.0,0.0,0.0
1286,934,317,238,117,True,False,4,4,0,0,0,0.0,0.0,0.0,0.0,0.0
1286,935,317,238,149,True,False,4,4,0,0,0,0.0,0.0,0.0,0.0,0.0
1286,936,317,238,199,True,False,4,4,0,0,0,0.0,0.0,0.0,0.0,0.0
1286,937,317,238,294,True,False,4,4,0,0,0,0.0,0.0,0.0,0.0,0.0
1286,938,317,238,317,True,True,4,4,2,10,2,0.0,0.0,2.5,0.5,2.5
1286,939,317,238,387,True,False,4,4,0,0,0,0.0,0.0,0.0,0.0,0.0
1286,940,317,238,404,True,True,4,4,2,8,1,0.0,0.0,2.0,0.5,2.0
1286,941,317,238,494,True,False,4,4,0,0,0,0.0,0.0,0.0,0.0,0.0
1287,1011,317,252,30,True,True,136,136,20,48,1,0.0,2.0,0.35294117647058826,0.14705882352941177,0.35294117647058826
1287,1012,317,252,39,True,False,136,136,0,0,0,0.0,0.0,0.0,0.0,0.0
1287,1013,317,252,176,True,False,136,136,0,0,0,0.0,0.0,0.0,0.0,0.0
1287,1014,317,252,199,True,True,136,136,19,114,2,2.0,8.0,0.8382352941176471,0.13970588235294118,0.8382352941176471
1287,1015,317,252,259,True,False,136,136,0,0,0,0.0,0.0,0.0,0.0,0.0
1287,1016,317,252,317,True,True,136,136,40,338,3,0.0,4.0,2.485294117647059,0.29411764705882354,2.485294117647059
1287,1017,317,252,371,True,False,136,136,0,0,0,0.0,0.0,0.0,0.0,0.0
1287,1018,317,252,383,True,False,136,136,0,0,0,0.0,0.0,0.0,0.0,0.0
1288,1184,317,294,21,True,False,35,35,0,0,0,0.0,0.0,0.0,0.0,0.0
1288,1185,317,294,22,True,False,35,35,0,0,0,0.0,0.0,0.0,0.0,0.0
1288,1186,317,294,61,True,False,35,35,0,0,0,0.0,0.0,0.0,0.0,0.0
1288,1187,317,294,117,True,False,35,35,0,0,0,0.0,0.0,0.0,0.0,0.0
1288,1188,317,294,141,True,False,35,35,0,0,0,0.0,0.0,0.0,0.0,0.0
1288,1189,317,294,169,True,True,35,35,1,4,1,3.0,4.5,0.11428571428571428,0.02857142857142857,0.11428571428571428
1288,1190,317,294,175,True,False,35,35,0,0,0,0.0,0.0,0.0,0.0,0.0
1288,1191,317,294,179,True,False,35,35,0,0,0,0.0,0.0,0.0,0.0,0.0
1288,1192,317,294,186,True,False,35,35,0,0,0,0.0,0.0,0.0,0.0,0.0
1288,1193,317,294,281,True,False,35,35,0,0,0,0.0,0.0,0.0,0.0,0.0
1288,1194,317,294,313,True,False,35,35,0,0,0,0.0,0.0,0.0,0.0,0.0
1288,1195,317,294,433,True,False,35,35,0,0,0,0.0,0.0,0.0,0.0,0.0
1288,1196,317,294,455,True,True,35,35,35,443,4,0.0,3.0,12.657142857142857,1.0,12.657142857142857
1289,1454,317,371,39,True,False,6,6,0,0,0,0.0,0.0,0.0,0.0,0.0
1289,1455,317,371,126,True,False,6,6,0,0,0,0.0,0.0,0.0,0.0,0.0
1289,1456,317,371,146,True,False,6,6,0,0,0,0.0,0.0,0.0,0.0,0.0
1289,1457,317,371,163,True,True,6,6,1,2,1,0.0,0.0,0.3333333333333333,0.16666666666666666,0.3333333333333333
1289,1458,317,371,247,True,False,6,6,0,0,0,0.0,0.0,0.0,0.0,0.0
1289,1459,317,371,252,True,True,6,6,5,20,1,0.0,0.0,3.3333333333333335,0.8333333333333334,3.3333333333333335
1289,1460,317,371,259,True,False,6,6,0,0,0,0.0,0.0,0.0,0.0,0.0
1289,1461,317,371,385,True,False,6,6,0,0,0,0.0,0.0,0.0,0.0,0.0
1290,1505,317,383,21,True,False,87,87,0,0,0,0.0,0.0,0.0,0.0,0.0
1290,1506,317,383,39,True,False,87,87,0,0,0,0.0,0.0,0.0,0.0,0.0
1290,1507,317,383,61,True,True,87,87,30,30,2,3.0,6.0,0.3448275862068966,0.3448275862068966,0.3448275862068966
1290,1508,317,383,129,True,True,87,87,20,50,3,5.0,8.5,0.5747126436781609,0.22988505747126436,0.5747126436781609
1290,1509,317,383,141,True,False,87,87,0,0,0,0.0,0.0,0.0,0.0,0.0
1290,1510,317,383,169,True,True,87,87,33,310,4,0.0,4.0,3.5632183908045976,0.3793103448275862,3.5632183908045976
1290,1511,317,383,179,True,True,87,87,6,11,3,5.0,8.0,0.12643678160919541,0.06896551724137931,0.12643678160919541
1290,1512,317,383,186,True,False,87,87,0,0,0,0.0,0.0,0.0,0.0,0.0
1290,1513,317,383,273,True,False,87,87,0,0,0,0.0,0.0,0.0,0.0,0.0
1290,1514,317,383,281,True,False,87,87,0,0,0,0.0,0.0,0.0,0.0,0.0
1290,1515,317,383,313,True,True,87,87,12,36,1,3.0,6.0,0.41379310344827586,0.13793103448275862,0.41379310344827586
1290,1516,317,383,317,True,True,87,87,9,23,1,0.0,0.0,0.26436781609195403,0.10344827586206896,0.26436781609195403
1290,1517,317,383,335,True,True,87,87,15,209,1,0.0,4.0,2.4022988505747125,0.1724137931034483,2.4022988505747125
1290,1518,317,383,433,True,False,87,87,0,0,0,0.0,0.0,0.0,0.0,0.0
1290,1519,317,383,455,True,True,87,87,30,209,4,0.0,2.0,2.4022988505747125,0.3448275862068966,2.4022988505747125
1290,1520,317,383,508,True,False,87,87,0,0,0,0.0,0.0,0.0,0.0,0.0
1291,1534,317,387,6,True,False,21,21,0,0,0,0.0,0.0,0.0,0.0,0.0
1291,1535,317,387,10,True,False,21,21,0,0,0,0.0,0.0,0.0,0.0,0.0
1291,1536,317,387,117,True,False,21,21,0,0,0,0.0,0.0,0.0,0.0,0.0
1291,1537,317,387,175,True,False,21,21,0,0,0,0.0,0.0,0.0,0.0,0.0
1291,1538,317,387,281,True,False,21,21,0,0,0,0.0,0.0,0.0,0.0,0.0
1291,1539,317,387,294,True,False,21,21,0,0,0,0.0,0.0,0.0,0.0,0.0
1291,1540,317,387,309,True,False,21,21,0,0,0,0.0,0.0,0.0,0.0,0.0
1291,1541,317,387,383,True,True,21,21,21,232,2,0.0,1.0,11.047619047619047,1.0,11.047619047619047
1291,1542,317,387,455,True,True,21,21,14,14,1,0.0,2.0,0.6666666666666666,0.6666666666666666,0.6666666666666666
1292,1598,317,404,10,True,False,4,4,0,0,0,0.0,0.0,0.0,0.0,0.0
1292,1599,317,404,39,True,False,4,4,0,0,0,0.0,0.0,0.0,0.0,0.0
1292,1600,317,404,84,True,False,4,4,0,0,0,0.0,0.0,0.0,0.0,0.0
1292,1601,317,404,115,True,False,4,4,0,0,0,0.0,0.0,0.0,0.0,0.0
1292,1602,317,404,117,True,False,4,4,0,0,0,0.0,0.0,0.0,0.0,0.0
1292,1603,317,404,169,True,True,4,4,4,49,2,0.0,3.0,12.25,1.0,12.25
1292,1604,317,404,199,True,False,4,4,0,0,0,0.0,0.0,0.0,0.0,0.0
1292,1605,317,404,217,True,False,4,4,0,0,0,0.0,0.0,0.0,0.0,0.0
1292,1606,317,404,262,True,False,4,4,0,0,0,0.0,0.0,0.0,0.0,0.0
1292,1607,317,404,294,True,False,4,4,0,0,0,0.0,0.0,0.0,0.0,0.0
1292,1608,317,404,309,True,False,4,4,0,0,0,0.0,0.0,0.0,0.0,0.0
1292,1609,317,404,316,True,False,4,4,0,0,0,0.0,0.0,0.0,0.0,0.0
1292,1610,317,404,317,True,False,4,4,0,0,0,0.0,0.0,0.0,0.0,0.0
1292,1611,317,404,383,True,False,4,4,0,0,0,0.0,0.0,0.0,0.0,0.0
1292,1612,317,404,385,True,False,4,4,0,0,0,0.0,0.0,0.0,0.0,0.0
1292,1613,317,404,387,True,False,4,4,0,0,0,0.0,0.0,0.0,0.0,0.0
1292,1614,317,404,389,True,False,4,4,0,0,0,0.0,0.0,0.0,0.0,0.0
1292,1615,317,404,433,True,False,4,4,0,0,0,0.0,0.0,0.0,0.0,0.0
1292,1616,317,404,474,True,False,4,4,0,0,0,0.0,0.0,0.0,0.0,0.0
1292,1617,317,404,494,True,False,4,4,0,0,0,0.0,0.0,0.0,0.0,0.0
1293,1726,317,455,13,True,False,22,22,0,0,0,0.0,0.0,0.0,0.0,0.0
1293,1727,317,455,21,True,True,22,22,3,12,1,3.0,5.0,0.5454545454545454,0.13636363636363635,0.5454545454545454
1293,1728,317,455,39,True,False,22,22,0,0,0,0.0,0.0,0.0,0.0,0.0
1293,1729,317,455,61,True,True,22,22,3,15,1,2.0,5.0,0.6818181818181818,0.13636363636363635,0.6818181818181818
1293,1730,317,455,74,True,False,22,22,0,0,0,0.0,0.0,0.0,0.0,0.0
1293,1731,317,455,117,True,False,22,22,0,0,0,0.0,0.0,0.0,0.0,0.0
1293,1732,317,455,129,True,False,22,22,0,0,0,0.0,0.0,0.0,0.0,0.0
1293,1733,317,455,141,True,True,22,22,15,81,2,4.0,8.0,3.6818181818181817,0.6818181818181818,3.6818181818181817
1293,1734,317,455,169,True,True,22,22,1,5,1,0.0,0.0,0.22727272727272727,0.045454545454545456,0.22727272727272727
1293,1735,317,455,179,True,False,22,22,0,0,0,0.0,0.0,0.0,0.0,0.0
1293,1736,317,455,186,True,False,22,22,0,0,0,0.0,0.0,0.0,0.0,0.0
1293,1737,317,455,199,True,False,22,22,0,0,0,0.0,0.0,0.0,0.0,0.0
1293,1738,317,455,248,True,False,22,22,0,0,0,0.0,0.0,0.0,0.0,0.0
1293,1739,317,455,281,True,False,22,22,0,0,0,0.0,0.0,0.0,0.0,0.0
1293,1740,317,455,313,True,True,22,22,6,18,1,4.0,6.0,0.8181818181818182,0.2727272727272727,0.8181818181818182
1293,1741,317,455,317,True,False,22,22,0,0,0,0.0,0.0,0.0,0.0,0.0
1293,1742,317,455,383,True,False,22,22,0,0,0,0.0,0.0,0.0,0.0,0.0
1293,1743,317,455,508,True,False,22,22,0,0,0,0.0,0.0,0.0,0.0,0.0
1294,1744,317,462,16,True,True,440,440,93,1153,6,0.0,6.0,2.6204545454545456,0.21136363636363636,2.6204545454545456
1294,1745,317,462,26,True,True,440,440,261,1388,19,3.0,9.0,3.1545454545454548,0.5931818181818181,3.1545454545454548
1294,1746,317,462,30,True,False,440,440,0,0,0,0.0,0.0,0.0,0.0,0.0
1294,1747,317,462,46,True,True,440,440,46,113,7,6.0,9.0,0.25681818181818183,0.10454545454545454,0.25681818181818183
1294,1748,317,462,109,True,False,440,440,0,0,0,0.0,0.0,0.0,0.0,0.0
1294,1749,317,462,266,True,True,440,440,57,485,4,2.0,8.0,1.1022727272727273,0.12954545454545455,1.1022727272727273
1294,1750,317,462,324,True,True,440,440,10,86,1,0.0,1.0,0.19545454545454546,0.022727272727272728,0.19545454545454546
1294,1751,317,462,378,True,True,440,440,9,101,2,0.0,5.0,0.22954545454545455,0.020454545454545454,0.22954545454545455
1294,1752,317,462,430,True,True,440,440,46,146,5,6.0,9.0,0.33181818181818185,0.10454545454545454,0.33181818181818185
1294,1753,317,462,487,True,True,440,440,11,11,2,7.0,9.0,0.025,0.025,0.025
1294,1754,317,462,497,True,True,440,440,55,598,4,0.0,6.0,1.3590909090909091,0.125,1.3590909090909091
1295,1844,317,494,16,True,False,52,52,0,0,0,0.0,0.0,0.0,0.0,0.0
1295,1845,317,494,39,True,False,52,52,0,0,0,0.0,0.0,0.0,0.0,0.0
1295,1846,317,494,109,True,False,52,52,0,0,0,0.0,0.0,0.0,0.0,0.0
1295,1847,317,494,117,True,False,52,52,0,0,0,0.0,0.0,0.0,0.0,0.0
1295,1848,317,494,169,True,True,52,52,2,8,1,0.0,0.0,0.15384615384615385,0.038461538461538464,0.15384615384615385
1295,1849,317,494,170,True,False,52,52,0,0,0,0.0,0.0,0.0,0.0,0.0
1295,1850,317,494,176,True,True,52,52,6,6,1,0.0,0.5,0.11538461538461539,0.11538461538461539,0.11538461538461539
1295,1851,317,494,199,True,False,52,52,0,0,0,0.0,0.0,0.0,0.0,0.0
1295,1852,317,494,238,True,False,52,52,0,0,0,0.0,0.0,0.0,0.0,0.0
1295,1853,317,494,252,True,True,52,52,4,14,2,0.0,0.0,0.2692307692307692,0.07692307692307693,0.2692307692307692
1295,1854,317,494,294,True,True,52,52,5,65,1,0.0,2.0,1.25,0.09615384615384616,1.25
1295,1855,317,494,311,True,False,52,52,0,0,0,0.0,0.0,0.0,0.0,0.0
1295,1856,317,494,317,True,True,52,52,22,185,5,0.0,1.0,3.5576923076923075,0.4230769230769231,3.5576923076923075
1295,1857,317,494,383,True,True,52,52,21,222,5,0.0,1.0,4.269230769230769,0.40384615384615385,4.269230769230769
1295,1858,317,494,404,True,True,52,52,2,3,1,0.0,0.0,0.057692307692307696,0.038461538461538464,0.057692307692307696
1295,1859,317,494,455,True,True,52,52,2,3,1,0.0,0.0,0.057692307692307696,0.038461538461538464,0.057692307692307696
1295,1860,317,494,462,True,True,52,52,4,4,1,0.0,1.5,0.07692307692307693,0.07692307692307693,0.07692307692307693
1295,1861,317,494,474,True,False,52,52,0,0,0,0.0,0.0,0.0,0.0,0.0
1296,0,318,1,56,True,False,52,52,0,0,0,0.0,0.0,0.0,0.0,0.0
1296,1,318,1,196,True,False,52,52,0,0,0,0.0,0.0,0.0,0.0,0.0
1296,2,318,1,203,True,True,52,52,40,349,5,1.0,6.0,6.711538461538462,0.7692307692307693,6.711538461538462
1296,3,318,1,207,True,False,52,52,0,0,0,0.0,0.0,0.0,0.0,0.0
1296,4,318,1,222,True,False,52,52,0,0,0,0.0,0.0,0.0,0.0,0.0
1296,5,318,1,263,True,False,52,52,0,0,0,0.0,0.0,0.0,0.0,0.0
1296,6,318,1,271,True,False,52,52,0,0,0,0.0,0.0,0.0,0.0,0.0
1296,7,318,1,297,True,False,52,52,0,0,0,0.0,0.0,0.0,0.0,0.0
1296,8,318,1,299,True,False,52,52,0,0,0,0.0,0.0,0.0,0.0,0.0
1296,9,318,1,303,True,False,52,52,0,0,0,0.0,0.0,0.0,0.0,0.0
1296,10,318,1,355,True,False,52,52,0,0,0,0.0,0.0,0.0,0.0,0.0
1296,11,318,1,362,True,True,52,52,43,346,6,0.0,4.0,6.653846153846154,0.8269230769230769,6.653846153846154
1296,12,318,1,429,True,False,52,52,0,0,0,0.0,0.0,0.0,0.0,0.0
1297,271,318,56,7,True,False,50,50,0,0,0,0.0,0.0,0.0,0.0,0.0
1297,272,318,56,143,True,False,50,50,0,0,0,0.0,0.0,0.0,0.0,0.0
1297,273,318,56,167,True,False,50,50,0,0,0,0.0,0.0,0.0,0.0,0.0
1297,274,318,56,207,True,False,50,50,0,0,0,0.0,0.0,0.0,0.0,0.0
1297,275,318,56,263,True,False,50,50,0,0,0,0.0,0.0,0.0,0.0,0.0
1297,276,318,56,415,True,False,50,50,0,0,0,0.0,0.0,0.0,0.0,0.0
1297,277,318,56,440,True,True,50,50,15,65,1,4.0,8.0,1.3,0.3,1.3
1297,278,318,56,509,True,True,50,50,1,12,1,0.0,1.0,0.24,0.02,0.24
1298,1379,318,347,37,True,False,64,64,0,0,0,0.0,0.0,0.0,0.0,0.0
1298,1380,318,347,56,True,False,64,64,0,0,0,0.0,0.0,0.0,0.0,0.0
1298,1381,318,347,207,True,False,64,64,0,0,0,0.0,0.0,0.0,0.0,0.0
1298,1382,318,347,355,True,True,64,64,12,134,1,0.0,2.0,2.09375,0.1875,2.09375
1298,1383,318,347,362,True,True,64,64,15,15,1,0.0,3.0,0.234375,0.234375,0.234375
1299,30,319,6,13,True,False,31,31,0,0,0,0.0,0.0,0.0,0.0,0.0
1299,31,319,6,21,True,False,31,31,0,0,0,0.0,0.0,0.0,0.0,0.0
1299,32,319,6,125,True,True,31,31,3,13,1,6.0,8.0,0.41935483870967744,0.0967741935483871,0.41935483870967744
1299,33,319,6,156,True,False,31,31,0,0,0,0.0,0.0,0.0,0.0,0.0
1299,34,319,6,179,True,False,31,31,0,0,0,0.0,0.0,0.0,0.0,0.0
1299,35,319,6,186,True,False,31,31,0,0,0,0.0,0.0,0.0,0.0,0.0
1299,36,319,6,243,True,True,31,31,3,4,3,0.0,0.0,0.12903225806451613,0.0967741935483871,0.12903225806451613
1299,37,319,6,245,True,False,31,31,0,0,0,0.0,0.0,0.0,0.0,0.0
1299,38,319,6,309,True,True,31,31,11,65,5,0.0,6.0,2.096774193548387,0.3548387096774194,2.096774193548387
1299,39,319,6,313,True,False,31,31,0,0,0,0.0,0.0,0.0,0.0,0.0
1299,40,319,6,319,True,False,31,31,0,0,0,0.0,0.0,0.0,0.0,0.0
1299,41,319,6,381,True,False,31,31,0,0,0,0.0,0.0,0.0,0.0,0.0
1300,82,319,12,6,True,True,391,391,15,37,2,0.0,0.0,0.09462915601023018,0.03836317135549872,0.09462915601023018
1300,83,319,12,58,True,True,391,391,1,1,1,0.0,0.0,0.0025575447570332483,0.0025575447570332483,0.0025575447570332483
1300,84,319,12,113,True,True,391,391,23,52,5,0.0,0.0,0.1329923273657289,0.058823529411764705,0.1329923273657289
1300,85,319,12,121,True,True,391,391,9,9,5,0.0,0.0,0.023017902813299233,0.023017902813299233,0.023017902813299233
1300,86,319,12,144,True,False,391,391,0,0,0,0.0,0.0,0.0,0.0,0.0
1300,87,319,12,243,True,True,391,391,32,89,10,0.0,0.0,0.22762148337595908,0.08184143222506395,0.22762148337595908
1300,88,319,12,251,True,True,391,391,25,106,8,0.0,0.0,0.2710997442455243,0.0639386189258312,0.2710997442455243
1300,89,319,12,321,True,True,391,391,89,566,17,0.0,0.0,1.4475703324808185,0.22762148337595908,1.4475703324808185
1300,90,319,12,335,True,False,391,391,0,0,0,0.0,0.0,0.0,0.0,0.0
1300,91,319,12,463,True,True,391,391,14,14,8,0.0,0.0,0.03580562659846547,0.03580562659846547,0.03580562659846547
1300,92,319,12,481,True,True,391,391,85,486,11,0.0,0.0,1.2429667519181586,0.21739130434782608,1.2429667519181586
1301,318,319,74,2,True,False,48,48,0,0,0,0.0,0.0,0.0,0.0,0.0
1301,319,319,74,6,True,True,48,48,18,36,9,0.0,0.0,0.75,0.375,0.75
1301,320,319,74,12,True,True,48,48,17,30,7,0.0,0.0,0.625,0.3541666666666667,0.625
1301,321,319,74,58,True,False,48,48,0,0,0,0.0,0.0,0.0,0.0,0.0
1301,322,319,74,121,True,False,48,48,0,0,0,0.0,0.0,0.0,0.0,0.0
1301,323,319,74,139,True,False,48,48,0,0,0,0.0,0.0,0.0,0.0,0.0
1301,324,319,74,169,True,False,48,48,0,0,0,0.0,0.0,0.0,0.0,0.0
1301,325,319,74,175,True,False,48,48,0,0,0,0.0,0.0,0.0,0.0,0.0
1301,326,319,74,243,True,True,48,48,12,19,4,0.0,0.0,0.3958333333333333,0.25,0.3958333333333333
1301,327,319,74,248,True,False,48,48,0,0,0,0.0,0.0,0.0,0.0,0.0
1301,328,319,74,281,True,False,48,48,0,0,0,0.0,0.0,0.0,0.0,0.0
1301,329,319,74,335,True,False,48,48,0,0,0,0.0,0.0,0.0,0.0,0.0
1301,330,319,74,361,True,True,48,48,3,6,2,0.0,0.0,0.125,0.0625,0.125
1301,331,319,74,383,True,False,48,48,0,0,0,0.0,0.0,0.0,0.0,0.0
1301,332,319,74,433,True,False,48,48,0,0,0,0.0,0.0,0.0,0.0,0.0
1301,333,319,74,449,True,True,48,48,48,52,19,0.0,0.0,1.0833333333333333,1.0,1.0833333333333333
1301,334,319,74,455,True,False,48,48,0,0,0,0.0,0.0,0.0,0.0,0.0
1301,335,319,74,463,True,True,48,48,36,65,16,0.0,0.0,1.3541666666666667,0.75,1.3541666666666667
1301,336,319,74,508,True,False,48,48,0,0,0,0.0,0.0,0.0,0.0,0.0
1302,425,319,113,7,True,True,9,9,1,15,1,4.0,7.0,1.6666666666666667,0.1111111111111111,1.6666666666666667
1302,426,319,113,133,True,False,9,9,0,0,0,0.0,0.0,0.0,0.0,0.0
1302,427,319,113,143,True,False,9,9,0,0,0,0.0,0.0,0.0,0.0,0.0
1302,428,319,113,157,True,False,9,9,0,0,0,0.0,0.0,0.0,0.0,0.0
1302,429,319,113,196,True,True,9,9,1,3,1,6.0,7.0,0.3333333333333333,0.1111111111111111,0.3333333333333333
1302,430,319,113,279,True,False,9,9,0,0,0,0.0,0.0,0.0,0.0,0.0
1302,431,319,113,318,True,False,9,9,0,0,0,0.0,0.0,0.0,0.0,0.0
1302,432,319,113,440,True,True,9,9,1,14,1,2.0,5.0,1.5555555555555556,0.1111111111111111,1.5555555555555556
1302,433,319,113,509,True,False,9,9,0,0,0,0.0,0.0,0.0,0.0,0.0
1303,465,319,121,2,True,False,163,163,0,0,0,0.0,0.0,0.0,0.0,0.0
1303,466,319,121,22,True,False,163,163,0,0,0,0.0,0.0,0.0,0.0,0.0
1303,467,319,121,113,True,True,163,163,70,340,18,0.0,0.0,2.085889570552147,0.4294478527607362,2.085889570552147
1303,468,319,121,139,True,False,163,163,0,0,0,0.0,0.0,0.0,0.0,0.0
1303,469,319,121,144,True,False,163,163,0,0,0,0.0,0.0,0.0,0.0,0.0
1303,470,319,121,175,True,False,163,163,0,0,0,0.0,0.0,0.0,0.0,0.0
1303,471,319,121,251,True,True,163,163,52,214,16,0.0,0.0,1.312883435582822,0.31901840490797545,1.312883435582822
1303,472,319,121,273,True,False,163,163,0,0,0,0.0,0.0,0.0,0.0,0.0
1303,473,319,121,481,True,True,163,163,7,18,2,0.0,0.0,0.11042944785276074,0.04294478527607362,0.11042944785276074
1304,620,319,156,12,True,True,273,273,134,304,36,0.0,0.0,1.1135531135531136,0.4908424908424908,1.1135531135531136
1304,621,319,156,22,True,False,273,273,0,0,0,0.0,0.0,0.0,0.0,0.0
1304,622,319,156,58,True,True,273,273,3,4,2,0.0,0.0,0.014652014652014652,0.01098901098901099,0.014652014652014652
1304,623,319,156,113,True,True,273,273,30,49,13,0.0,0.0,0.1794871794871795,0.10989010989010989,0.1794871794871795
1304,624,319,156,121,True,True,273,273,102,201,41,0.0,0.0,0.7362637362637363,0.37362637362637363,0.7362637362637363
1304,625,319,156,139,True,False,273,273,0,0,0,0.0,0.0,0.0,0.0,0.0
1304,626,319,156,144,True,False,273,273,0,0,0,0.0,0.0,0.0,0.0,0.0
1304,627,319,156,243,True,True,273,273,47,107,18,0.0,0.0,0.39194139194139194,0.17216117216117216,0.39194139194139194
1304,628,319,156,248,True,False,273,273,0,0,0,0.0,0.0,0.0,0.0,0.0
1304,629,319,156,251,True,True,273,273,48,98,20,0.0,0.0,0.358974358974359,0.17582417582417584,0.358974358974359
1304,630,319,156,262,True,True,273,273,1,2,1,0.0,0.0,0.007326007326007326,0.003663003663003663,0.007326007326007326
1304,631,319,156,273,True,False,273,273,0,0,0,0.0,0.0,0.0,0.0,0.0
1304,632,319,156,321,True,True,273,273,41,91,15,0.0,0.0,0.3333333333333333,0.15018315018315018,0.3333333333333333
1304,633,319,156,449,True,True,273,273,203,227,71,0.0,0.0,0.8315018315018315,0.7435897435897436,0.8315018315018315
1304,634,319,156,463,True,True,273,273,54,88,23,0.0,0.0,0.32234432234432236,0.1978021978021978,0.32234432234432236
1304,635,319,156,481,True,True,273,273,30,66,7,0.0,0.0,0.24175824175824176,0.10989010989010989,0.24175824175824176
1305,946,319,243,6,True,True,67,67,2,2,1,0.0,0.0,0.029850746268656716,0.029850746268656716,0.029850746268656716
1305,947,319,243,21,True,False,67,67,0,0,0,0.0,0.0,0.0,0.0,0.0
1305,948,319,243,84,True,True,67,67,1,3,1,5.0,6.0,0.04477611940298507,0.014925373134328358,0.04477611940298507
1305,949,319,243,85,True,True,67,67,6,15,2,4.0,7.0,0.22388059701492538,0.08955223880597014,0.22388059701492538
1305,950,319,243,115,True,True,67,67,4,42,2,3.0,7.0,0.6268656716417911,0.05970149253731343,0.6268656716417911
1305,951,319,243,125,True,True,67,67,1,14,1,5.0,8.0,0.208955223880597,0.014925373134328358,0.208955223880597
1305,952,319,243,129,True,False,67,67,0,0,0,0.0,0.0,0.0,0.0,0.0
1305,953,319,243,156,True,False,67,67,0,0,0,0.0,0.0,0.0,0.0,0.0
1305,954,319,243,179,True,False,67,67,0,0,0,0.0,0.0,0.0,0.0,0.0
1305,955,319,243,199,True,False,67,67,0,0,0,0.0,0.0,0.0,0.0,0.0
1305,956,319,243,217,True,True,67,67,11,52,6,0.0,6.0,0.7761194029850746,0.16417910447761194,0.7761194029850746
1305,957,319,243,319,True,False,67,67,0,0,0,0.0,0.0,0.0,0.0,0.0
1305,958,319,243,385,True,True,67,67,12,126,8,3.0,7.0,1.8805970149253732,0.1791044776119403,1.8805970149253732
1305,959,319,243,402,True,True,67,67,3,3,3,2.0,3.0,0.04477611940298507,0.04477611940298507,0.04477611940298507
1305,960,319,243,508,True,True,67,67,2,25,2,0.0,3.0,0.373134328358209,0.029850746268656716,0.373134328358209
1306,997,319,251,21,True,False,19,19,0,0,0,0.0,0.0,0.0,0.0,0.0
1306,998,319,251,88,True,False,19,19,0,0,0,0.0,0.0,0.0,0.0,0.0
1306,999,319,251,113,True,True,19,19,9,53,4,0.0,1.0,2.789473684210526,0.47368421052631576,2.789473684210526
1306,1000,319,251,156,True,False,19,19,0,0,0,0.0,0.0,0.0,0.0,0.0
1306,1001,319,251,157,True,False,19,19,0,0,0,0.0,0.0,0.0,0.0,0.0
1306,1002,319,251,161,True,True,19,19,1,3,1,0.0,1.0,0.15789473684210525,0.05263157894736842,0.15789473684210525
1306,1003,319,251,179,True,False,19,19,0,0,0,0.0,0.0,0.0,0.0,0.0
1306,1004,319,251,186,True,False,19,19,0,0,0,0.0,0.0,0.0,0.0,0.0
1306,1005,319,251,245,True,False,19,19,0,0,0,0.0,0.0,0.0,0.0,0.0
1306,1006,319,251,253,True,False,19,19,0,0,0,0.0,0.0,0.0,0.0,0.0
1306,1007,319,251,279,True,True,19,19,1,6,1,5.0,6.5,0.3157894736842105,0.05263157894736842,0.3157894736842105
1306,1008,319,251,319,True,False,19,19,0,0,0,0.0,0.0,0.0,0.0,0.0
1306,1009,319,251,381,True,False,19,19,0,0,0,0.0,0.0,0.0,0.0,0.0
1306,1010,319,251,449,True,False,19,19,0,0,0,0.0,0.0,0.0,0.0,0.0
1307,1312,319,321,21,True,False,21,21,0,0,0,0.0,0.0,0.0,0.0,0.0
1307,1313,319,321,113,True,True,21,21,1,3,1,0.0,1.0,0.14285714285714285,0.047619047619047616,0.14285714285714285
1307,1314,319,321,156,True,False,21,21,0,0,0,0.0,0.0,0.0,0.0,0.0
1307,1315,319,321,179,True,False,21,21,0,0,0,0.0,0.0,0.0,0.0,0.0
1307,1316,319,321,251,True,True,21,21,2,9,2,0.0,0.0,0.42857142857142855,0.09523809523809523,0.42857142857142855
1307,1317,319,321,253,True,False,21,21,0,0,0,0.0,0.0,0.0,0.0,0.0
1307,1318,319,321,261,True,True,21,21,5,65,4,1.0,6.0,3.0952380952380953,0.23809523809523808,3.0952380952380953
1307,1319,319,321,319,True,False,21,21,0,0,0,0.0,0.0,0.0,0.0,0.0
1307,1320,319,321,440,True,True,21,21,1,10,1,6.0,8.0,0.47619047619047616,0.047619047619047616,0.47619047619047616
1307,1321,319,321,481,True,True,21,21,3,30,1,0.0,1.0,1.4285714285714286,0.14285714285714285,1.4285714285714286
1307,1322,319,321,488,True,False,21,21,0,0,0,0.0,0.0,0.0,0.0,0.0
1308,1421,319,361,6,True,False,9,9,0,0,0,0.0,0.0,0.0,0.0,0.0
1308,1422,319,361,13,True,False,9,9,0,0,0,0.0,0.0,0.0,0.0,0.0
1308,1423,319,361,21,True,False,9,9,0,0,0,0.0,0.0,0.0,0.0,0.0
1308,1424,319,361,58,True,False,9,9,0,0,0,0.0,0.0,0.0,0.0,0.0
1308,1425,319,361,74,True,False,9,9,0,0,0,0.0,0.0,0.0,0.0,0.0
1308,1426,319,361,129,True,False,9,9,0,0,0,0.0,0.0,0.0,0.0,0.0
1308,1427,319,361,156,True,False,9,9,0,0,0,0.0,0.0,0.0,0.0,0.0
1308,1428,319,361,179,True,False,9,9,0,0,0,0.0,0.0,0.0,0.0,0.0
1308,1429,319,361,186,True,False,9,9,0,0,0,0.0,0.0,0.0,0.0,0.0
1308,1430,319,361,217,True,False,9,9,0,0,0,0.0,0.0,0.0,0.0,0.0
1308,1431,319,361,243,True,True,9,9,1,2,1,0.0,0.5,0.2222222222222222,0.1111111111111111,0.2222222222222222
1308,1432,319,361,245,True,False,9,9,0,0,0,0.0,0.0,0.0,0.0,0.0
1308,1433,319,361,251,True,False,9,9,0,0,0,0.0,0.0,0.0,0.0,0.0
1308,1434,319,361,253,True,False,9,9,0,0,0,0.0,0.0,0.0,0.0,0.0
1308,1435,319,361,313,True,False,9,9,0,0,0,0.0,0.0,0.0,0.0,0.0
1308,1436,319,361,319,True,False,9,9,0,0,0,0.0,0.0,0.0,0.0,0.0
1308,1437,319,361,381,True,False,9,9,0,0,0,0.0,0.0,0.0,0.0,0.0
1308,1438,319,361,449,True,False,9,9,0,0,0,0.0,0.0,0.0,0.0,0.0
1309,1713,319,449,6,True,True,505,505,65,199,17,0.0,0.0,0.3940594059405941,0.12871287128712872,0.3940594059405941
1309,1714,319,449,12,True,True,505,505,187,374,46,0.0,0.0,0.7405940594059406,0.3702970297029703,0.7405940594059406
1309,1715,319,449,58,True,True,505,505,5,7,3,0.0,0.0,0.013861386138613862,0.009900990099009901,0.013861386138613862
1309,1716,319,449,113,True,True,505,505,55,149,19,0.0,0.0,0.29504950495049503,0.10891089108910891,0.29504950495049503
1309,1717,319,449,121,True,True,505,505,111,189,42,0.0,0.0,0.37425742574257426,0.2198019801980198,0.37425742574257426
1309,1718,319,449,217,True,True,505,505,10,18,3,0.0,0.0,0.03564356435643564,0.019801980198019802,0.03564356435643564
1309,1719,319,449,243,True,True,505,505,153,482,42,0.0,0.0,0.9544554455445544,0.30297029702970296,0.9544554455445544
1309,1720,319,449,251,True,True,505,505,42,96,18,0.0,0.0,0.1900990099009901,0.08316831683168317,0.1900990099009901
1309,1721,319,449,262,True,True,505,505,7,9,2,0.0,0.0,0.01782178217821782,0.013861386138613862,0.01782178217821782
1309,1722,319,449,321,True,True,505,505,16,44,8,0.0,0.0,0.08712871287128712,0.031683168316831684,0.08712871287128712
1309,1723,319,449,361,True,True,505,505,12,39,5,0.0,0.0,0.07722772277227723,0.023762376237623763,0.07722772277227723
1309,1724,319,449,463,True,True,505,505,232,451,63,0.0,0.0,0.8930693069306931,0.4594059405940594,0.8930693069306931
1309,1725,319,449,481,True,True,505,505,39,108,10,0.0,0.0,0.21386138613861386,0.07722772277227723,0.21386138613861386
1310,1755,319,463,6,True,True,243,243,55,232,16,0.0,0.0,0.9547325102880658,0.22633744855967078,0.9547325102880658
1310,1756,319,463,58,True,True,243,243,4,5,3,0.0,0.0,0.0205761316872428,0.01646090534979424,0.0205761316872428
1310,1757,319,463,117,True,False,243,243,0,0,0,0.0,0.0,0.0,0.0,0.0
1310,1758,319,463,169,True,False,243,243,0,0,0,0.0,0.0,0.0,0.0,0.0
1310,1759,319,463,199,True,False,243,243,0,0,0,0.0,0.0,0.0,0.0,0.0
1310,1760,319,463,217,True,True,243,243,17,34,4,0.0,0.0,0.13991769547325103,0.06995884773662552,0.13991769547325103
1310,1761,319,463,243,True,True,243,243,152,657,36,0.0,0.0,2.7037037037037037,0.6255144032921811,2.7037037037037037
1310,1762,319,463,262,True,True,243,243,3,3,1,0.0,0.0,0.012345679012345678,0.012345679012345678,0.012345679012345678
1310,1763,319,463,281,True,False,243,243,0,0,0,0.0,0.0,0.0,0.0,0.0
1310,1764,319,463,335,True,False,243,243,0,0,0,0.0,0.0,0.0,0.0,0.0
1310,1765,319,463,361,True,True,243,243,8,29,4,0.0,0.0,0.11934156378600823,0.03292181069958848,0.11934156378600823
1310,1766,319,463,383,True,False,243,243,0,0,0,0.0,0.0,0.0,0.0,0.0
1310,1767,319,463,433,True,False,243,243,0,0,0,0.0,0.0,0.0,0.0,0.0
1310,1768,319,463,455,True,False,243,243,0,0,0,0.0,0.0,0.0,0.0,0.0
1310,1769,319,463,508,True,True,243,243,4,4,1,0.0,0.5,0.01646090534979424,0.01646090534979424,0.01646090534979424
1311,1801,319,481,21,True,False,25,25,0,0,0,0.0,0.0,0.0,0.0,0.0
1311,1802,319,481,74,True,False,25,25,0,0,0,0.0,0.0,0.0,0.0,0.0
1311,1803,319,481,113,True,True,25,25,6,40,4,0.0,0.0,1.6,0.24,1.6
1311,1804,319,481,179,True,False,25,25,0,0,0,0.0,0.0,0.0,0.0,0.0
1311,1805,319,481,253,True,False,25,25,0,0,0,0.0,0.0,0.0,0.0,0.0
1311,1806,319,481,261,True,True,25,25,3,45,1,2.0,6.0,1.8,0.12,1.8
1311,1807,319,481,319,True,False,25,25,0,0,0,0.0,0.0,0.0,0.0,0.0
1312,117,321,21,12,True,True,12,12,8,12,2,0.0,0.0,1.0,0.6666666666666666,1.0
1312,118,321,21,31,True,False,12,12,0,0,0,0.0,0.0,0.0,0.0,0.0
1312,119,321,21,74,True,False,12,12,0,0,0,0.0,0.0,0.0,0.0,0.0
1312,120,321,21,121,True,False,12,12,0,0,0,0.0,0.0,0.0,0.0,0.0
1312,121,321,21,141,True,False,12,12,0,0,0,0.0,0.0,0.0,0.0,0.0
1312,122,321,21,156,True,True,12,12,8,8,2,0.0,0.0,0.6666666666666666,0.6666666666666666,0.6666666666666666
1312,123,321,21,186,True,False,12,12,0,0,0,0.0,0.0,0.0,0.0,0.0
1312,124,321,21,248,True,False,12,12,0,0,0,0.0,0.0,0.0,0.0,0.0
1312,125,321,21,319,True,True,12,12,12,28,3,0.0,0.0,2.3333333333333335,1.0,2.3333333333333335
1312,126,321,21,381,True,False,12,12,0,0,0,0.0,0.0,0.0,0.0,0.0
1312,127,321,21,449,True,True,12,12,12,12,3,0.0,0.0,1.0,1.0,1.0
1312,128,321,21,463,True,False,12,12,0,0,0,0.0,0.0,0.0,0.0,0.0
1313,425,321,113,7,True,False,10,10,0,0,0,0.0,0.0,0.0,0.0,0.0
1313,426,321,113,133,True,False,10,10,0,0,0,0.0,0.0,0.0,0.0,0.0
1313,427,321,113,143,True,False,10,10,0,0,0,0.0,0.0,0.0,0.0,0.0
1313,428,321,113,157,True,False,10,10,0,0,0,0.0,0.0,0.0,0.0,0.0
1313,429,321,113,196,True,False,10,10,0,0,0,0.0,0.0,0.0,0.0,0.0
1313,430,321,113,279,True,True,10,10,10,87,2,0.0,2.0,8.7,1.0,8.7
1313,431,321,113,318,True,False,10,10,0,0,0,0.0,0.0,0.0,0.0,0.0
1313,432,321,113,440,True,False,10,10,0,0,0,0.0,0.0,0.0,0.0,0.0
1313,433,321,113,509,True,False,10,10,0,0,0,0.0,0.0,0.0,0.0,0.0
1314,620,321,156,12,True,True,5,5,5,12,5,0.0,0.0,2.4,1.0,2.4
1314,621,321,156,22,True,False,5,5,0,0,0,0.0,0.0,0.0,0.0,0.0
1314,622,321,156,58,True,False,5,5,0,0,0,0.0,0.0,0.0,0.0,0.0
1314,623,321,156,113,True,False,5,5,0,0,0,0.0,0.0,0.0,0.0,0.0
1314,624,321,156,121,True,False,5,5,0,0,0,0.0,0.0,0.0,0.0,0.0
1314,625,321,156,139,True,False,5,5,0,0,0,0.0,0.0,0.0,0.0,0.0
1314,626,321,156,144,True,False,5,5,0,0,0,0.0,0.0,0.0,0.0,0.0
1314,627,321,156,243,True,False,5,5,0,0,0,0.0,0.0,0.0,0.0,0.0
1314,628,321,156,248,True,False,5,5,0,0,0,0.0,0.0,0.0,0.0,0.0
1314,629,321,156,251,True,False,5,5,0,0,0,0.0,0.0,0.0,0.0,0.0
1314,630,321,156,262,True,False,5,5,0,0,0,0.0,0.0,0.0,0.0,0.0
1314,631,321,156,273,True,False,5,5,0,0,0,0.0,0.0,0.0,0.0,0.0
1314,632,321,156,321,True,False,5,5,0,0,0,0.0,0.0,0.0,0.0,0.0
1314,633,321,156,449,True,True,5,5,4,4,4,0.0,0.0,0.8,0.8,0.8
1314,634,321,156,463,True,False,5,5,0,0,0,0.0,0.0,0.0,0.0,0.0
1314,635,321,156,481,True,False,5,5,0,0,0,0.0,0.0,0.0,0.0,0.0
1315,780,321,179,13,True,False,35,35,0,0,0,0.0,0.0,0.0,0.0,0.0
1315,781,321,179,34,True,False,35,35,0,0,0,0.0,0.0,0.0,0.0,0.0
1315,782,321,179,43,True,False,35,35,0,0,0,0.0,0.0,0.0,0.0,0.0
1315,783,321,179,129,True,False,35,35,0,0,0,0.0,0.0,0.0,0.0,0.0
1315,784,321,179,245,True,False,35,35,0,0,0,0.0,0.0,0.0,0.0,0.0
1315,785,321,179,253,True,True,35,35,15,34,3,0.0,0.0,0.9714285714285714,0.42857142857142855,0.9714285714285714
1315,786,321,179,256,True,False,35,35,0,0,0,0.0,0.0,0.0,0.0,0.0
1315,787,321,179,313,True,False,35,35,0,0,0,0.0,0.0,0.0,0.0,0.0
1315,788,321,179,353,True,True,35,35,16,20,4,0.0,0.0,0.5714285714285714,0.45714285714285713,0.5714285714285714
1315,789,321,179,472,True,False,35,35,0,0,0,0.0,0.0,0.0,0.0,0.0
1315,790,321,179,488,True,True,35,35,31,67,5,0.0,0.0,1.9142857142857144,0.8857142857142857,1.9142857142857144
1316,997,321,251,21,True,False,23,23,0,0,0,0.0,0.0,0.0,0.0,0.0
1316,998,321,251,88,True,False,23,23,0,0,0,0.0,0.0,0.0,0.0,0.0
1316,999,321,251,113,True,True,23,23,2,10,1,0.0,0.0,0.43478260869565216,0.08695652173913043,0.43478260869565216
1316,1000,321,251,156,True,False,23,23,0,0,0,0.0,0.0,0.0,0.0,0.0
1316,1001,321,251,157,True,False,23,23,0,0,0,0.0,0.0,0.0,0.0,0.0
1316,1002,321,251,161,True,False,23,23,0,0,0,0.0,0.0,0.0,0.0,0.0
1316,1003,321,251,179,True,False,23,23,0,0,0,0.0,0.0,0.0,0.0,0.0
1316,1004,321,251,186,True,False,23,23,0,0,0,0.0,0.0,0.0,0.0,0.0
1316,1005,321,251,245,True,False,23,23,0,0,0,0.0,0.0,0.0,0.0,0.0
1316,1006,321,251,253,True,False,23,23,0,0,0,0.0,0.0,0.0,0.0,0.0
1316,1007,321,251,279,True,True,23,23,5,71,1,0.0,3.0,3.0869565217391304,0.21739130434782608,3.0869565217391304
1316,1008,321,251,319,True,False,23,23,0,0,0,0.0,0.0,0.0,0.0,0.0
1316,1009,321,251,381,True,False,23,23,0,0,0,0.0,0.0,0.0,0.0,0.0
1316,1010,321,251,449,True,False,23,23,0,0,0,0.0,0.0,0.0,0.0,0.0
1317,1019,321,253,2,True,True,16,16,13,29,3,0.0,1.0,1.8125,0.8125,1.8125
1317,1020,321,253,22,True,False,16,16,0,0,0,0.0,0.0,0.0,0.0,0.0
1317,1021,321,253,139,True,False,16,16,0,0,0,0.0,0.0,0.0,0.0,0.0
1317,1022,321,253,144,True,True,16,16,3,3,1,0.0,1.0,0.1875,0.1875,0.1875
1317,1023,321,253,175,True,False,16,16,0,0,0,0.0,0.0,0.0,0.0,0.0
1317,1024,321,253,256,True,False,16,16,0,0,0,0.0,0.0,0.0,0.0,0.0
1317,1025,321,253,273,True,False,16,16,0,0,0,0.0,0.0,0.0,0.0,0.0
1317,1026,321,253,353,True,True,16,16,16,62,4,0.0,0.0,3.875,1.0,3.875
1318,1070,321,261,23,True,False,65,65,0,0,0,0.0,0.0,0.0,0.0,0.0
1318,1071,321,261,157,True,False,65,65,0,0,0,0.0,0.0,0.0,0.0,0.0
1318,1072,321,261,321,True,False,65,65,0,0,0,0.0,0.0,0.0,0.0,0.0
1318,1073,321,261,440,True,False,65,65,0,0,0,0.0,0.0,0.0,0.0,0.0
1318,1074,321,261,481,True,False,65,65,0,0,0,0.0,0.0,0.0,0.0,0.0
1319,1299,321,319,6,True,False,89,89,0,0,0,0.0,0.0,0.0,0.0,0.0
1319,1300,321,319,12,True,True,89,89,89,357,16,0.0,0.0,4.01123595505618,1.0,4.01123595505618
1319,1301,321,319,74,True,False,89,89,0,0,0,0.0,0.0,0.0,0.0,0.0
1319,1302,321,319,113,True,False,89,89,0,0,0,0.0,0.0,0.0,0.0,0.0
1319,1303,321,319,121,True,False,89,89,0,0,0,0.0,0.0,0.0,0.0,0.0
1319,1304,321,319,156,True,True,89,89,40,81,7,0.0,0.0,0.9101123595505618,0.449438202247191,0.9101123595505618
1319,1305,321,319,243,True,True,89,89,9,25,2,0.0,1.0,0.2808988764044944,0.10112359550561797,0.2808988764044944
1319,1306,321,319,251,True,False,89,89,0,0,0,0.0,0.0,0.0,0.0,0.0
1319,1307,321,319,321,True,False,89,89,0,0,0,0.0,0.0,0.0,0.0,0.0
1319,1308,321,319,361,True,True,89,89,5,13,1,0.0,0.0,0.14606741573033707,0.056179775280898875,0.14606741573033707
1319,1309,321,319,449,True,True,89,89,78,155,14,0.0,0.0,1.7415730337078652,0.8764044943820225,1.7415730337078652
1319,1310,321,319,463,True,False,89,89,0,0,0,0.0,0.0,0.0,0.0,0.0
1319,1311,321,319,481,True,False,89,89,0,0,0,0.0,0.0,0.0,0.0,0.0
1320,1703,321,440,7,True,False,15,15,0,0,0,0.0,0.0,0.0,0.0,0.0
1320,1704,321,440,28,True,True,15,15,10,150,1,2.0,7.0,10.0,0.6666666666666666,10.0
1320,1705,321,440,143,True,False,15,15,0,0,0,0.0,0.0,0.0,0.0,0.0
1320,1706,321,440,161,True,False,15,15,0,0,0,0.0,0.0,0.0,0.0,0.0
1320,1707,321,440,167,True,False,15,15,0,0,0,0.0,0.0,0.0,0.0,0.0
1320,1708,321,440,261,True,False,15,15,0,0,0,0.0,0.0,0.0,0.0,0.0
1320,1709,321,440,263,True,False,15,15,0,0,0,0.0,0.0,0.0,0.0,0.0
1320,1710,321,440,318,True,False,15,15,0,0,0,0.0,0.0,0.0,0.0,0.0
1320,1711,321,440,321,True,False,15,15,0,0,0,0.0,0.0,0.0,0.0,0.0
1320,1712,321,440,509,True,False,15,15,0,0,0,0.0,0.0,0.0,0.0,0.0
1321,1801,321,481,21,True,False,27,27,0,0,0,0.0,0.0,0.0,0.0,0.0
1321,1802,321,481,74,True,False,27,27,0,0,0,0.0,0.0,0.0,0.0,0.0
1321,1803,321,481,113,True,False,27,27,0,0,0,0.0,0.0,0.0,0.0,0.0
1321,1804,321,481,179,True,False,27,27,0,0,0,0.0,0.0,0.0,0.0,0.0
1321,1805,321,481,253,True,False,27,27,0,0,0,0.0,0.0,0.0,0.0,0.0
1321,1806,321,481,261,True,False,27,27,0,0,0,0.0,0.0,0.0,0.0,0.0
1321,1807,321,481,319,True,True,27,27,4,11,1,8.0,10.0,0.4074074074074074,0.14814814814814814,0.4074074074074074
1322,1833,321,488,2,True,True,54,54,13,21,3,0.0,1.0,0.3888888888888889,0.24074074074074073,0.3888888888888889
1322,1834,321,488,13,True,False,54,54,0,0,0,0.0,0.0,0.0,0.0,0.0
1322,1835,321,488,43,True,False,54,54,0,0,0,0.0,0.0,0.0,0.0,0.0
1322,1836,321,488,144,True,True,54,54,30,42,5,0.0,2.0,0.7777777777777778,0.5555555555555556,0.7777777777777778
1322,1837,321,488,253,True,True,54,54,14,31,3,0.0,0.0,0.5740740740740741,0.25925925925925924,0.5740740740740741
1322,1838,321,488,256,True,False,54,54,0,0,0,0.0,0.0,0.0,0.0,0.0
1322,1839,321,488,321,True,False,54,54,0,0,0,0.0,0.0,0.0,0.0,0.0
1322,1840,321,488,335,True,False,54,54,0,0,0,0.0,0.0,0.0,0.0,0.0
1322,1841,321,488,353,True,True,54,54,54,198,8,0.0,1.0,3.6666666666666665,1.0,3.6666666666666665
1322,1842,321,488,472,True,False,54,54,0,0,0,0.0,0.0,0.0,0.0,0.0
1322,1843,321,488,481,True,False,54,54,0,0,0,0.0,0.0,0.0,0.0,0.0
1323,108,324,16,26,True,True,33,33,22,305,2,0.0,4.0,9.242424242424242,0.6666666666666666,9.242424242424242
1323,109,324,16,46,True,True,33,33,22,22,2,1.0,6.0,0.6666666666666666,0.6666666666666666,0.6666666666666666
1323,110,324,16,238,True,True,33,33,2,14,1,0.0,0.0,0.42424242424242425,0.06060606060606061,0.42424242424242425
1323,111,324,16,324,True,True,33,33,6,11,2,0.0,0.0,0.3333333333333333,0.18181818181818182,0.3333333333333333
1323,112,324,16,328,True,False,33,33,0,0,0,0.0,0.0,0.0,0.0,0.0
1323,113,324,16,382,True,False,33,33,0,0,0,0.0,0.0,0.0,0.0,0.0
1323,114,324,16,430,True,False,33,33,0,0,0,0.0,0.0,0.0,0.0,0.0
1323,115,324,16,462,True,False,33,33,0,0,0,0.0,0.0,0.0,0.0,0.0
1323,116,324,16,487,True,False,33,33,0,0,0,0.0,0.0,0.0,0.0,0.0
1324,161,324,26,16,True,False,4,4,0,0,0,0.0,0.0,0.0,0.0,0.0
1324,162,324,26,46,True,True,4,4,1,14,1,0.0,2.0,3.5,0.25,3.5
1324,163,324,26,109,True,False,4,4,0,0,0,0.0,0.0,0.0,0.0,0.0
1324,164,324,26,213,True,True,4,4,3,40,1,0.0,2.0,10.0,0.75,10.0
1324,165,324,26,266,True,False,4,4,0,0,0,0.0,0.0,0.0,0.0,0.0
1324,166,324,26,378,True,False,4,4,0,0,0,0.0,0.0,0.0,0.0,0.0
1324,167,324,26,382,True,False,4,4,0,0,0,0.0,0.0,0.0,0.0,0.0
1324,168,324,26,430,True,False,4,4,0,0,0,0.0,0.0,0.0,0.0,0.0
1324,169,324,26,462,True,False,4,4,0,0,0,0.0,0.0,0.0,0.0,0.0
1324,170,324,26,487,True,False,4,4,0,0,0,0.0,0.0,0.0,0.0,0.0
1324,171,324,26,497,True,False,4,4,0,0,0,0.0,0.0,0.0,0.0,0.0
1325,417,324,112,140,True,False,319,319,0,0,0,0.0,0.0,0.0,0.0,0.0
1325,418,324,112,213,True,True,319,319,317,3068,19,0.0,1.0,9.617554858934168,0.9937304075235109,9.617554858934168
1325,419,324,112,259,True,True,319,319,2,3,1,0.0,0.0,0.009404388714733543,0.006269592476489028,0.009404388714733543
1325,420,324,112,297,True,False,319,319,0,0,0,0.0,0.0,0.0,0.0,0.0
1325,421,324,112,324,True,False,319,319,0,0,0,0.0,0.0,0.0,0.0,0.0
1325,422,324,112,378,True,False,319,319,0,0,0,0.0,0.0,0.0,0.0,0.0
1325,423,324,112,382,True,False,319,319,0,0,0,0.0,0.0,0.0,0.0,0.0
1325,424,324,112,497,True,False,319,319,0,0,0,0.0,0.0,0.0,0.0,0.0
1326,877,324,213,57,True,True,83,83,77,1065,13,1.0,6.0,12.831325301204819,0.927710843373494,12.831325301204819
1327,1471,324,378,26,True,False,44,44,0,0,0,0.0,0.0,0.0,0.0,0.0
1327,1472,324,378,46,True,False,44,44,0,0,0,0.0,0.0,0.0,0.0,0.0
1327,1473,324,378,112,True,True,44,44,44,428,3,0.0,3.0,9.727272727272727,1.0,9.727272727272727
1327,1474,324,378,213,True,True,44,44,44,145,3,0.0,5.0,3.2954545454545454,1.0,3.2954545454545454
1327,1475,324,378,238,True,False,44,44,0,0,0,0.0,0.0,0.0,0.0,0.0
1327,1476,324,378,294,True,False,44,44,0,0,0,0.0,0.0,0.0,0.0,0.0
1327,1477,324,378,324,True,True,44,44,9,25,2,0.0,0.0,0.5681818181818182,0.20454545454545456,0.5681818181818182
1327,1478,324,378,382,True,False,44,44,0,0,0,0.0,0.0,0.0,0.0,0.0
1327,1479,324,378,462,True,False,44,44,0,0,0,0.0,0.0,0.0,0.0,0.0
1328,1493,324,382,10,True,True,333,333,54,380,3,0.0,7.0,1.1411411411411412,0.16216216216216217,1.1411411411411412
1328,1494,324,382,30,True,False,333,333,0,0,0,0.0,0.0,0.0,0.0,0.0
1328,1495,324,382,42,True,True,333,333,15,180,1,1.0,6.0,0.5405405405405406,0.04504504504504504,0.5405405405405406
1328,1496,324,382,151,True,False,333,333,0,0,0,0.0,0.0,0.0,0.0,0.0
1328,1497,324,382,238,True,True,333,333,160,2020,8,0.0,5.0,6.066066066066066,0.4804804804804805,6.066066066066066
1328,1498,324,382,294,True,True,333,333,30,30,2,3.0,6.0,0.09009009009009009,0.09009009009009009,0.09009009009009009
1328,1499,324,382,324,True,True,333,333,19,59,2,0.0,1.0,0.17717717717717718,0.057057057057057055,0.17717717717717718
1328,1500,324,382,378,True,False,333,333,0,0,0,0.0,0.0,0.0,0.0,0.0
1328,1501,324,382,387,True,True,333,333,149,1460,8,0.0,5.0,4.384384384384385,0.44744744744744747,4.384384384384385
1328,1502,324,382,404,True,False,333,333,0,0,0,0.0,0.0,0.0,0.0,0.0
1328,1503,324,382,405,True,True,333,333,8,80,1,0.0,1.0,0.24024024024024024,0.024024024024024024,0.24024024024024024
1328,1504,324,382,415,True,True,333,333,30,316,2,0.0,5.0,0.948948948948949,0.09009009009009009,0.948948948948949
1329,1862,324,497,26,True,True,141,141,23,233,2,0.0,2.0,1.6524822695035462,0.16312056737588654,1.6524822695035462
1329,1863,324,497,46,True,True,141,141,23,47,2,0.0,3.0,0.3333333333333333,0.16312056737588654,0.3333333333333333
1329,1864,324,497,112,True,True,141,141,118,1057,9,0.0,2.0,7.49645390070922,0.8368794326241135,7.49645390070922
1329,1865,324,497,213,True,True,141,141,103,371,9,0.0,3.0,2.631205673758865,0.7304964539007093,2.631205673758865
1329,1866,324,497,324,True,True,141,141,10,10,2,0.0,0.0,0.07092198581560284,0.07092198581560284,0.07092198581560284
1329,1867,324,497,382,True,False,141,141,0,0,0,0.0,0.0,0.0,0.0,0.0
1329,1868,324,497,462,True,False,141,141,0,0,0,0.0,0.0,0.0,0.0,0.0
1330,271,326,56,7,True,False,66,66,0,0,0,0.0,0.0,0.0,0.0,0.0
1330,272,326,56,143,True,False,66,66,0,0,0,0.0,0.0,0.0,0.0,0.0
1330,273,326,56,167,True,True,66,66,8,23,1,0.0,2.0,0.3484848484848485,0.12121212121212122,0.3484848484848485
1330,274,326,56,207,True,False,66,66,0,0,0,0.0,0.0,0.0,0.0,0.0
1330,275,326,56,263,True,False,66,66,0,0,0,0.0,0.0,0.0,0.0,0.0
1330,276,326,56,415,True,False,66,66,0,0,0,0.0,0.0,0.0,0.0,0.0
1330,277,326,56,440,True,False,66,66,0,0,0,0.0,0.0,0.0,0.0,0.0
1330,278,326,56,509,True,False,66,66,0,0,0,0.0,0.0,0.0,0.0,0.0
1331,183,328,30,176,True,False,67,67,0,0,0,0.0,0.0,0.0,0.0,0.0
1331,184,328,30,199,True,False,67,67,0,0,0,0.0,0.0,0.0,0.0,0.0
1331,185,328,30,238,True,True,67,67,3,26,1,0.0,1.0,0.3880597014925373,0.04477611940298507,0.3880597014925373
1331,186,328,30,252,True,True,67,67,9,14,1,0.0,0.0,0.208955223880597,0.13432835820895522,0.208955223880597
1331,187,328,30,290,True,False,67,67,0,0,0,0.0,0.0,0.0,0.0,0.0
1331,188,328,30,317,True,False,67,67,0,0,0,0.0,0.0,0.0,0.0,0.0
1331,189,328,30,383,True,False,67,67,0,0,0,0.0,0.0,0.0,0.0,0.0
1331,190,328,30,404,True,True,67,67,3,15,1,0.0,0.0,0.22388059701492538,0.04477611940298507,0.22388059701492538
1331,191,328,30,474,True,False,67,67,0,0,0,0.0,0.0,0.0,0.0,0.0
1331,192,328,30,494,True,True,67,67,20,134,2,0.0,1.0,2.0,0.29850746268656714,2.0
1332,232,328,39,117,True,False,44,44,0,0,0,0.0,0.0,0.0,0.0,0.0
1332,233,328,39,169,True,False,44,44,0,0,0,0.0,0.0,0.0,0.0,0.0
1332,234,328,39,176,True,False,44,44,0,0,0,0.0,0.0,0.0,0.0,0.0
1332,235,328,39,199,True,True,44,44,13,65,1,0.0,1.0,1.4772727272727273,0.29545454545454547,1.4772727272727273
1332,236,328,39,252,True,True,44,44,27,171,2,0.0,1.0,3.8863636363636362,0.6136363636363636,3.8863636363636362
1332,237,328,39,294,True,False,44,44,0,0,0,0.0,0.0,0.0,0.0,0.0
1332,238,328,39,317,True,False,44,44,0,0,0,0.0,0.0,0.0,0.0,0.0
1332,239,328,39,371,True,False,44,44,0,0,0,0.0,0.0,0.0,0.0,0.0
1332,240,328,39,383,True,False,44,44,0,0,0,0.0,0.0,0.0,0.0,0.0
1332,241,328,39,404,True,True,44,44,16,25,2,0.0,2.0,0.5681818181818182,0.36363636363636365,0.5681818181818182
1332,242,328,39,455,True,False,44,44,0,0,0,0.0,0.0,0.0,0.0,0.0
1332,243,328,39,494,True,True,44,44,13,103,1,0.0,4.0,2.340909090909091,0.29545454545454547,2.340909090909091
1332,244,328,39,508,True,True,44,44,15,65,1,0.0,2.0,1.4772727272727273,0.3409090909090909,1.4772727272727273
1333,404,328,109,30,True,False,47,47,0,0,0,0.0,0.0,0.0,0.0,0.0
1333,405,328,109,140,True,False,47,47,0,0,0,0.0,0.0,0.0,0.0,0.0
1333,406,328,109,146,True,False,47,47,0,0,0,0.0,0.0,0.0,0.0,0.0
1333,407,328,109,163,True,False,47,47,0,0,0,0.0,0.0,0.0,0.0,0.0
1333,408,328,109,205,True,False,47,47,0,0,0,0.0,0.0,0.0,0.0,0.0
1333,409,328,109,259,True,False,47,47,0,0,0,0.0,0.0,0.0,0.0,0.0
1333,410,328,109,328,True,True,47,47,4,8,1,0.0,0.0,0.1702127659574468,0.0851063829787234,0.1702127659574468
1333,411,328,109,371,True,False,47,47,0,0,0,0.0,0.0,0.0,0.0,0.0
1333,412,328,109,404,True,True,47,47,4,12,1,0.0,0.0,0.2553191489361702,0.0851063829787234,0.2553191489361702
1333,413,328,109,405,True,False,47,47,0,0,0,0.0,0.0,0.0,0.0,0.0
1333,414,328,109,430,True,False,47,47,0,0,0,0.0,0.0,0.0,0.0,0.0
1333,415,328,109,487,True,False,47,47,0,0,0,0.0,0.0,0.0,0.0,0.0
1333,416,328,109,494,True,True,47,47,15,35,1,6.0,9.0,0.7446808510638298,0.3191489361702128,0.7446808510638298
1334,532,328,140,30,True,False,13,13,0,0,0,0.0,0.0,0.0,0.0,0.0
1334,533,328,140,109,True,False,13,13,0,0,0,0.0,0.0,0.0,0.0,0.0
1334,534,328,140,328,True,True,13,13,5,22,3,0.0,0.0,1.6923076923076923,0.38461538461538464,1.6923076923076923
1334,535,328,140,404,True,True,13,13,2,2,1,0.0,0.0,0.15384615384615385,0.15384615384615385,0.15384615384615385
1334,536,328,140,487,True,False,13,13,0,0,0,0.0,0.0,0.0,0.0,0.0
1335,719,328,170,199,True,False,61,61,0,0,0,0.0,0.0,0.0,0.0,0.0
1335,720,328,170,238,True,True,61,61,6,36,1,0.0,0.0,0.5901639344262295,0.09836065573770492,0.5901639344262295
1335,721,328,170,294,True,True,61,61,1,1,1,0.0,0.0,0.01639344262295082,0.01639344262295082,0.01639344262295082
1336,831,328,199,10,True,False,72,72,0,0,0,0.0,0.0,0.0,0.0,0.0
1336,832,328,199,39,True,True,72,72,15,40,2,0.0,1.0,0.5555555555555556,0.20833333333333334,0.5555555555555556
1336,833,328,199,77,True,False,72,72,0,0,0,0.0,0.0,0.0,0.0,0.0
1336,834,328,199,117,True,False,72,72,0,0,0,0.0,0.0,0.0,0.0,0.0
1336,835,328,199,170,True,True,72,72,14,40,1,0.0,1.0,0.5555555555555556,0.19444444444444445,0.5555555555555556
1336,836,328,199,176,True,False,72,72,0,0,0,0.0,0.0,0.0,0.0,0.0
1336,837,328,199,238,True,True,72,72,10,28,1,0.0,0.0,0.3888888888888889,0.1388888888888889,0.3888888888888889
1336,838,328,199,252,True,False,72,72,0,0,0,0.0,0.0,0.0,0.0,0.0
1336,839,328,199,317,True,False,72,72,0,0,0,0.0,0.0,0.0,0.0,0.0
1336,840,328,199,383,True,False,72,72,0,0,0,0.0,0.0,0.0,0.0,0.0
1336,841,328,199,387,True,False,72,72,0,0,0,0.0,0.0,0.0,0.0,0.0
1336,842,328,199,402,True,False,72,72,0,0,0,0.0,0.0,0.0,0.0,0.0
1336,843,328,199,404,True,True,72,72,29,81,3,0.0,1.0,1.125,0.4027777777777778,1.125
1336,844,328,199,462,True,False,72,72,0,0,0,0.0,0.0,0.0,0.0,0.0
1336,845,328,199,494,True,True,72,72,58,592,5,0.0,4.0,8.222222222222221,0.8055555555555556,8.222222222222221
1337,932,328,238,10,True,False,45,45,0,0,0,0.0,0.0,0.0,0.0,0.0
1337,933,328,238,80,True,False,45,45,0,0,0,0.0,0.0,0.0,0.0,0.0
1337,934,328,238,117,True,False,45,45,0,0,0,0.0,0.0,0.0,0.0,0.0
1337,935,328,238,149,True,False,45,45,0,0,0,0.0,0.0,0.0,0.0,0.0
1337,936,328,238,199,True,True,45,45,4,8,1,0.0,0.0,0.17777777777777778,0.08888888888888889,0.17777777777777778
1337,937,328,238,294,True,True,45,45,7,16,2,0.0,3.0,0.35555555555555557,0.15555555555555556,0.35555555555555557
1337,938,328,238,317,True,True,45,45,17,248,2,0.0,4.0,5.511111111111111,0.37777777777777777,5.511111111111111
1337,939,328,238,387,True,False,45,45,0,0,0,0.0,0.0,0.0,0.0,0.0
1337,940,328,238,404,True,True,45,45,12,111,1,0.0,1.0,2.466666666666667,0.26666666666666666,2.466666666666667
1337,941,328,238,494,True,True,45,45,10,98,2,0.0,4.0,2.1777777777777776,0.2222222222222222,2.1777777777777776
1338,1011,328,252,30,True,False,7,7,0,0,0,0.0,0.0,0.0,0.0,0.0
1338,1012,328,252,39,True,True,7,7,1,6,1,0.0,0.5,0.8571428571428571,0.14285714285714285,0.8571428571428571
1338,1013,328,252,176,True,True,7,7,3,45,1,0.0,4.0,6.428571428571429,0.42857142857142855,6.428571428571429
1338,1014,328,252,199,True,False,7,7,0,0,0,0.0,0.0,0.0,0.0,0.0
1338,1015,328,252,259,True,False,7,7,0,0,0,0.0,0.0,0.0,0.0,0.0
1338,1016,328,252,317,True,False,7,7,0,0,0,0.0,0.0,0.0,0.0,0.0
1338,1017,328,252,371,True,False,7,7,0,0,0,0.0,0.0,0.0,0.0,0.0
1338,1018,328,252,383,True,True,7,7,1,1,1,1.0,1.0,0.14285714285714285,0.14285714285714285,0.14285714285714285
1339,1598,328,404,10,True,False,326,326,0,0,0,0.0,0.0,0.0,0.0,0.0
1339,1599,328,404,39,True,True,326,326,143,1538,11,0.0,3.0,4.717791411042945,0.4386503067484663,4.717791411042945
1339,1600,328,404,84,True,False,326,326,0,0,0,0.0,0.0,0.0,0.0,0.0
1339,1601,328,404,115,True,False,326,326,0,0,0,0.0,0.0,0.0,0.0,0.0
1339,1602,328,404,117,True,False,326,326,0,0,0,0.0,0.0,0.0,0.0,0.0
1339,1603,328,404,169,True,True,326,326,29,29,2,1.0,4.0,0.08895705521472393,0.08895705521472393,0.08895705521472393
1339,1604,328,404,199,True,True,326,326,11,29,3,0.0,2.0,0.08895705521472393,0.03374233128834356,0.08895705521472393
1339,1605,328,404,217,True,False,326,326,0,0,0,0.0,0.0,0.0,0.0,0.0
1339,1606,328,404,262,True,False,326,326,0,0,0,0.0,0.0,0.0,0.0,0.0
1339,1607,328,404,294,True,True,326,326,10,10,1,0.0,2.0,0.03067484662576687,0.03067484662576687,0.03067484662576687
1339,1608,328,404,309,True,False,326,326,0,0,0,0.0,0.0,0.0,0.0,0.0
1339,1609,328,404,316,True,False,326,326,0,0,0,0.0,0.0,0.0,0.0,0.0
1339,1610,328,404,317,True,True,326,326,3,3,1,3.0,4.0,0.009202453987730062,0.009202453987730062,0.009202453987730062
1339,1611,328,404,383,True,False,326,326,0,0,0,0.0,0.0,0.0,0.0,0.0
1339,1612,328,404,385,True,False,326,326,0,0,0,0.0,0.0,0.0,0.0,0.0
1339,1613,328,404,387,True,False,326,326,0,0,0,0.0,0.0,0.0,0.0,0.0
1339,1614,328,404,389,True,False,326,326,0,0,0,0.0,0.0,0.0,0.0,0.0
1339,1615,328,404,433,True,True,326,326,59,327,4,0.0,6.0,1.0030674846625767,0.18098159509202455,1.0030674846625767
1339,1616,328,404,474,True,False,326,326,0,0,0,0.0,0.0,0.0,0.0,0.0
1339,1617,328,404,494,True,True,326,326,5,15,2,0.0,2.0,0.046012269938650305,0.015337423312883436,0.046012269938650305
1340,1808,328,485,8,True,False,21,21,0,0,0,0.0,0.0,0.0,0.0,0.0
1340,1809,328,485,79,True,False,21,21,0,0,0,0.0,0.0,0.0,0.0,0.0
1340,1810,328,485,100,True,False,21,21,0,0,0,0.0,0.0,0.0,0.0,0.0
1340,1811,328,485,149,True,False,21,21,0,0,0,0.0,0.0,0.0,0.0,0.0
1340,1812,328,485,151,True,False,21,21,0,0,0,0.0,0.0,0.0,0.0,0.0
1340,1813,328,485,161,True,False,21,21,0,0,0,0.0,0.0,0.0,0.0,0.0
1340,1814,328,485,167,True,False,21,21,0,0,0,0.0,0.0,0.0,0.0,0.0
1340,1815,328,485,170,True,False,21,21,0,0,0,0.0,0.0,0.0,0.0,0.0
1340,1816,328,485,230,True,False,21,21,0,0,0,0.0,0.0,0.0,0.0,0.0
1340,1817,328,485,315,True,False,21,21,0,0,0,0.0,0.0,0.0,0.0,0.0
1340,1818,328,485,405,True,False,21,21,0,0,0,0.0,0.0,0.0,0.0,0.0
1341,1844,328,494,16,True,False,201,201,0,0,0,0.0,0.0,0.0,0.0,0.0
1341,1845,328,494,39,True,True,201,201,110,705,7,0.0,3.0,3.5074626865671643,0.5472636815920398,3.5074626865671643
1341,1846,328,494,109,True,True,201,201,5,11,1,8.0,10.0,0.05472636815920398,0.024875621890547265,0.05472636815920398
1341,1847,328,494,117,True,False,201,201,0,0,0,0.0,0.0,0.0,0.0,0.0
1341,1848,328,494,169,True,True,201,201,15,47,2,4.0,8.0,0.23383084577114427,0.07462686567164178,0.23383084577114427
1341,1849,328,494,170,True,True,201,201,21,89,2,0.0,9.0,0.4427860696517413,0.1044776119402985,0.4427860696517413
1341,1850,328,494,176,True,True,201,201,15,65,1,0.0,2.0,0.32338308457711445,0.07462686567164178,0.32338308457711445
1341,1851,328,494,199,True,True,201,201,23,222,2,0.0,5.0,1.1044776119402986,0.11442786069651742,1.1044776119402986
1341,1852,328,494,238,True,False,201,201,0,0,0,0.0,0.0,0.0,0.0,0.0
1341,1853,328,494,252,True,True,201,201,14,80,1,0.0,1.0,0.39800995024875624,0.06965174129353234,0.39800995024875624
1341,1854,328,494,294,True,True,201,201,32,335,3,0.0,7.0,1.6666666666666667,0.15920398009950248,1.6666666666666667
1341,1855,328,494,311,True,False,201,201,0,0,0,0.0,0.0,0.0,0.0,0.0
1341,1856,328,494,317,True,True,201,201,29,124,2,0.0,3.0,0.6169154228855721,0.14427860696517414,0.6169154228855721
1341,1857,328,494,383,True,True,201,201,42,143,4,0.0,1.0,0.7114427860696517,0.208955223880597,0.7114427860696517
1341,1858,328,494,404,True,True,201,201,54,372,3,0.0,4.0,1.8507462686567164,0.26865671641791045,1.8507462686567164
1341,1859,328,494,455,True,False,201,201,0,0,0,0.0,0.0,0.0,0.0,0.0
1341,1860,328,494,462,True,False,201,201,0,0,0,0.0,0.0,0.0,0.0,0.0
1341,1861,328,494,474,True,True,201,201,14,35,1,0.0,1.0,0.17412935323383086,0.06965174129353234,0.17412935323383086
1342,404,329,109,30,True,False,76,76,0,0,0,0.0,0.0,0.0,0.0,0.0
1342,405,329,109,140,True,False,76,76,0,0,0,0.0,0.0,0.0,0.0,0.0
1342,406,329,109,146,True,False,76,76,0,0,0,0.0,0.0,0.0,0.0,0.0
1342,407,329,109,163,True,False,76,76,0,0,0,0.0,0.0,0.0,0.0,0.0
1342,408,329,109,205,True,False,76,76,0,0,0,0.0,0.0,0.0,0.0,0.0
1342,409,329,109,259,True,False,76,76,0,0,0,0.0,0.0,0.0,0.0,0.0
1342,410,329,109,328,True,False,76,76,0,0,0,0.0,0.0,0.0,0.0,0.0
1342,411,329,109,371,True,False,76,76,0,0,0,0.0,0.0,0.0,0.0,0.0
1342,412,329,109,404,True,False,76,76,0,0,0,0.0,0.0,0.0,0.0,0.0
1342,413,329,109,405,True,False,76,76,0,0,0,0.0,0.0,0.0,0.0,0.0
1342,414,329,109,430,True,False,76,76,0,0,0,0.0,0.0,0.0,0.0,0.0
1342,415,329,109,487,True,False,76,76,0,0,0,0.0,0.0,0.0,0.0,0.0
1342,416,329,109,494,True,False,76,76,0,0,0,0.0,0.0,0.0,0.0,0.0
1343,665,329,163,259,True,True,4,4,4,9,2,0.0,0.0,2.25,1.0,2.25
1343,666,329,163,288,True,False,4,4,0,0,0,0.0,0.0,0.0,0.0,0.0
1343,667,329,163,371,True,False,4,4,0,0,0,0.0,0.0,0.0,0.0,0.0
1343,668,329,163,410,True,False,4,4,0,0,0,0.0,0.0,0.0,0.0,0.0
1344,1441,329,369,56,True,False,46,46,0,0,0,0.0,0.0,0.0,0.0,0.0
1344,1442,329,369,146,True,False,46,46,0,0,0,0.0,0.0,0.0,0.0,0.0
1344,1443,329,369,163,True,False,46,46,0,0,0,0.0,0.0,0.0,0.0,0.0
1344,1444,329,369,164,True,False,46,46,0,0,0,0.0,0.0,0.0,0.0,0.0
1344,1445,329,369,207,True,True,46,46,28,201,2,0.0,7.0,4.369565217391305,0.6086956521739131,4.369565217391305
1344,1446,329,369,271,True,False,46,46,0,0,0,0.0,0.0,0.0,0.0,0.0
1344,1447,329,369,329,True,True,46,46,17,104,2,0.0,3.0,2.260869565217391,0.3695652173913043,2.260869565217391
1344,1448,329,369,355,True,False,46,46,0,0,0,0.0,0.0,0.0,0.0,0.0
1344,1449,329,369,371,True,False,46,46,0,0,0,0.0,0.0,0.0,0.0,0.0
1344,1450,329,369,375,True,False,46,46,0,0,0,0.0,0.0,0.0,0.0,0.0
1344,1451,329,369,410,True,False,46,46,0,0,0,0.0,0.0,0.0,0.0,0.0
1344,1452,329,369,414,True,False,46,46,0,0,0,0.0,0.0,0.0,0.0,0.0
1344,1453,329,369,429,True,False,46,46,0,0,0,0.0,0.0,0.0,0.0,0.0
1345,28,332,4,63,True,True,4,4,4,50,2,3.0,8.0,12.5,1.0,12.5
1345,29,332,4,138,True,False,4,4,0,0,0,0.0,0.0,0.0,0.0,0.0
1346,462,332,118,63,True,True,20,20,11,44,4,3.0,9.0,2.2,0.55,2.2
1346,463,332,118,340,True,False,20,20,0,0,0,0.0,0.0,0.0,0.0,0.0
1347,506,332,138,42,True,False,3,3,0,0,0,0.0,0.0,0.0,0.0,0.0
1347,507,332,138,63,True,False,3,3,0,0,0,0.0,0.0,0.0,0.0,0.0
1347,508,332,138,151,True,False,3,3,0,0,0,0.0,0.0,0.0,0.0,0.0
1347,509,332,138,171,True,False,3,3,0,0,0,0.0,0.0,0.0,0.0,0.0
1347,510,332,138,258,True,False,3,3,0,0,0,0.0,0.0,0.0,0.0,0.0
1347,511,332,138,288,True,False,3,3,0,0,0,0.0,0.0,0.0,0.0,0.0
1347,512,332,138,340,True,True,3,3,1,15,1,5.0,8.0,5.0,0.3333333333333333,5.0
1347,513,332,138,415,True,False,3,3,0,0,0,0.0,0.0,0.0,0.0,0.0
1348,740,332,172,4,True,True,260,260,80,415,5,0.0,2.0,1.5961538461538463,0.3076923076923077,1.5961538461538463
1348,741,332,172,118,True,True,260,260,52,287,3,0.0,3.0,1.103846153846154,0.2,1.103846153846154
1348,742,332,172,138,True,True,260,260,27,94,3,0.0,1.0,0.36153846153846153,0.10384615384615385,0.36153846153846153
1348,743,332,172,164,True,False,260,260,0,0,0,0.0,0.0,0.0,0.0,0.0
1348,744,332,172,173,True,True,260,260,30,204,3,0.0,1.0,0.7846153846153846,0.11538461538461539,0.7846153846153846
1348,745,332,172,180,True,False,260,260,0,0,0,0.0,0.0,0.0,0.0,0.0
1348,746,332,172,288,True,False,260,260,0,0,0,0.0,0.0,0.0,0.0,0.0
1349,747,332,173,1,True,False,211,211,0,0,0,0.0,0.0,0.0,0.0,0.0
1349,748,332,173,42,True,False,211,211,0,0,0,0.0,0.0,0.0,0.0,0.0
1349,749,332,173,118,True,True,211,211,4,44,2,0.0,5.0,0.20853080568720378,0.018957345971563982,0.20853080568720378
1349,750,332,173,138,True,True,211,211,30,197,3,0.0,6.0,0.933649289099526,0.14218009478672985,0.933649289099526
1349,751,332,173,146,True,False,211,211,0,0,0,0.0,0.0,0.0,0.0,0.0
1349,752,332,173,171,True,False,211,211,0,0,0,0.0,0.0,0.0,0.0,0.0
1349,753,332,173,222,True,False,211,211,0,0,0,0.0,0.0,0.0,0.0,0.0
1349,754,332,173,271,True,False,211,211,0,0,0,0.0,0.0,0.0,0.0,0.0
1349,755,332,173,297,True,True,211,211,14,35,1,0.0,1.0,0.16587677725118483,0.06635071090047394,0.16587677725118483
1349,756,332,173,340,True,True,211,211,173,1973,12,0.0,5.0,9.350710900473933,0.8199052132701422,9.350710900473933
1349,757,332,173,405,True,False,211,211,0,0,0,0.0,0.0,0.0,0.0,0.0
1350,117,335,21,12,True,True,29,29,4,4,1,0.0,0.0,0.13793103448275862,0.13793103448275862,0.13793103448275862
1350,118,335,21,31,True,False,29,29,0,0,0,0.0,0.0,0.0,0.0,0.0
1350,119,335,21,74,True,False,29,29,0,0,0,0.0,0.0,0.0,0.0,0.0
1350,120,335,21,121,True,True,29,29,14,17,4,0.0,0.0,0.5862068965517241,0.4827586206896552,0.5862068965517241
1350,121,335,21,141,True,True,29,29,29,67,8,0.0,0.0,2.310344827586207,1.0,2.310344827586207
1350,122,335,21,156,True,True,29,29,10,13,3,0.0,0.0,0.4482758620689655,0.3448275862068966,0.4482758620689655
1350,123,335,21,186,True,False,29,29,0,0,0,0.0,0.0,0.0,0.0,0.0
1350,124,335,21,248,True,True,29,29,29,40,8,0.0,0.0,1.3793103448275863,1.0,1.3793103448275863
1350,125,335,21,319,True,False,29,29,0,0,0,0.0,0.0,0.0,0.0,0.0
1350,126,335,21,381,True,False,29,29,0,0,0,0.0,0.0,0.0,0.0,0.0
1350,127,335,21,449,True,False,29,29,0,0,0,0.0,0.0,0.0,0.0,0.0
1350,128,335,21,463,True,False,29,29,0,0,0,0.0,0.0,0.0,0.0,0.0
1351,293,335,61,12,True,True,122,122,9,9,1,0.0,1.0,0.07377049180327869,0.07377049180327869,0.07377049180327869
1351,294,335,61,21,True,True,122,122,35,40,7,0.0,0.0,0.32786885245901637,0.28688524590163933,0.32786885245901637
1351,295,335,61,31,True,False,122,122,0,0,0,0.0,0.0,0.0,0.0,0.0
1351,296,335,61,74,True,False,122,122,0,0,0,0.0,0.0,0.0,0.0,0.0
1351,297,335,61,121,True,True,122,122,3,3,1,0.0,0.0,0.02459016393442623,0.02459016393442623,0.02459016393442623
1351,298,335,61,141,True,True,122,122,122,358,14,0.0,0.0,2.9344262295081966,1.0,2.9344262295081966
1351,299,335,61,156,True,True,122,122,58,87,8,0.0,0.0,0.7131147540983607,0.47540983606557374,0.7131147540983607
1351,300,335,61,186,True,True,122,122,9,9,2,0.0,0.0,0.07377049180327869,0.07377049180327869,0.07377049180327869
1351,301,335,61,248,True,True,122,122,98,125,12,0.0,0.0,1.0245901639344261,0.8032786885245902,1.0245901639344261
1351,302,335,61,381,True,False,122,122,0,0,0,0.0,0.0,0.0,0.0,0.0
1351,303,335,61,463,True,False,122,122,0,0,0,0.0,0.0,0.0,0.0,0.0
1352,537,335,141,2,True,True,113,113,22,41,3,0.0,1.0,0.36283185840707965,0.19469026548672566,0.36283185840707965
1352,538,335,141,12,True,True,113,113,55,167,9,0.0,1.0,1.4778761061946903,0.48672566371681414,1.4778761061946903
1352,539,335,141,22,True,False,113,113,0,0,0,0.0,0.0,0.0,0.0,0.0
1352,540,335,141,74,True,False,113,113,0,0,0,0.0,0.0,0.0,0.0,0.0
1352,541,335,141,121,True,True,113,113,76,180,12,0.0,0.0,1.592920353982301,0.672566371681416,1.592920353982301
1352,542,335,141,139,True,False,113,113,0,0,0,0.0,0.0,0.0,0.0,0.0
1352,543,335,141,144,True,True,113,113,82,148,13,0.0,1.0,1.3097345132743363,0.7256637168141593,1.3097345132743363
1352,544,335,141,156,True,True,113,113,51,104,9,0.0,0.0,0.9203539823008849,0.45132743362831856,0.9203539823008849
1352,545,335,141,175,True,False,113,113,0,0,0,0.0,0.0,0.0,0.0,0.0
1352,546,335,141,248,True,True,113,113,113,289,17,0.0,0.0,2.5575221238938055,1.0,2.5575221238938055
1352,547,335,141,273,True,True,113,113,6,17,1,0.0,1.0,0.1504424778761062,0.05309734513274336,0.1504424778761062
1353,620,335,156,12,True,True,8,8,5,7,4,0.0,0.0,0.875,0.625,0.875
1353,621,335,156,22,True,False,8,8,0,0,0,0.0,0.0,0.0,0.0,0.0
1353,622,335,156,58,True,False,8,8,0,0,0,0.0,0.0,0.0,0.0,0.0
1353,623,335,156,113,True,False,8,8,0,0,0,0.0,0.0,0.0,0.0,0.0
1353,624,335,156,121,True,True,8,8,6,9,4,0.0,0.0,1.125,0.75,1.125
1353,625,335,156,139,True,False,8,8,0,0,0,0.0,0.0,0.0,0.0,0.0
1353,626,335,156,144,True,True,8,8,8,19,5,0.0,0.0,2.375,1.0,2.375
1353,627,335,156,243,True,False,8,8,0,0,0,0.0,0.0,0.0,0.0,0.0
1353,628,335,156,248,True,True,8,8,8,9,5,0.0,0.0,1.125,1.0,1.125
1353,629,335,156,251,True,False,8,8,0,0,0,0.0,0.0,0.0,0.0,0.0
1353,630,335,156,262,True,False,8,8,0,0,0,0.0,0.0,0.0,0.0,0.0
1353,631,335,156,273,True,False,8,8,0,0,0,0.0,0.0,0.0,0.0,0.0
1353,632,335,156,321,True,False,8,8,0,0,0,0.0,0.0,0.0,0.0,0.0
1353,633,335,156,449,True,False,8,8,0,0,0,0.0,0.0,0.0,0.0,0.0
1353,634,335,156,463,True,False,8,8,0,0,0,0.0,0.0,0.0,0.0,0.0
1353,635,335,156,481,True,False,8,8,0,0,0,0.0,0.0,0.0,0.0,0.0
1354,780,335,179,13,True,True,23,23,15,15,4,0.0,0.0,0.6521739130434783,0.6521739130434783,0.6521739130434783
1354,781,335,179,34,True,False,23,23,0,0,0,0.0,0.0,0.0,0.0,0.0
1354,782,335,179,43,True,False,23,23,0,0,0,0.0,0.0,0.0,0.0,0.0
1354,783,335,179,129,True,False,23,23,0,0,0,0.0,0.0,0.0,0.0,0.0
1354,784,335,179,245,True,False,23,23,0,0,0,0.0,0.0,0.0,0.0,0.0
1354,785,335,179,253,True,False,23,23,0,0,0,0.0,0.0,0.0,0.0,0.0
1354,786,335,179,256,True,False,23,23,0,0,0,0.0,0.0,0.0,0.0,0.0
1354,787,335,179,313,True,False,23,23,0,0,0,0.0,0.0,0.0,0.0,0.0
1354,788,335,179,353,True,True,23,23,4,4,1,0.0,0.0,0.17391304347826086,0.17391304347826086,0.17391304347826086
1354,789,335,179,472,True,True,23,23,23,30,6,0.0,0.0,1.3043478260869565,1.0,1.3043478260869565
1354,790,335,179,488,True,True,23,23,23,66,6,0.0,0.0,2.869565217391304,1.0,2.869565217391304
1355,808,335,186,12,True,False,11,11,0,0,0,0.0,0.0,0.0,0.0,0.0
1355,809,335,186,21,True,False,11,11,0,0,0,0.0,0.0,0.0,0.0,0.0
1355,810,335,186,31,True,False,11,11,0,0,0,0.0,0.0,0.0,0.0,0.0
1355,811,335,186,74,True,False,11,11,0,0,0,0.0,0.0,0.0,0.0,0.0
1355,812,335,186,121,True,True,11,11,7,7,2,0.0,0.0,0.6363636363636364,0.6363636363636364,0.6363636363636364
1355,813,335,186,141,True,True,11,11,11,22,3,0.0,0.0,2.0,1.0,2.0
1355,814,335,186,156,True,True,11,11,3,3,1,0.0,0.0,0.2727272727272727,0.2727272727272727,0.2727272727272727
1355,815,335,186,248,True,True,11,11,11,19,3,0.0,0.0,1.7272727272727273,1.0,1.7272727272727273
1355,816,335,186,319,True,False,11,11,0,0,0,0.0,0.0,0.0,0.0,0.0
1355,817,335,186,381,True,False,11,11,0,0,0,0.0,0.0,0.0,0.0,0.0
1355,818,335,186,449,True,False,11,11,0,0,0,0.0,0.0,0.0,0.0,0.0
1355,819,335,186,463,True,False,11,11,0,0,0,0.0,0.0,0.0,0.0,0.0
1356,980,335,248,2,True,True,5,5,2,12,2,0.0,1.0,2.4,0.4,2.4
1356,981,335,248,12,True,False,5,5,0,0,0,0.0,0.0,0.0,0.0,0.0
1356,982,335,248,22,True,False,5,5,0,0,0,0.0,0.0,0.0,0.0,0.0
1356,983,335,248,121,True,True,5,5,5,12,5,0.0,0.0,2.4,1.0,2.4
1356,984,335,248,139,True,False,5,5,0,0,0,0.0,0.0,0.0,0.0,0.0
1356,985,335,248,144,True,True,5,5,3,17,3,0.0,0.0,3.4,0.6,3.4
1356,986,335,248,169,True,False,5,5,0,0,0,0.0,0.0,0.0,0.0,0.0
1356,987,335,248,175,True,False,5,5,0,0,0,0.0,0.0,0.0,0.0,0.0
1356,988,335,248,262,True,False,5,5,0,0,0,0.0,0.0,0.0,0.0,0.0
1356,989,335,248,273,True,False,5,5,0,0,0,0.0,0.0,0.0,0.0,0.0
1356,990,335,248,281,True,False,5,5,0,0,0,0.0,0.0,0.0,0.0,0.0
1356,991,335,248,335,True,False,5,5,0,0,0,0.0,0.0,0.0,0.0,0.0
1356,992,335,248,383,True,False,5,5,0,0,0,0.0,0.0,0.0,0.0,0.0
1356,993,335,248,433,True,False,5,5,0,0,0,0.0,0.0,0.0,0.0,0.0
1356,994,335,248,455,True,False,5,5,0,0,0,0.0,0.0,0.0,0.0,0.0
1356,995,335,248,463,True,False,5,5,0,0,0,0.0,0.0,0.0,0.0,0.0
1356,996,335,248,508,True,False,5,5,0,0,0,0.0,0.0,0.0,0.0,0.0
1357,1833,335,488,2,True,False,101,101,0,0,0,0.0,0.0,0.0,0.0,0.0
1357,1834,335,488,13,True,True,101,101,62,149,10,0.0,1.0,1.4752475247524752,0.6138613861386139,1.4752475247524752
1357,1835,335,488,43,True,False,101,101,0,0,0,0.0,0.0,0.0,0.0,0.0
1357,1836,335,488,144,True,False,101,101,0,0,0,0.0,0.0,0.0,0.0,0.0
1357,1837,335,488,253,True,False,101,101,0,0,0,0.0,0.0,0.0,0.0,0.0
1357,1838,335,488,256,True,False,101,101,0,0,0,0.0,0.0,0.0,0.0,0.0
1357,1839,335,488,321,True,False,101,101,0,0,0,0.0,0.0,0.0,0.0,0.0
1357,1840,335,488,335,True,False,101,101,0,0,0,0.0,0.0,0.0,0.0,0.0
1357,1841,335,488,353,True,True,101,101,101,337,15,0.0,1.0,3.3366336633663365,1.0,3.3366336633663365
1357,1842,335,488,472,True,True,101,101,101,316,15,0.0,1.0,3.128712871287129,1.0,3.128712871287129
1357,1843,335,488,481,True,False,101,101,0,0,0,0.0,0.0,0.0,0.0,0.0
1358,1872,335,508,39,True,False,40,40,0,0,0,0.0,0.0,0.0,0.0,0.0
1358,1873,335,508,84,True,False,40,40,0,0,0,0.0,0.0,0.0,0.0,0.0
1358,1874,335,508,115,True,False,40,40,0,0,0,0.0,0.0,0.0,0.0,0.0
1358,1875,335,508,117,True,False,40,40,0,0,0,0.0,0.0,0.0,0.0,0.0
1358,1876,335,508,169,True,False,40,40,0,0,0,0.0,0.0,0.0,0.0,0.0
1358,1877,335,508,199,True,False,40,40,0,0,0,0.0,0.0,0.0,0.0,0.0
1358,1878,335,508,238,True,False,40,40,0,0,0,0.0,0.0,0.0,0.0,0.0
1358,1879,335,508,252,True,False,40,40,0,0,0,0.0,0.0,0.0,0.0,0.0
1358,1880,335,508,316,True,False,40,40,0,0,0,0.0,0.0,0.0,0.0,0.0
1358,1881,335,508,317,True,True,40,40,9,44,1,0.0,3.0,1.1,0.225,1.1
1358,1882,335,508,335,True,True,40,40,27,295,2,0.0,4.0,7.375,0.675,7.375
1358,1883,335,508,433,True,False,40,40,0,0,0,0.0,0.0,0.0,0.0,0.0
1358,1884,335,508,455,True,False,40,40,0,0,0,0.0,0.0,0.0,0.0,0.0
1358,1885,335,508,485,True,False,40,40,0,0,0,0.0,0.0,0.0,0.0,0.0
1358,1886,335,508,494,True,False,40,40,0,0,0,0.0,0.0,0.0,0.0,0.0
1359,246,340,42,8,True,False,137,137,0,0,0,0.0,0.0,0.0,0.0,0.0
1359,247,340,42,10,True,False,137,137,0,0,0,0.0,0.0,0.0,0.0,0.0
1359,248,340,42,149,True,False,137,137,0,0,0,0.0,0.0,0.0,0.0,0.0
1359,249,340,42,151,True,True,137,137,9,45,1,1.0,5.0,0.3284671532846715,0.06569343065693431,0.3284671532846715
1359,250,340,42,258,True,True,137,137,35,419,3,0.0,5.0,3.0583941605839415,0.25547445255474455,3.0583941605839415
1359,251,340,42,390,True,True,137,137,15,90,1,2.0,6.0,0.656934306569343,0.10948905109489052,0.656934306569343
1359,252,340,42,405,True,True,137,137,12,134,2,0.0,1.0,0.9781021897810219,0.08759124087591241,0.9781021897810219
1359,253,340,42,415,True,True,137,137,72,647,5,0.0,1.0,4.7226277372262775,0.5255474452554745,4.7226277372262775
1360,304,340,63,8,True,False,72,72,0,0,0,0.0,0.0,0.0,0.0,0.0
1360,305,340,63,42,True,True,72,72,35,257,4,0.0,1.0,3.5694444444444446,0.4861111111111111,3.5694444444444446
1360,306,340,63,80,True,True,72,72,11,45,2,0.0,3.0,0.625,0.1527777777777778,0.625
1360,307,340,63,118,True,False,72,72,0,0,0,0.0,0.0,0.0,0.0,0.0
1360,308,340,63,138,True,False,72,72,0,0,0,0.0,0.0,0.0,0.0,0.0
1360,309,340,63,146,True,False,72,72,0,0,0,0.0,0.0,0.0,0.0,0.0
1360,310,340,63,149,True,True,72,72,9,9,1,2.0,4.0,0.125,0.125,0.125
1360,311,340,63,151,True,True,72,72,32,254,3,0.0,4.0,3.5277777777777777,0.4444444444444444,3.5277777777777777
1360,312,340,63,230,True,False,72,72,0,0,0,0.0,0.0,0.0,0.0,0.0
1360,313,340,63,238,True,True,72,72,9,103,1,0.0,3.0,1.4305555555555556,0.125,1.4305555555555556
1360,314,340,63,258,True,True,72,72,5,15,1,0.0,3.0,0.20833333333333334,0.06944444444444445,0.20833333333333334
1360,315,340,63,311,True,False,72,72,0,0,0,0.0,0.0,0.0,0.0,0.0
1360,316,340,63,390,True,False,72,72,0,0,0,0.0,0.0,0.0,0.0,0.0
1360,317,340,63,415,True,True,72,72,16,153,3,0.0,2.0,2.125,0.2222222222222222,2.125
1361,506,340,138,42,True,False,5,5,0,0,0,0.0,0.0,0.0,0.0,0.0
1361,507,340,138,63,True,True,5,5,2,2,1,0.0,0.5,0.4,0.4,0.4
1361,508,340,138,151,True,False,5,5,0,0,0,0.0,0.0,0.0,0.0,0.0
1361,509,340,138,171,True,False,5,5,0,0,0,0.0,0.0,0.0,0.0,0.0
1361,510,340,138,258,True,False,5,5,0,0,0,0.0,0.0,0.0,0.0,0.0
1361,511,340,138,288,True,False,5,5,0,0,0,0.0,0.0,0.0,0.0,0.0
1361,512,340,138,340,True,True,5,5,3,13,2,0.0,0.0,2.6,0.6,2.6
1361,513,340,138,415,True,False,5,5,0,0,0,0.0,0.0,0.0,0.0,0.0
1362,747,340,173,1,True,False,248,248,0,0,0,0.0,0.0,0.0,0.0,0.0
1362,748,340,173,42,True,False,248,248,0,0,0,0.0,0.0,0.0,0.0,0.0
1362,749,340,173,118,True,False,248,248,0,0,0,0.0,0.0,0.0,0.0,0.0
1362,750,340,173,138,True,False,248,248,0,0,0,0.0,0.0,0.0,0.0,0.0
1362,751,340,173,146,True,False,248,248,0,0,0,0.0,0.0,0.0,0.0,0.0
1362,752,340,173,171,True,False,248,248,0,0,0,0.0,0.0,0.0,0.0,0.0
1362,753,340,173,222,True,False,248,248,0,0,0,0.0,0.0,0.0,0.0,0.0
1362,754,340,173,271,True,False,248,248,0,0,0,0.0,0.0,0.0,0.0,0.0
1362,755,340,173,297,True,False,248,248,0,0,0,0.0,0.0,0.0,0.0,0.0
1362,756,340,173,340,True,True,248,248,61,202,6,0.0,1.0,0.8145161290322581,0.24596774193548387,0.8145161290322581
1362,757,340,173,405,True,False,248,248,0,0,0,0.0,0.0,0.0,0.0,0.0
1363,1039,340,258,2,True,False,21,21,0,0,0,0.0,0.0,0.0,0.0,0.0
1363,1040,340,258,22,True,False,21,21,0,0,0,0.0,0.0,0.0,0.0,0.0
1363,1041,340,258,61,True,False,21,21,0,0,0,0.0,0.0,0.0,0.0,0.0
1363,1042,340,258,80,True,True,21,21,15,48,2,0.0,2.0,2.2857142857142856,0.7142857142857143,2.2857142857142856
1363,1043,340,258,126,True,False,21,21,0,0,0,0.0,0.0,0.0,0.0,0.0
1363,1044,340,258,151,True,False,21,21,0,0,0,0.0,0.0,0.0,0.0,0.0
1363,1045,340,258,175,True,True,21,21,6,6,1,3.0,4.5,0.2857142857142857,0.2857142857142857,0.2857142857142857
1363,1046,340,258,311,True,True,21,21,1,6,1,1.0,2.5,0.2857142857142857,0.047619047619047616,0.2857142857142857
1363,1047,340,258,390,True,True,21,21,6,83,1,0.0,3.0,3.9523809523809526,0.2857142857142857,3.9523809523809526
1363,1048,340,258,415,True,False,21,21,0,0,0,0.0,0.0,0.0,0.0,0.0
1364,1493,340,382,10,True,False,18,18,0,0,0,0.0,0.0,0.0,0.0,0.0
1364,1494,340,382,30,True,False,18,18,0,0,0,0.0,0.0,0.0,0.0,0.0
1364,1495,340,382,42,True,True,18,18,13,35,2,0.0,0.0,1.9444444444444444,0.7222222222222222,1.9444444444444444
1364,1496,340,382,151,True,False,18,18,0,0,0,0.0,0.0,0.0,0.0,0.0
1364,1497,340,382,238,True,False,18,18,0,0,0,0.0,0.0,0.0,0.0,0.0
1364,1498,340,382,294,True,False,18,18,0,0,0,0.0,0.0,0.0,0.0,0.0
1364,1499,340,382,324,True,False,18,18,0,0,0,0.0,0.0,0.0,0.0,0.0
1364,1500,340,382,378,True,False,18,18,0,0,0,0.0,0.0,0.0,0.0,0.0
1364,1501,340,382,387,True,False,18,18,0,0,0,0.0,0.0,0.0,0.0,0.0
1364,1502,340,382,404,True,False,18,18,0,0,0,0.0,0.0,0.0,0.0,0.0
1364,1503,340,382,405,True,True,18,18,5,5,1,0.0,0.0,0.2777777777777778,0.2777777777777778,0.2777777777777778
1364,1504,340,382,415,True,True,18,18,5,25,1,0.0,0.0,1.3888888888888888,0.2777777777777778,1.3888888888888888
1365,1618,340,405,10,True,False,7,7,0,0,0,0.0,0.0,0.0,0.0,0.0
1365,1619,340,405,80,True,False,7,7,0,0,0,0.0,0.0,0.0,0.0,0.0
1365,1620,340,405,100,True,False,7,7,0,0,0,0.0,0.0,0.0,0.0,0.0
1365,1621,340,405,117,True,False,7,7,0,0,0,0.0,0.0,0.0,0.0,0.0
1365,1622,340,405,258,True,True,7,7,4,20,1,0.0,0.0,2.857142857142857,0.5714285714285714,2.857142857142857
1365,1623,340,405,311,True,False,7,7,0,0,0,0.0,0.0,0.0,0.0,0.0
1365,1624,340,405,315,True,False,7,7,0,0,0,0.0,0.0,0.0,0.0,0.0
1365,1625,340,405,390,True,False,7,7,0,0,0,0.0,0.0,0.0,0.0,0.0
1365,1626,340,405,404,True,False,7,7,0,0,0,0.0,0.0,0.0,0.0,0.0
1365,1627,340,405,485,True,False,7,7,0,0,0,0.0,0.0,0.0,0.0,0.0
1366,1651,340,415,7,True,False,170,170,0,0,0,0.0,0.0,0.0,0.0,0.0
1366,1652,340,415,80,True,True,170,170,17,46,2,0.0,2.5,0.27058823529411763,0.1,0.27058823529411763
1366,1653,340,415,117,True,False,170,170,0,0,0,0.0,0.0,0.0,0.0,0.0
1366,1654,340,415,133,True,False,170,170,0,0,0,0.0,0.0,0.0,0.0,0.0
1366,1655,340,415,149,True,True,170,170,6,18,1,8.0,10.0,0.10588235294117647,0.03529411764705882,0.10588235294117647
1366,1656,340,415,151,True,False,170,170,0,0,0,0.0,0.0,0.0,0.0,0.0
1366,1657,340,415,175,True,True,170,170,20,40,2,2.0,6.0,0.23529411764705882,0.11764705882352941,0.23529411764705882
1366,1658,340,415,196,True,False,170,170,0,0,0,0.0,0.0,0.0,0.0,0.0
1366,1659,340,415,258,True,True,170,170,88,554,8,0.0,4.0,3.2588235294117647,0.5176470588235295,3.2588235294117647
1366,1660,340,415,263,True,False,170,170,0,0,0,0.0,0.0,0.0,0.0,0.0
1366,1661,340,415,268,True,True,170,170,6,21,1,8.0,10.0,0.12352941176470589,0.03529411764705882,0.12352941176470589
1366,1662,340,415,311,True,False,170,170,0,0,0,0.0,0.0,0.0,0.0,0.0
1366,1663,340,415,315,True,False,170,170,0,0,0,0.0,0.0,0.0,0.0,0.0
1366,1664,340,415,387,True,True,170,170,15,90,1,2.0,6.0,0.5294117647058824,0.08823529411764706,0.5294117647058824
1366,1665,340,415,390,True,True,170,170,13,36,2,1.0,4.0,0.21176470588235294,0.07647058823529412,0.21176470588235294
1366,1666,340,415,509,True,False,170,170,0,0,0,0.0,0.0,0.0,0.0,0.0
1367,141,341,23,7,True,False,192,192,0,0,0,0.0,0.0,0.0,0.0,0.0
1367,142,341,23,24,True,False,192,192,0,0,0,0.0,0.0,0.0,0.0,0.0
1367,143,341,23,85,True,True,192,192,6,31,2,0.0,2.0,0.16145833333333334,0.03125,0.16145833333333334
1367,144,341,23,88,True,False,192,192,0,0,0,0.0,0.0,0.0,0.0,0.0
1367,145,341,23,143,True,False,192,192,0,0,0,0.0,0.0,0.0,0.0,0.0
1367,146,341,23,157,True,True,192,192,17,82,4,0.0,1.0,0.4270833333333333,0.08854166666666667,0.4270833333333333
1367,147,341,23,247,True,True,192,192,28,382,2,0.0,4.0,1.9895833333333333,0.14583333333333334,1.9895833333333333
1367,148,341,23,262,True,True,192,192,11,93,2,0.0,4.0,0.484375,0.057291666666666664,0.484375
1367,149,341,23,279,True,False,192,192,0,0,0,0.0,0.0,0.0,0.0,0.0
1367,150,341,23,309,True,True,192,192,8,16,2,0.0,2.0,0.08333333333333333,0.041666666666666664,0.08333333333333333
1367,151,341,23,316,True,True,192,192,21,128,4,0.0,3.0,0.6666666666666666,0.109375,0.6666666666666666
1367,152,341,23,385,True,True,192,192,74,798,12,0.0,3.0,4.15625,0.3854166666666667,4.15625
1367,153,341,23,389,True,True,192,192,21,169,4,0.0,3.0,0.8802083333333334,0.109375,0.8802083333333334
1367,154,341,23,402,True,True,192,192,41,193,7,0.0,2.0,1.0052083333333333,0.21354166666666666,1.0052083333333333
1367,155,341,23,474,True,True,192,192,31,129,5,1.0,5.0,0.671875,0.16145833333333334,0.671875
1368,374,341,85,84,True,False,8,8,0,0,0,0.0,0.0,0.0,0.0,0.0
1368,375,341,85,98,True,False,8,8,0,0,0,0.0,0.0,0.0,0.0,0.0
1368,376,341,85,115,True,True,8,8,1,15,1,0.0,3.0,1.875,0.125,1.875
1368,377,341,85,167,True,False,8,8,0,0,0,0.0,0.0,0.0,0.0,0.0
1368,378,341,85,240,True,True,8,8,7,99,2,0.0,4.0,12.375,0.875,12.375
1368,379,341,85,262,True,False,8,8,0,0,0,0.0,0.0,0.0,0.0,0.0
1368,380,341,85,309,True,False,8,8,0,0,0,0.0,0.0,0.0,0.0,0.0
1368,381,341,85,352,True,False,8,8,0,0,0,0.0,0.0,0.0,0.0,0.0
1368,382,341,85,375,True,False,8,8,0,0,0,0.0,0.0,0.0,0.0,0.0
1368,383,341,85,389,True,False,8,8,0,0,0,0.0,0.0,0.0,0.0,0.0
1369,474,341,125,6,True,True,171,171,7,18,3,8.0,10.0,0.10526315789473684,0.04093567251461988,0.10526315789473684
1369,475,341,125,23,True,True,171,171,44,301,8,0.0,1.0,1.760233918128655,0.2573099415204678,1.760233918128655
1369,476,341,125,217,True,True,171,171,12,165,1,3.0,8.0,0.9649122807017544,0.07017543859649122,0.9649122807017544
1369,477,341,125,247,True,True,171,171,9,19,2,0.0,3.0,0.1111111111111111,0.05263157894736842,0.1111111111111111
1369,478,341,125,296,True,False,171,171,0,0,0,0.0,0.0,0.0,0.0,0.0
1369,479,341,125,309,True,True,171,171,5,25,1,0.0,4.0,0.14619883040935672,0.029239766081871343,0.14619883040935672
1369,480,341,125,385,True,True,171,171,17,105,2,0.0,1.0,0.6140350877192983,0.09941520467836257,0.6140350877192983
1369,481,341,125,402,True,True,171,171,16,79,2,0.0,2.0,0.4619883040935672,0.0935672514619883,0.4619883040935672
1370,942,341,240,85,True,True,23,23,8,80,1,0.0,1.0,3.4782608695652173,0.34782608695652173,3.4782608695652173
1370,943,341,240,98,True,False,23,23,0,0,0,0.0,0.0,0.0,0.0,0.0
1370,944,341,240,208,True,False,23,23,0,0,0,0.0,0.0,0.0,0.0,0.0
1370,945,341,240,296,True,False,23,23,0,0,0,0.0,0.0,0.0,0.0,0.0
1371,1521,341,385,23,True,True,223,223,127,1057,18,0.0,1.0,4.739910313901345,0.5695067264573991,4.739910313901345
1371,1522,341,385,24,True,False,223,223,0,0,0,0.0,0.0,0.0,0.0,0.0
1371,1523,341,385,84,True,False,223,223,0,0,0,0.0,0.0,0.0,0.0,0.0
1371,1524,341,385,85,True,True,223,223,3,12,1,7.0,7.5,0.053811659192825115,0.013452914798206279,0.053811659192825115
1371,1525,341,385,157,True,True,223,223,19,201,2,0.0,5.0,0.9013452914798207,0.08520179372197309,0.9013452914798207
1371,1526,341,385,217,True,True,223,223,40,371,5,0.0,8.0,1.663677130044843,0.17937219730941703,1.663677130044843
1371,1527,341,385,224,True,True,223,223,1,1,1,10.0,10.0,0.004484304932735426,0.004484304932735426,0.004484304932735426
1371,1528,341,385,243,True,False,223,223,0,0,0,0.0,0.0,0.0,0.0,0.0
1371,1529,341,385,296,True,False,223,223,0,0,0,0.0,0.0,0.0,0.0,0.0
1371,1530,341,385,316,True,True,223,223,26,248,2,0.0,7.0,1.1121076233183858,0.11659192825112108,1.1121076233183858
1371,1531,341,385,389,True,True,223,223,8,28,2,0.0,0.0,0.12556053811659193,0.03587443946188341,0.12556053811659193
1371,1532,341,385,402,True,True,223,223,24,62,3,0.0,3.0,0.27802690582959644,0.10762331838565023,0.27802690582959644
1371,1533,341,385,474,True,True,223,223,32,213,6,6.0,9.0,0.9551569506726457,0.14349775784753363,0.9551569506726457
1372,1543,341,389,23,True,True,145,145,46,304,8,0.0,1.0,2.0965517241379312,0.31724137931034485,2.0965517241379312
1372,1544,341,389,58,True,True,145,145,34,262,3,4.0,9.0,1.806896551724138,0.23448275862068965,1.806896551724138
1372,1545,341,389,84,True,False,145,145,0,0,0,0.0,0.0,0.0,0.0,0.0
1372,1546,341,389,85,True,True,145,145,16,130,2,0.0,1.0,0.896551724137931,0.1103448275862069,0.896551724137931
1372,1547,341,389,115,True,False,145,145,0,0,0,0.0,0.0,0.0,0.0,0.0
1372,1548,341,389,157,True,True,145,145,20,83,3,0.0,3.0,0.5724137931034483,0.13793103448275862,0.5724137931034483
1372,1549,341,389,208,True,False,145,145,0,0,0,0.0,0.0,0.0,0.0,0.0
1372,1550,341,389,296,True,False,145,145,0,0,0,0.0,0.0,0.0,0.0,0.0
1372,1551,341,389,385,True,True,145,145,36,150,6,0.0,2.0,1.0344827586206897,0.2482758620689655,1.0344827586206897
1372,1552,341,389,474,True,True,145,145,14,130,2,8.0,9.0,0.896551724137931,0.09655172413793103,0.896551724137931
1373,42,346,7,28,True,False,8,8,0,0,0,0.0,0.0,0.0,0.0,0.0
1373,43,346,7,77,True,True,8,8,7,19,1,0.0,1.0,2.375,0.875,2.375
1373,44,346,7,133,True,False,8,8,0,0,0,0.0,0.0,0.0,0.0,0.0
1373,45,346,7,143,True,False,8,8,0,0,0,0.0,0.0,0.0,0.0,0.0
1373,46,346,7,167,True,False,8,8,0,0,0,0.0,0.0,0.0,0.0,0.0
1373,47,346,7,196,True,False,8,8,0,0,0,0.0,0.0,0.0,0.0,0.0
1373,48,346,7,222,True,False,8,8,0,0,0,0.0,0.0,0.0,0.0,0.0
1373,49,346,7,290,True,False,8,8,0,0,0,0.0,0.0,0.0,0.0,0.0
1373,50,346,7,318,True,False,8,8,0,0,0,0.0,0.0,0.0,0.0,0.0
1373,51,346,7,347,True,False,8,8,0,0,0,0.0,0.0,0.0,0.0,0.0
1373,52,346,7,474,True,False,8,8,0,0,0,0.0,0.0,0.0,0.0,0.0
1373,53,346,7,509,True,False,8,8,0,0,0,0.0,0.0,0.0,0.0,0.0
1374,54,346,8,22,True,False,5,5,0,0,0,0.0,0.0,0.0,0.0,0.0
1374,55,346,8,79,True,False,5,5,0,0,0,0.0,0.0,0.0,0.0,0.0
1374,56,346,8,80,True,False,5,5,0,0,0,0.0,0.0,0.0,0.0,0.0
1374,57,346,8,100,True,False,5,5,0,0,0,0.0,0.0,0.0,0.0,0.0
1374,58,346,8,126,True,False,5,5,0,0,0,0.0,0.0,0.0,0.0,0.0
1374,59,346,8,144,True,False,5,5,0,0,0,0.0,0.0,0.0,0.0,0.0
1374,60,346,8,149,True,False,5,5,0,0,0,0.0,0.0,0.0,0.0,0.0
1374,61,346,8,171,True,False,5,5,0,0,0,0.0,0.0,0.0,0.0,0.0
1374,62,346,8,184,True,False,5,5,0,0,0,0.0,0.0,0.0,0.0,0.0
1374,63,346,8,229,True,False,5,5,0,0,0,0.0,0.0,0.0,0.0,0.0
1374,64,346,8,230,True,False,5,5,0,0,0,0.0,0.0,0.0,0.0,0.0
1374,65,346,8,258,True,False,5,5,0,0,0,0.0,0.0,0.0,0.0,0.0
1374,66,346,8,311,True,False,5,5,0,0,0,0.0,0.0,0.0,0.0,0.0
1374,67,346,8,315,True,False,5,5,0,0,0,0.0,0.0,0.0,0.0,0.0
1374,68,346,8,390,True,False,5,5,0,0,0,0.0,0.0,0.0,0.0,0.0
1375,337,346,77,163,True,False,6,6,0,0,0,0.0,0.0,0.0,0.0,0.0
1375,338,346,77,205,True,False,6,6,0,0,0,0.0,0.0,0.0,0.0,0.0
1376,1171,346,290,7,True,True,818,818,209,2032,13,0.0,3.0,2.4841075794621026,0.2555012224938875,2.4841075794621026
1376,1172,346,290,8,True,True,818,818,17,90,2,0.0,1.0,0.1100244498777506,0.02078239608801956,0.1100244498777506
1376,1173,346,290,77,True,True,818,818,63,283,5,0.0,3.0,0.34596577017114916,0.07701711491442542,0.34596577017114916
1376,1174,346,290,143,True,True,818,818,15,59,1,0.0,3.0,0.07212713936430318,0.018337408312958436,0.07212713936430318
1376,1175,346,290,184,True,True,818,818,78,657,6,0.0,4.0,0.8031784841075794,0.09535452322738386,0.8031784841075794
1376,1176,346,290,247,True,False,818,818,0,0,0,0.0,0.0,0.0,0.0,0.0
1376,1177,346,290,261,True,True,818,818,30,100,2,6.0,9.0,0.12224938875305623,0.03667481662591687,0.12224938875305623
1376,1178,346,290,279,True,True,818,818,14,83,1,0.0,3.0,0.10146699266503667,0.017114914425427872,0.10146699266503667
1376,1179,346,290,317,True,False,818,818,0,0,0,0.0,0.0,0.0,0.0,0.0
1376,1180,346,290,346,True,True,818,818,9,13,2,0.0,0.0,0.01589242053789731,0.011002444987775062,0.01589242053789731
1376,1181,346,290,383,True,True,818,818,47,306,4,4.0,9.0,0.3740831295843521,0.05745721271393643,0.3740831295843521
1376,1182,346,290,402,True,False,818,818,0,0,0,0.0,0.0,0.0,0.0,0.0
1376,1183,346,290,474,True,True,818,818,88,777,6,0.0,7.0,0.9498777506112469,0.10757946210268948,0.9498777506112469
1377,1583,346,402,7,True,False,14,14,0,0,0,0.0,0.0,0.0,0.0,0.0
1377,1584,346,402,24,True,False,14,14,0,0,0,0.0,0.0,0.0,0.0,0.0
1377,1585,346,402,77,True,True,14,14,12,78,1,0.0,1.0,5.571428571428571,0.8571428571428571,5.571428571428571
1377,1586,346,402,84,True,False,14,14,0,0,0,0.0,0.0,0.0,0.0,0.0
1377,1587,346,402,98,True,False,14,14,0,0,0,0.0,0.0,0.0,0.0,0.0
1377,1588,346,402,115,True,False,14,14,0,0,0,0.0,0.0,0.0,0.0,0.0
1377,1589,346,402,147,True,False,14,14,0,0,0,0.0,0.0,0.0,0.0,0.0
1377,1590,346,402,217,True,False,14,14,0,0,0,0.0,0.0,0.0,0.0,0.0
1377,1591,346,402,247,True,False,14,14,0,0,0,0.0,0.0,0.0,0.0,0.0
1377,1592,346,402,309,True,False,14,14,0,0,0,0.0,0.0,0.0,0.0,0.0
1377,1593,346,402,316,True,False,14,14,0,0,0,0.0,0.0,0.0,0.0,0.0
1377,1594,346,402,352,True,False,14,14,0,0,0,0.0,0.0,0.0,0.0,0.0
1377,1595,346,402,375,True,False,14,14,0,0,0,0.0,0.0,0.0,0.0,0.0
1377,1596,346,402,385,True,False,14,14,0,0,0,0.0,0.0,0.0,0.0,0.0
1377,1597,346,402,474,True,False,14,14,0,0,0,0.0,0.0,0.0,0.0,0.0
1378,1808,346,485,8,True,False,19,19,0,0,0,0.0,0.0,0.0,0.0,0.0
1378,1809,346,485,79,True,False,19,19,0,0,0,0.0,0.0,0.0,0.0,0.0
1378,1810,346,485,100,True,False,19,19,0,0,0,0.0,0.0,0.0,0.0,0.0
1378,1811,346,485,149,True,False,19,19,0,0,0,0.0,0.0,0.0,0.0,0.0
1378,1812,346,485,151,True,False,19,19,0,0,0,0.0,0.0,0.0,0.0,0.0
1378,1813,346,485,161,True,False,19,19,0,0,0,0.0,0.0,0.0,0.0,0.0
1378,1814,346,485,167,True,False,19,19,0,0,0,0.0,0.0,0.0,0.0,0.0
1378,1815,346,485,170,True,False,19,19,0,0,0,0.0,0.0,0.0,0.0,0.0
1378,1816,346,485,230,True,False,19,19,0,0,0,0.0,0.0,0.0,0.0,0.0
1378,1817,346,485,315,True,False,19,19,0,0,0,0.0,0.0,0.0,0.0,0.0
1378,1818,346,485,405,True,False,19,19,0,0,0,0.0,0.0,0.0,0.0,0.0
1379,216,347,37,7,True,True,181,181,21,48,2,1.0,5.0,0.26519337016574585,0.11602209944751381,0.26519337016574585
1379,217,347,37,24,True,False,181,181,0,0,0,0.0,0.0,0.0,0.0,0.0
1379,218,347,37,84,True,False,181,181,0,0,0,0.0,0.0,0.0,0.0,0.0
1379,219,347,37,115,True,False,181,181,0,0,0,0.0,0.0,0.0,0.0,0.0
1379,220,347,37,143,True,True,181,181,30,269,2,0.0,5.0,1.4861878453038675,0.16574585635359115,1.4861878453038675
1379,221,347,37,161,True,True,181,181,18,53,1,0.0,6.0,0.292817679558011,0.09944751381215469,0.292817679558011
1379,222,347,37,217,True,False,181,181,0,0,0,0.0,0.0,0.0,0.0,0.0
1379,223,347,37,279,True,True,181,181,42,608,2,0.0,4.0,3.3591160220994474,0.23204419889502761,3.3591160220994474
1379,224,347,37,290,True,True,181,181,38,507,3,0.0,3.0,2.8011049723756907,0.20994475138121546,2.8011049723756907
1379,225,347,37,316,True,False,181,181,0,0,0,0.0,0.0,0.0,0.0,0.0
1379,226,347,37,347,True,True,181,181,26,55,3,0.0,0.0,0.30386740331491713,0.143646408839779,0.30386740331491713
1379,227,347,37,385,True,False,181,181,0,0,0,0.0,0.0,0.0,0.0,0.0
1379,228,347,37,402,True,False,181,181,0,0,0,0.0,0.0,0.0,0.0,0.0
1379,229,347,37,404,True,False,181,181,0,0,0,0.0,0.0,0.0,0.0,0.0
1379,230,347,37,432,True,True,181,181,35,235,3,0.0,5.0,1.298342541436464,0.19337016574585636,1.298342541436464
1379,231,347,37,474,True,True,181,181,70,655,5,0.0,6.0,3.6187845303867405,0.3867403314917127,3.6187845303867405
1380,271,347,56,7,True,False,231,231,0,0,0,0.0,0.0,0.0,0.0,0.0
1380,272,347,56,143,True,True,231,231,15,45,1,5.0,9.0,0.19480519480519481,0.06493506493506493,0.19480519480519481
1380,273,347,56,167,True,True,231,231,71,934,5,0.0,4.0,4.043290043290043,0.30735930735930733,4.043290043290043
1380,274,347,56,207,True,True,231,231,31,226,3,0.0,1.5,0.9783549783549783,0.1341991341991342,0.9783549783549783
1380,275,347,56,263,True,False,231,231,0,0,0,0.0,0.0,0.0,0.0,0.0
1380,276,347,56,415,True,False,231,231,0,0,0,0.0,0.0,0.0,0.0,0.0
1380,277,347,56,440,True,True,231,231,30,60,2,4.0,8.0,0.2597402597402597,0.12987012987012986,0.2597402597402597
1380,278,347,56,509,True,True,231,231,60,598,3,0.0,5.0,2.588744588744589,0.2597402597402597,2.588744588744589
1381,860,347,207,161,True,True,18,18,3,9,1,5.0,7.0,0.5,0.16666666666666666,0.5
1381,861,347,207,167,True,True,18,18,3,36,1,3.0,6.5,2.0,0.16666666666666666,2.0
1381,862,347,207,196,True,False,18,18,0,0,0,0.0,0.0,0.0,0.0,0.0
1381,863,347,207,263,True,False,18,18,0,0,0,0.0,0.0,0.0,0.0,0.0
1381,864,347,207,375,True,False,18,18,0,0,0,0.0,0.0,0.0,0.0,0.0
1381,865,347,207,405,True,False,18,18,0,0,0,0.0,0.0,0.0,0.0,0.0
1381,866,347,207,440,True,False,18,18,0,0,0,0.0,0.0,0.0,0.0,0.0
1381,867,347,207,485,True,False,18,18,0,0,0,0.0,0.0,0.0,0.0,0.0
1382,1408,347,355,1,True,False,184,184,0,0,0,0.0,0.0,0.0,0.0,0.0
1382,1409,347,355,28,True,False,184,184,0,0,0,0.0,0.0,0.0,0.0,0.0
1382,1410,347,355,56,True,True,184,184,3,5,2,0.0,0.0,0.02717391304347826,0.016304347826086956,0.02717391304347826
1382,1411,347,355,207,True,False,184,184,0,0,0,0.0,0.0,0.0,0.0,0.0
1382,1412,347,355,271,True,False,184,184,0,0,0,0.0,0.0,0.0,0.0,0.0
1382,1413,347,355,318,True,False,184,184,0,0,0,0.0,0.0,0.0,0.0,0.0
1382,1414,347,355,326,True,False,184,184,0,0,0,0.0,0.0,0.0,0.0,0.0
1382,1415,347,355,347,True,True,184,184,12,28,3,0.0,0.0,0.15217391304347827,0.06521739130434782,0.15217391304347827
1382,1416,347,355,362,True,True,184,184,106,340,8,0.0,2.0,1.8478260869565217,0.5760869565217391,1.8478260869565217
1382,1417,347,355,369,True,False,184,184,0,0,0,0.0,0.0,0.0,0.0,0.0
1382,1418,347,355,398,True,False,184,184,0,0,0,0.0,0.0,0.0,0.0,0.0
1382,1419,347,355,410,True,False,184,184,0,0,0,0.0,0.0,0.0,0.0,0.0
1382,1420,347,355,429,True,False,184,184,0,0,0,0.0,0.0,0.0,0.0,0.0
1383,1439,347,362,40,True,False,9,9,0,0,0,0.0,0.0,0.0,0.0,0.0
1383,1440,347,362,203,True,True,9,9,3,39,3,3.0,6.0,4.333333333333333,0.3333333333333333,4.333333333333333
1384,156,352,24,37,True,False,16,16,0,0,0,0.0,0.0,0.0,0.0,0.0
1384,157,352,24,84,True,False,16,16,0,0,0,0.0,0.0,0.0,0.0,0.0
1384,158,352,24,224,True,False,16,16,0,0,0,0.0,0.0,0.0,0.0,0.0
1384,159,352,24,227,True,True,16,16,7,105,1,3.0,7.0,6.5625,0.4375,6.5625
1384,160,352,24,304,True,False,16,16,0,0,0,0.0,0.0,0.0,0.0,0.0
1385,374,352,85,84,True,False,15,15,0,0,0,0.0,0.0,0.0,0.0,0.0
1385,375,352,85,98,True,False,15,15,0,0,0,0.0,0.0,0.0,0.0,0.0
1385,376,352,85,115,True,True,15,15,14,39,2,0.0,0.0,2.6,0.9333333333333333,2.6
1385,377,352,85,167,True,False,15,15,0,0,0,0.0,0.0,0.0,0.0,0.0
1385,378,352,85,240,True,False,15,15,0,0,0,0.0,0.0,0.0,0.0,0.0
1385,379,352,85,262,True,False,15,15,0,0,0,0.0,0.0,0.0,0.0,0.0
1385,380,352,85,309,True,False,15,15,0,0,0,0.0,0.0,0.0,0.0,0.0
1385,381,352,85,352,True,False,15,15,0,0,0,0.0,0.0,0.0,0.0,0.0
1385,382,352,85,375,True,False,15,15,0,0,0,0.0,0.0,0.0,0.0,0.0
1385,383,352,85,389,True,False,15,15,0,0,0,0.0,0.0,0.0,0.0,0.0
1386,387,352,98,84,True,False,36,36,0,0,0,0.0,0.0,0.0,0.0,0.0
1386,388,352,98,85,True,False,36,36,0,0,0,0.0,0.0,0.0,0.0,0.0
1386,389,352,98,240,True,False,36,36,0,0,0,0.0,0.0,0.0,0.0,0.0
1386,390,352,98,252,True,False,36,36,0,0,0,0.0,0.0,0.0,0.0,0.0
1386,391,352,98,402,True,False,36,36,0,0,0,0.0,0.0,0.0,0.0,0.0
1387,437,352,115,58,True,False,21,21,0,0,0,0.0,0.0,0.0,0.0,0.0
1387,438,352,115,84,True,False,21,21,0,0,0,0.0,0.0,0.0,0.0,0.0
1387,439,352,115,85,True,False,21,21,0,0,0,0.0,0.0,0.0,0.0,0.0
1387,440,352,115,217,True,False,21,21,0,0,0,0.0,0.0,0.0,0.0,0.0
1387,441,352,115,316,True,False,21,21,0,0,0,0.0,0.0,0.0,0.0,0.0
1387,442,352,115,375,True,False,21,21,0,0,0,0.0,0.0,0.0,0.0,0.0
1387,443,352,115,389,True,False,21,21,0,0,0,0.0,0.0,0.0,0.0,0.0
1387,444,352,115,402,True,False,21,21,0,0,0,0.0,0.0,0.0,0.0,0.0
1387,445,352,115,474,True,False,21,21,0,0,0,0.0,0.0,0.0,0.0,0.0
1388,688,352,167,7,True,False,10,10,0,0,0,0.0,0.0,0.0,0.0,0.0
1388,689,352,167,88,True,False,10,10,0,0,0,0.0,0.0,0.0,0.0,0.0
1388,690,352,167,133,True,False,10,10,0,0,0,0.0,0.0,0.0,0.0,0.0
1388,691,352,167,143,True,False,10,10,0,0,0,0.0,0.0,0.0,0.0,0.0
1388,692,352,167,157,True,False,10,10,0,0,0,0.0,0.0,0.0,0.0,0.0
1388,693,352,167,161,True,False,10,10,0,0,0,0.0,0.0,0.0,0.0,0.0
1388,694,352,167,196,True,False,10,10,0,0,0,0.0,0.0,0.0,0.0,0.0
1388,695,352,167,261,True,False,10,10,0,0,0,0.0,0.0,0.0,0.0,0.0
1388,696,352,167,279,True,False,10,10,0,0,0,0.0,0.0,0.0,0.0,0.0
1388,697,352,167,290,True,False,10,10,0,0,0,0.0,0.0,0.0,0.0,0.0
1388,698,352,167,316,True,False,10,10,0,0,0,0.0,0.0,0.0,0.0,0.0
1388,699,352,167,432,True,False,10,10,0,0,0,0.0,0.0,0.0,0.0,0.0
1388,700,352,167,440,True,False,10,10,0,0,0,0.0,0.0,0.0,0.0,0.0
1388,701,352,167,474,True,False,10,10,0,0,0,0.0,0.0,0.0,0.0,0.0
1388,702,352,167,509,True,False,10,10,0,0,0,0.0,0.0,0.0,0.0,0.0
1389,878,352,217,6,True,True,29,29,15,134,1,0.0,4.0,4.620689655172414,0.5172413793103449,4.620689655172414
1389,879,352,217,13,True,True,29,29,1,1,1,8.0,8.0,0.034482758620689655,0.034482758620689655,0.034482758620689655
1389,880,352,217,21,True,False,29,29,0,0,0,0.0,0.0,0.0,0.0,0.0
1389,881,352,217,58,True,False,29,29,0,0,0,0.0,0.0,0.0,0.0,0.0
1389,882,352,217,129,True,True,29,29,2,6,2,6.0,7.0,0.20689655172413793,0.06896551724137931,0.20689655172413793
1389,883,352,217,156,True,True,29,29,12,12,1,6.0,8.5,0.41379310344827586,0.41379310344827586,0.41379310344827586
1389,884,352,217,179,True,True,29,29,1,4,1,5.0,6.5,0.13793103448275862,0.034482758620689655,0.13793103448275862
1389,885,352,217,186,True,False,29,29,0,0,0,0.0,0.0,0.0,0.0,0.0
1389,886,352,217,243,True,True,29,29,1,9,1,2.0,4.0,0.3103448275862069,0.034482758620689655,0.3103448275862069
1389,887,352,217,319,True,True,29,29,27,75,2,3.0,7.0,2.586206896551724,0.9310344827586207,2.586206896551724
1389,888,352,217,385,True,False,29,29,0,0,0,0.0,0.0,0.0,0.0,0.0
1390,1082,352,263,7,True,False,6,6,0,0,0,0.0,0.0,0.0,0.0,0.0
1390,1083,352,263,133,True,False,6,6,0,0,0,0.0,0.0,0.0,0.0,0.0
1390,1084,352,263,167,True,False,6,6,0,0,0,0.0,0.0,0.0,0.0,0.0
1390,1085,352,263,196,True,False,6,6,0,0,0,0.0,0.0,0.0,0.0,0.0
1390,1086,352,263,258,True,False,6,6,0,0,0,0.0,0.0,0.0,0.0,0.0
1390,1087,352,263,309,True,True,6,6,6,16,2,0.0,1.0,2.6666666666666665,1.0,2.6666666666666665
1390,1088,352,263,405,True,False,6,6,0,0,0,0.0,0.0,0.0,0.0,0.0
1390,1089,352,263,440,True,False,6,6,0,0,0,0.0,0.0,0.0,0.0,0.0
1390,1090,352,263,509,True,False,6,6,0,0,0,0.0,0.0,0.0,0.0,0.0
1391,1228,352,309,6,True,False,13,13,0,0,0,0.0,0.0,0.0,0.0,0.0
1391,1229,352,309,24,True,True,13,13,5,22,1,0.0,2.0,1.6923076923076923,0.38461538461538464,1.6923076923076923
1391,1230,352,309,125,True,False,13,13,0,0,0,0.0,0.0,0.0,0.0,0.0
1391,1231,352,309,147,True,False,13,13,0,0,0,0.0,0.0,0.0,0.0,0.0
1391,1232,352,309,217,True,False,13,13,0,0,0,0.0,0.0,0.0,0.0,0.0
1391,1233,352,309,224,True,True,13,13,5,49,1,0.0,3.0,3.769230769230769,0.38461538461538464,3.769230769230769
1391,1234,352,309,227,True,False,13,13,0,0,0,0.0,0.0,0.0,0.0,0.0
1391,1235,352,309,316,True,True,13,13,5,25,1,0.0,0.0,1.9230769230769231,0.38461538461538464,1.9230769230769231
1391,1236,352,309,352,True,False,13,13,0,0,0,0.0,0.0,0.0,0.0,0.0
1391,1237,352,309,361,True,False,13,13,0,0,0,0.0,0.0,0.0,0.0,0.0
1391,1238,352,309,387,True,False,13,13,0,0,0,0.0,0.0,0.0,0.0,0.0
1391,1239,352,309,474,True,False,13,13,0,0,0,0.0,0.0,0.0,0.0,0.0
1392,1269,352,316,84,True,True,208,208,5,15,1,2.0,5.0,0.07211538461538461,0.02403846153846154,0.07211538461538461
1392,1270,352,316,115,True,True,208,208,15,55,1,0.0,1.0,0.2644230769230769,0.07211538461538461,0.2644230769230769
1392,1271,352,316,125,True,True,208,208,10,150,1,0.0,5.0,0.7211538461538461,0.04807692307692308,0.7211538461538461
1392,1272,352,316,147,True,False,208,208,0,0,0,0.0,0.0,0.0,0.0,0.0
1392,1273,352,316,217,True,True,208,208,86,969,8,0.0,3.0,4.658653846153846,0.41346153846153844,4.658653846153846
1392,1274,352,316,309,True,False,208,208,0,0,0,0.0,0.0,0.0,0.0,0.0
1392,1275,352,316,341,True,False,208,208,0,0,0,0.0,0.0,0.0,0.0,0.0
1392,1276,352,316,361,True,True,208,208,17,98,2,0.0,0.0,0.47115384615384615,0.08173076923076923,0.47115384615384615
1392,1277,352,316,385,True,True,208,208,29,271,3,0.0,4.0,1.3028846153846154,0.13942307692307693,1.3028846153846154
1392,1278,352,316,389,True,False,208,208,0,0,0,0.0,0.0,0.0,0.0,0.0
1392,1279,352,316,402,True,False,208,208,0,0,0,0.0,0.0,0.0,0.0,0.0
1392,1280,352,316,404,True,False,208,208,0,0,0,0.0,0.0,0.0,0.0,0.0
1392,1281,352,316,474,True,False,208,208,0,0,0,0.0,0.0,0.0,0.0,0.0
1393,1421,352,361,6,True,False,12,12,0,0,0,0.0,0.0,0.0,0.0,0.0
1393,1422,352,361,13,True,False,12,12,0,0,0,0.0,0.0,0.0,0.0,0.0
1393,1423,352,361,21,True,False,12,12,0,0,0,0.0,0.0,0.0,0.0,0.0
1393,1424,352,361,58,True,False,12,12,0,0,0,0.0,0.0,0.0,0.0,0.0
1393,1425,352,361,74,True,False,12,12,0,0,0,0.0,0.0,0.0,0.0,0.0
1393,1426,352,361,129,True,False,12,12,0,0,0,0.0,0.0,0.0,0.0,0.0
1393,1427,352,361,156,True,False,12,12,0,0,0,0.0,0.0,0.0,0.0,0.0
1393,1428,352,361,179,True,False,12,12,0,0,0,0.0,0.0,0.0,0.0,0.0
1393,1429,352,361,186,True,False,12,12,0,0,0,0.0,0.0,0.0,0.0,0.0
1393,1430,352,361,217,True,True,12,12,6,59,1,0.0,1.0,4.916666666666667,0.5,4.916666666666667
1393,1431,352,361,243,True,True,12,12,6,72,1,0.0,4.0,6.0,0.5,6.0
1393,1432,352,361,245,True,False,12,12,0,0,0,0.0,0.0,0.0,0.0,0.0
1393,1433,352,361,251,True,False,12,12,0,0,0,0.0,0.0,0.0,0.0,0.0
1393,1434,352,361,253,True,False,12,12,0,0,0,0.0,0.0,0.0,0.0,0.0
1393,1435,352,361,313,True,False,12,12,0,0,0,0.0,0.0,0.0,0.0,0.0
1393,1436,352,361,319,True,False,12,12,0,0,0,0.0,0.0,0.0,0.0,0.0
1393,1437,352,361,381,True,False,12,12,0,0,0,0.0,0.0,0.0,0.0,0.0
1393,1438,352,361,449,True,False,12,12,0,0,0,0.0,0.0,0.0,0.0,0.0
1394,1583,352,402,7,True,False,11,11,0,0,0,0.0,0.0,0.0,0.0,0.0
1394,1584,352,402,24,True,False,11,11,0,0,0,0.0,0.0,0.0,0.0,0.0
1394,1585,352,402,77,True,False,11,11,0,0,0,0.0,0.0,0.0,0.0,0.0
1394,1586,352,402,84,True,False,11,11,0,0,0,0.0,0.0,0.0,0.0,0.0
1394,1587,352,402,98,True,False,11,11,0,0,0,0.0,0.0,0.0,0.0,0.0
1394,1588,352,402,115,True,False,11,11,0,0,0,0.0,0.0,0.0,0.0,0.0
1394,1589,352,402,147,True,False,11,11,0,0,0,0.0,0.0,0.0,0.0,0.0
1394,1590,352,402,217,True,False,11,11,0,0,0,0.0,0.0,0.0,0.0,0.0
1394,1591,352,402,247,True,False,11,11,0,0,0,0.0,0.0,0.0,0.0,0.0
1394,1592,352,402,309,True,False,11,11,0,0,0,0.0,0.0,0.0,0.0,0.0
1394,1593,352,402,316,True,True,11,11,5,5,1,0.0,0.0,0.45454545454545453,0.45454545454545453,0.45454545454545453
1394,1594,352,402,352,True,True,11,11,6,21,2,0.0,0.0,1.9090909090909092,0.5454545454545454,1.9090909090909092
1394,1595,352,402,375,True,False,11,11,0,0,0,0.0,0.0,0.0,0.0,0.0
1394,1596,352,402,385,True,False,11,11,0,0,0,0.0,0.0,0.0,0.0,0.0
1394,1597,352,402,474,True,True,11,11,1,3,1,0.0,0.0,0.2727272727272727,0.09090909090909091,0.2727272727272727
1395,1598,352,404,10,True,False,14,14,0,0,0,0.0,0.0,0.0,0.0,0.0
1395,1599,352,404,39,True,False,14,14,0,0,0,0.0,0.0,0.0,0.0,0.0
1395,1600,352,404,84,True,False,14,14,0,0,0,0.0,0.0,0.0,0.0,0.0
1395,1601,352,404,115,True,False,14,14,0,0,0,0.0,0.0,0.0,0.0,0.0
1395,1602,352,404,117,True,False,14,14,0,0,0,0.0,0.0,0.0,0.0,0.0
1395,1603,352,404,169,True,False,14,14,0,0,0,0.0,0.0,0.0,0.0,0.0
1395,1604,352,404,199,True,False,14,14,0,0,0,0.0,0.0,0.0,0.0,0.0
1395,1605,352,404,217,True,False,14,14,0,0,0,0.0,0.0,0.0,0.0,0.0
1395,1606,352,404,262,True,False,14,14,0,0,0,0.0,0.0,0.0,0.0,0.0
1395,1607,352,404,294,True,False,14,14,0,0,0,0.0,0.0,0.0,0.0,0.0
1395,1608,352,404,309,True,False,14,14,0,0,0,0.0,0.0,0.0,0.0,0.0
1395,1609,352,404,316,True,True,14,14,14,54,2,0.0,1.0,3.857142857142857,1.0,3.857142857142857
1395,1610,352,404,317,True,False,14,14,0,0,0,0.0,0.0,0.0,0.0,0.0
1395,1611,352,404,383,True,False,14,14,0,0,0,0.0,0.0,0.0,0.0,0.0
1395,1612,352,404,385,True,False,14,14,0,0,0,0.0,0.0,0.0,0.0,0.0
1395,1613,352,404,387,True,False,14,14,0,0,0,0.0,0.0,0.0,0.0,0.0
1395,1614,352,404,389,True,False,14,14,0,0,0,0.0,0.0,0.0,0.0,0.0
1395,1615,352,404,433,True,False,14,14,0,0,0,0.0,0.0,0.0,0.0,0.0
1395,1616,352,404,474,True,False,14,14,0,0,0,0.0,0.0,0.0,0.0,0.0
1395,1617,352,404,494,True,False,14,14,0,0,0,0.0,0.0,0.0,0.0,0.0
1396,1782,352,474,7,True,False,20,20,0,0,0,0.0,0.0,0.0,0.0,0.0
1396,1783,352,474,37,True,False,20,20,0,0,0,0.0,0.0,0.0,0.0,0.0
1396,1784,352,474,39,True,False,20,20,0,0,0,0.0,0.0,0.0,0.0,0.0
1396,1785,352,474,58,True,False,20,20,0,0,0,0.0,0.0,0.0,0.0,0.0
1396,1786,352,474,84,True,False,20,20,0,0,0,0.0,0.0,0.0,0.0,0.0
1396,1787,352,474,88,True,False,20,20,0,0,0,0.0,0.0,0.0,0.0,0.0
1396,1788,352,474,115,True,False,20,20,0,0,0,0.0,0.0,0.0,0.0,0.0
1396,1789,352,474,125,True,False,20,20,0,0,0,0.0,0.0,0.0,0.0,0.0
1396,1790,352,474,143,True,False,20,20,0,0,0,0.0,0.0,0.0,0.0,0.0
1396,1791,352,474,217,True,True,20,20,11,129,3,0.0,8.0,6.45,0.55,6.45
1396,1792,352,474,243,True,False,20,20,0,0,0,0.0,0.0,0.0,0.0,0.0
1396,1793,352,474,261,True,False,20,20,0,0,0,0.0,0.0,0.0,0.0,0.0
1396,1794,352,474,279,True,False,20,20,0,0,0,0.0,0.0,0.0,0.0,0.0
1396,1795,352,474,309,True,False,20,20,0,0,0,0.0,0.0,0.0,0.0,0.0
1396,1796,352,474,317,True,False,20,20,0,0,0,0.0,0.0,0.0,0.0,0.0
1396,1797,352,474,321,True,False,20,20,0,0,0,0.0,0.0,0.0,0.0,0.0
1396,1798,352,474,385,True,True,20,20,9,105,2,0.0,4.0,5.25,0.45,5.25
1396,1799,352,474,389,True,False,20,20,0,0,0,0.0,0.0,0.0,0.0,0.0
1396,1800,352,474,402,True,False,20,20,0,0,0,0.0,0.0,0.0,0.0,0.0
1397,1844,352,494,16,True,False,17,17,0,0,0,0.0,0.0,0.0,0.0,0.0
1397,1845,352,494,39,True,False,17,17,0,0,0,0.0,0.0,0.0,0.0,0.0
1397,1846,352,494,109,True,True,17,17,2,20,1,7.0,9.0,1.1764705882352942,0.11764705882352941,1.1764705882352942
1397,1847,352,494,117,True,False,17,17,0,0,0,0.0,0.0,0.0,0.0,0.0
1397,1848,352,494,169,True,False,17,17,0,0,0,0.0,0.0,0.0,0.0,0.0
1397,1849,352,494,170,True,False,17,17,0,0,0,0.0,0.0,0.0,0.0,0.0
1397,1850,352,494,176,True,False,17,17,0,0,0,0.0,0.0,0.0,0.0,0.0
1397,1851,352,494,199,True,False,17,17,0,0,0,0.0,0.0,0.0,0.0,0.0
1397,1852,352,494,238,True,False,17,17,0,0,0,0.0,0.0,0.0,0.0,0.0
1397,1853,352,494,252,True,False,17,17,0,0,0,0.0,0.0,0.0,0.0,0.0
1397,1854,352,494,294,True,False,17,17,0,0,0,0.0,0.0,0.0,0.0,0.0
1397,1855,352,494,311,True,False,17,17,0,0,0,0.0,0.0,0.0,0.0,0.0
1397,1856,352,494,317,True,False,17,17,0,0,0,0.0,0.0,0.0,0.0,0.0
1397,1857,352,494,383,True,True,17,17,15,225,1,0.0,5.0,13.235294117647058,0.8823529411764706,13.235294117647058
1397,1858,352,494,404,True,False,17,17,0,0,0,0.0,0.0,0.0,0.0,0.0
1397,1859,352,494,455,True,False,17,17,0,0,0,0.0,0.0,0.0,0.0,0.0
1397,1860,352,494,462,True,False,17,17,0,0,0,0.0,0.0,0.0,0.0,0.0
1397,1861,352,494,474,True,False,17,17,0,0,0,0.0,0.0,0.0,0.0,0.0
1398,13,353,2,21,True,False,123,123,0,0,0,0.0,0.0,0.0,0.0,0.0
1398,14,353,2,31,True,False,123,123,0,0,0,0.0,0.0,0.0,0.0,0.0
1398,15,353,2,43,True,False,123,123,0,0,0,0.0,0.0,0.0,0.0,0.0
1398,16,353,2,61,True,False,123,123,0,0,0,0.0,0.0,0.0,0.0,0.0
1398,17,353,2,74,True,False,123,123,0,0,0,0.0,0.0,0.0,0.0,0.0
1398,18,353,2,126,True,True,123,123,45,550,3,0.0,4.0,4.471544715447155,0.36585365853658536,4.471544715447155
1398,19,353,2,144,True,True,123,123,4,28,1,0.0,0.0,0.22764227642276422,0.032520325203252036,0.22764227642276422
1398,20,353,2,175,True,True,123,123,2,8,1,0.0,0.0,0.06504065040650407,0.016260162601626018,0.06504065040650407
1398,21,353,2,179,True,False,123,123,0,0,0,0.0,0.0,0.0,0.0,0.0
1398,22,353,2,186,True,False,123,123,0,0,0,0.0,0.0,0.0,0.0,0.0
1398,23,353,2,313,True,False,123,123,0,0,0,0.0,0.0,0.0,0.0,0.0
1398,24,353,2,488,True,False,123,123,0,0,0,0.0,0.0,0.0,0.0,0.0
1399,425,353,113,7,True,False,3,3,0,0,0,0.0,0.0,0.0,0.0,0.0
1399,426,353,113,133,True,False,3,3,0,0,0,0.0,0.0,0.0,0.0,0.0
1399,427,353,113,143,True,False,3,3,0,0,0,0.0,0.0,0.0,0.0,0.0
1399,428,353,113,157,True,False,3,3,0,0,0,0.0,0.0,0.0,0.0,0.0
1399,429,353,113,196,True,False,3,3,0,0,0,0.0,0.0,0.0,0.0,0.0
1399,430,353,113,279,True,False,3,3,0,0,0,0.0,0.0,0.0,0.0,0.0
1399,431,353,113,318,True,False,3,3,0,0,0,0.0,0.0,0.0,0.0,0.0
1399,432,353,113,440,True,False,3,3,0,0,0,0.0,0.0,0.0,0.0,0.0
1399,433,353,113,509,True,False,3,3,0,0,0,0.0,0.0,0.0,0.0,0.0
1400,514,353,139,22,True,False,3,3,0,0,0,0.0,0.0,0.0,0.0,0.0
1400,515,353,139,79,True,False,3,3,0,0,0,0.0,0.0,0.0,0.0,0.0
1400,516,353,139,80,True,False,3,3,0,0,0,0.0,0.0,0.0,0.0,0.0
1400,517,353,139,126,True,True,3,3,3,22,3,0.0,1.0,7.333333333333333,1.0,7.333333333333333
1400,518,353,139,144,True,True,3,3,1,2,1,0.0,0.5,0.6666666666666666,0.3333333333333333,0.6666666666666666
1400,519,353,139,149,True,False,3,3,0,0,0,0.0,0.0,0.0,0.0,0.0
1400,520,353,139,151,True,False,3,3,0,0,0,0.0,0.0,0.0,0.0,0.0
1400,521,353,139,175,True,False,3,3,0,0,0,0.0,0.0,0.0,0.0,0.0
1400,522,353,139,184,True,False,3,3,0,0,0,0.0,0.0,0.0,0.0,0.0
1400,523,353,139,199,True,False,3,3,0,0,0,0.0,0.0,0.0,0.0,0.0
1400,524,353,139,229,True,False,3,3,0,0,0,0.0,0.0,0.0,0.0,0.0
1400,525,353,139,230,True,False,3,3,0,0,0,0.0,0.0,0.0,0.0,0.0
1400,526,353,139,258,True,False,3,3,0,0,0,0.0,0.0,0.0,0.0,0.0
1400,527,353,139,273,True,False,3,3,0,0,0,0.0,0.0,0.0,0.0,0.0
1400,528,353,139,311,True,False,3,3,0,0,0,0.0,0.0,0.0,0.0,0.0
1400,529,353,139,315,True,False,3,3,0,0,0,0.0,0.0,0.0,0.0,0.0
1400,530,353,139,390,True,False,3,3,0,0,0,0.0,0.0,0.0,0.0,0.0
1400,531,353,139,415,True,False,3,3,0,0,0,0.0,0.0,0.0,0.0,0.0
1401,558,353,144,2,True,True,136,136,9,83,1,5.0,9.0,0.6102941176470589,0.0661764705882353,0.6102941176470589
1401,559,353,144,21,True,False,136,136,0,0,0,0.0,0.0,0.0,0.0,0.0
1401,560,353,144,22,True,False,136,136,0,0,0,0.0,0.0,0.0,0.0,0.0
1401,561,353,144,31,True,False,136,136,0,0,0,0.0,0.0,0.0,0.0,0.0
1401,562,353,144,61,True,False,136,136,0,0,0,0.0,0.0,0.0,0.0,0.0
1401,563,353,144,74,True,False,136,136,0,0,0,0.0,0.0,0.0,0.0,0.0
1401,564,353,144,79,True,True,136,136,10,69,2,4.0,8.0,0.5073529411764706,0.07352941176470588,0.5073529411764706
1401,565,353,144,126,True,True,136,136,31,357,4,0.0,3.0,2.625,0.22794117647058823,2.625
1401,566,353,144,139,True,True,136,136,8,62,1,0.0,1.0,0.45588235294117646,0.058823529411764705,0.45588235294117646
1401,567,353,144,179,True,False,136,136,0,0,0,0.0,0.0,0.0,0.0,0.0
1401,568,353,144,186,True,False,136,136,0,0,0,0.0,0.0,0.0,0.0,0.0
1401,569,353,144,229,True,False,136,136,0,0,0,0.0,0.0,0.0,0.0,0.0
1401,570,353,144,248,True,False,136,136,0,0,0,0.0,0.0,0.0,0.0,0.0
1401,571,353,144,315,True,True,136,136,9,44,1,0.0,3.0,0.3235294117647059,0.0661764705882353,0.3235294117647059
1401,572,353,144,488,True,False,136,136,0,0,0,0.0,0.0,0.0,0.0,0.0
1402,758,353,175,2,True,False,41,41,0,0,0,0.0,0.0,0.0,0.0,0.0
1402,759,353,175,21,True,False,41,41,0,0,0,0.0,0.0,0.0,0.0,0.0
1402,760,353,175,31,True,False,41,41,0,0,0,0.0,0.0,0.0,0.0,0.0
1402,761,353,175,43,True,False,41,41,0,0,0,0.0,0.0,0.0,0.0,0.0
1402,762,353,175,61,True,False,41,41,0,0,0,0.0,0.0,0.0,0.0,0.0
1402,763,353,175,74,True,False,41,41,0,0,0,0.0,0.0,0.0,0.0,0.0
1402,764,353,175,80,True,False,41,41,0,0,0,0.0,0.0,0.0,0.0,0.0
1402,765,353,175,126,True,True,41,41,17,121,3,0.0,3.0,2.951219512195122,0.4146341463414634,2.951219512195122
1402,766,353,175,139,True,True,41,41,8,58,2,0.0,1.0,1.4146341463414633,0.1951219512195122,1.4146341463414633
1402,767,353,175,179,True,False,41,41,0,0,0,0.0,0.0,0.0,0.0,0.0
1402,768,353,175,186,True,False,41,41,0,0,0,0.0,0.0,0.0,0.0,0.0
1402,769,353,175,248,True,False,41,41,0,0,0,0.0,0.0,0.0,0.0,0.0
1402,770,353,175,258,True,False,41,41,0,0,0,0.0,0.0,0.0,0.0,0.0
1402,771,353,175,273,True,False,41,41,0,0,0,0.0,0.0,0.0,0.0,0.0
1402,772,353,175,311,True,False,41,41,0,0,0,0.0,0.0,0.0,0.0,0.0
1402,773,353,175,390,True,False,41,41,0,0,0,0.0,0.0,0.0,0.0,0.0
1402,774,353,175,415,True,False,41,41,0,0,0,0.0,0.0,0.0,0.0,0.0
1402,775,353,175,488,True,False,41,41,0,0,0,0.0,0.0,0.0,0.0,0.0
1403,1312,353,321,21,True,False,110,110,0,0,0,0.0,0.0,0.0,0.0,0.0
1403,1313,353,321,113,True,False,110,110,0,0,0,0.0,0.0,0.0,0.0,0.0
1403,1314,353,321,156,True,False,110,110,0,0,0,0.0,0.0,0.0,0.0,0.0
1403,1315,353,321,179,True,False,110,110,0,0,0,0.0,0.0,0.0,0.0,0.0
1403,1316,353,321,251,True,False,110,110,0,0,0,0.0,0.0,0.0,0.0,0.0
1403,1317,353,321,253,True,False,110,110,0,0,0,0.0,0.0,0.0,0.0,0.0
1403,1318,353,321,261,True,False,110,110,0,0,0,0.0,0.0,0.0,0.0,0.0
1403,1319,353,321,319,True,False,110,110,0,0,0,0.0,0.0,0.0,0.0,0.0
1403,1320,353,321,440,True,True,110,110,5,25,1,1.0,5.0,0.22727272727272727,0.045454545454545456,0.22727272727272727
1403,1321,353,321,481,True,True,110,110,4,6,1,0.0,0.0,0.05454545454545454,0.03636363636363636,0.05454545454545454
1403,1322,353,321,488,True,False,110,110,0,0,0,0.0,0.0,0.0,0.0,0.0
1404,1350,353,335,21,True,False,73,73,0,0,0,0.0,0.0,0.0,0.0,0.0
1404,1351,353,335,61,True,False,73,73,0,0,0,0.0,0.0,0.0,0.0,0.0
1404,1352,353,335,141,True,False,73,73,0,0,0,0.0,0.0,0.0,0.0,0.0
1404,1353,353,335,156,True,False,73,73,0,0,0,0.0,0.0,0.0,0.0,0.0
1404,1354,353,335,179,True,False,73,73,0,0,0,0.0,0.0,0.0,0.0,0.0
1404,1355,353,335,186,True,False,73,73,0,0,0,0.0,0.0,0.0,0.0,0.0
1404,1356,353,335,248,True,False,73,73,0,0,0,0.0,0.0,0.0,0.0,0.0
1404,1357,353,335,488,True,False,73,73,0,0,0,0.0,0.0,0.0,0.0,0.0
1404,1358,353,335,508,True,True,73,73,6,26,2,0.0,0.0,0.3561643835616438,0.0821917808219178,0.3561643835616438
1405,1726,353,455,13,True,False,4,4,0,0,0,0.0,0.0,0.0,0.0,0.0
1405,1727,353,455,21,True,False,4,4,0,0,0,0.0,0.0,0.0,0.0,0.0
1405,1728,353,455,39,True,False,4,4,0,0,0,0.0,0.0,0.0,0.0,0.0
1405,1729,353,455,61,True,False,4,4,0,0,0,0.0,0.0,0.0,0.0,0.0
1405,1730,353,455,74,True,False,4,4,0,0,0,0.0,0.0,0.0,0.0,0.0
1405,1731,353,455,117,True,False,4,4,0,0,0,0.0,0.0,0.0,0.0,0.0
1405,1732,353,455,129,True,False,4,4,0,0,0,0.0,0.0,0.0,0.0,0.0
1405,1733,353,455,141,True,False,4,4,0,0,0,0.0,0.0,0.0,0.0,0.0
1405,1734,353,455,169,True,False,4,4,0,0,0,0.0,0.0,0.0,0.0,0.0
1405,1735,353,455,179,True,False,4,4,0,0,0,0.0,0.0,0.0,0.0,0.0
1405,1736,353,455,186,True,False,4,4,0,0,0,0.0,0.0,0.0,0.0,0.0
1405,1737,353,455,199,True,False,4,4,0,0,0,0.0,0.0,0.0,0.0,0.0
1405,1738,353,455,248,True,False,4,4,0,0,0,0.0,0.0,0.0,0.0,0.0
1405,1739,353,455,281,True,False,4,4,0,0,0,0.0,0.0,0.0,0.0,0.0
1405,1740,353,455,313,True,False,4,4,0,0,0,0.0,0.0,0.0,0.0,0.0
1405,1741,353,455,317,True,False,4,4,0,0,0,0.0,0.0,0.0,0.0,0.0
1405,1742,353,455,383,True,False,4,4,0,0,0,0.0,0.0,0.0,0.0,0.0
1405,1743,353,455,508,True,False,4,4,0,0,0,0.0,0.0,0.0,0.0,0.0
1406,1801,353,481,21,True,False,81,81,0,0,0,0.0,0.0,0.0,0.0,0.0
1406,1802,353,481,74,True,False,81,81,0,0,0,0.0,0.0,0.0,0.0,0.0
1406,1803,353,481,113,True,True,81,81,12,109,2,0.0,1.0,1.345679012345679,0.14814814814814814,1.345679012345679
1406,1804,353,481,179,True,False,81,81,0,0,0,0.0,0.0,0.0,0.0,0.0
1406,1805,353,481,253,True,False,81,81,0,0,0,0.0,0.0,0.0,0.0,0.0
1406,1806,353,481,261,True,False,81,81,0,0,0,0.0,0.0,0.0,0.0,0.0
1406,1807,353,481,319,True,False,81,81,0,0,0,0.0,0.0,0.0,0.0,0.0
1407,1872,353,508,39,True,False,7,7,0,0,0,0.0,0.0,0.0,0.0,0.0
1407,1873,353,508,84,True,False,7,7,0,0,0,0.0,0.0,0.0,0.0,0.0
1407,1874,353,508,115,True,False,7,7,0,0,0,0.0,0.0,0.0,0.0,0.0
1407,1875,353,508,117,True,False,7,7,0,0,0,0.0,0.0,0.0,0.0,0.0
1407,1876,353,508,169,True,False,7,7,0,0,0,0.0,0.0,0.0,0.0,0.0
1407,1877,353,508,199,True,False,7,7,0,0,0,0.0,0.0,0.0,0.0,0.0
1407,1878,353,508,238,True,False,7,7,0,0,0,0.0,0.0,0.0,0.0,0.0
1407,1879,353,508,252,True,False,7,7,0,0,0,0.0,0.0,0.0,0.0,0.0
1407,1880,353,508,316,True,False,7,7,0,0,0,0.0,0.0,0.0,0.0,0.0
1407,1881,353,508,317,True,False,7,7,0,0,0,0.0,0.0,0.0,0.0,0.0
1407,1882,353,508,335,True,True,7,7,3,45,1,1.0,5.0,6.428571428571429,0.42857142857142855,6.428571428571429
1407,1883,353,508,433,True,False,7,7,0,0,0,0.0,0.0,0.0,0.0,0.0
1407,1884,353,508,455,True,False,7,7,0,0,0,0.0,0.0,0.0,0.0,0.0
1407,1885,353,508,485,True,False,7,7,0,0,0,0.0,0.0,0.0,0.0,0.0
1407,1886,353,508,494,True,False,7,7,0,0,0,0.0,0.0,0.0,0.0,0.0
1408,0,355,1,56,True,False,10,10,0,0,0,0.0,0.0,0.0,0.0,0.0
1408,1,355,1,196,True,False,10,10,0,0,0,0.0,0.0,0.0,0.0,0.0
1408,2,355,1,203,True,False,10,10,0,0,0,0.0,0.0,0.0,0.0,0.0
1408,3,355,1,207,True,False,10,10,0,0,0,0.0,0.0,0.0,0.0,0.0
1408,4,355,1,222,True,False,10,10,0,0,0,0.0,0.0,0.0,0.0,0.0
1408,5,355,1,263,True,False,10,10,0,0,0,0.0,0.0,0.0,0.0,0.0
1408,6,355,1,271,True,False,10,10,0,0,0,0.0,0.0,0.0,0.0,0.0
1408,7,355,1,297,True,False,10,10,0,0,0,0.0,0.0,0.0,0.0,0.0
1408,8,355,1,299,True,False,10,10,0,0,0,0.0,0.0,0.0,0.0,0.0
1408,9,355,1,303,True,False,10,10,0,0,0,0.0,0.0,0.0,0.0,0.0
1408,10,355,1,355,True,False,10,10,0,0,0,0.0,0.0,0.0,0.0,0.0
1408,11,355,1,362,True,True,10,10,8,80,1,0.0,1.0,8.0,0.8,8.0
1408,12,355,1,429,True,True,10,10,2,10,2,0.0,0.0,1.0,0.2,1.0
1409,172,355,28,1,True,True,11,11,1,1,1,0.0,0.0,0.09090909090909091,0.09090909090909091,0.09090909090909091
1409,173,355,28,56,True,True,11,11,4,20,2,0.0,0.0,1.8181818181818181,0.36363636363636365,1.8181818181818181
1409,174,355,28,222,True,False,11,11,0,0,0,0.0,0.0,0.0,0.0,0.0
1409,175,355,28,271,True,False,11,11,0,0,0,0.0,0.0,0.0,0.0,0.0
1409,176,355,28,318,True,False,11,11,0,0,0,0.0,0.0,0.0,0.0,0.0
1409,177,355,28,326,True,False,11,11,0,0,0,0.0,0.0,0.0,0.0,0.0
1409,178,355,28,347,True,False,11,11,0,0,0,0.0,0.0,0.0,0.0,0.0
1409,179,355,28,355,True,True,11,11,1,1,1,0.0,0.0,0.09090909090909091,0.09090909090909091,0.09090909090909091
1409,180,355,28,369,True,False,11,11,0,0,0,0.0,0.0,0.0,0.0,0.0
1409,181,355,28,410,True,True,11,11,2,3,1,0.0,0.0,0.2727272727272727,0.18181818181818182,0.2727272727272727
1409,182,355,28,429,True,True,11,11,7,34,6,0.0,0.0,3.090909090909091,0.6363636363636364,3.090909090909091
1410,271,355,56,7,True,False,106,106,0,0,0,0.0,0.0,0.0,0.0,0.0
1410,272,355,56,143,True,True,106,106,12,36,1,3.0,6.0,0.33962264150943394,0.11320754716981132,0.33962264150943394
1410,273,355,56,167,True,True,106,106,31,295,4,0.0,4.0,2.7830188679245285,0.29245283018867924,2.7830188679245285
1410,274,355,56,207,True,True,106,106,10,150,1,2.0,7.0,1.4150943396226414,0.09433962264150944,1.4150943396226414
1410,275,355,56,263,True,False,106,106,0,0,0,0.0,0.0,0.0,0.0,0.0
1410,276,355,56,415,True,False,106,106,0,0,0,0.0,0.0,0.0,0.0,0.0
1410,277,355,56,440,True,True,106,106,43,133,4,0.0,5.0,1.2547169811320755,0.4056603773584906,1.2547169811320755
1410,278,355,56,509,True,False,106,106,0,0,0,0.0,0.0,0.0,0.0,0.0
1411,860,355,207,161,True,False,22,22,0,0,0,0.0,0.0,0.0,0.0,0.0
1411,861,355,207,167,True,True,22,22,4,50,1,0.0,2.0,2.272727272727273,0.18181818181818182,2.272727272727273
1411,862,355,207,196,True,False,22,22,0,0,0,0.0,0.0,0.0,0.0,0.0
1411,863,355,207,263,True,False,22,22,0,0,0,0.0,0.0,0.0,0.0,0.0
1411,864,355,207,375,True,False,22,22,0,0,0,0.0,0.0,0.0,0.0,0.0
1411,865,355,207,405,True,False,22,22,0,0,0,0.0,0.0,0.0,0.0,0.0
1411,866,355,207,440,True,False,22,22,0,0,0,0.0,0.0,0.0,0.0,0.0
1411,867,355,207,485,True,True,22,22,7,25,2,0.0,1.0,1.1363636363636365,0.3181818181818182,1.1363636363636365
1412,1108,355,271,1,True,True,10,10,1,1,1,6.0,6.0,0.1,0.1,0.1
1412,1109,355,271,28,True,True,10,10,1,1,1,5.0,5.0,0.1,0.1,0.1
1412,1110,355,271,42,True,False,10,10,0,0,0,0.0,0.0,0.0,0.0,0.0
1412,1111,355,271,56,True,True,10,10,6,27,5,0.0,5.0,2.7,0.6,2.7
1412,1112,355,271,63,True,False,10,10,0,0,0,0.0,0.0,0.0,0.0,0.0
1412,1113,355,271,146,True,False,10,10,0,0,0,0.0,0.0,0.0,0.0,0.0
1412,1114,355,271,164,True,False,10,10,0,0,0,0.0,0.0,0.0,0.0,0.0
1412,1115,355,271,171,True,False,10,10,0,0,0,0.0,0.0,0.0,0.0,0.0
1412,1116,355,271,173,True,False,10,10,0,0,0,0.0,0.0,0.0,0.0,0.0
1412,1117,355,271,180,True,False,10,10,0,0,0,0.0,0.0,0.0,0.0,0.0
1412,1118,355,271,196,True,False,10,10,0,0,0,0.0,0.0,0.0,0.0,0.0
1412,1119,355,271,207,True,False,10,10,0,0,0,0.0,0.0,0.0,0.0,0.0
1412,1120,355,271,222,True,False,10,10,0,0,0,0.0,0.0,0.0,0.0,0.0
1412,1121,355,271,297,True,False,10,10,0,0,0,0.0,0.0,0.0,0.0,0.0
1412,1122,355,271,355,True,True,10,10,2,3,2,5.0,5.0,0.3,0.2,0.3
1412,1123,355,271,369,True,False,10,10,0,0,0,0.0,0.0,0.0,0.0,0.0
1412,1124,355,271,410,True,False,10,10,0,0,0,0.0,0.0,0.0,0.0,0.0
1412,1125,355,271,429,True,False,10,10,0,0,0,0.0,0.0,0.0,0.0,0.0
1413,1296,355,318,1,True,False,27,27,0,0,0,0.0,0.0,0.0,0.0,0.0
1413,1297,355,318,56,True,True,27,27,27,301,2,0.0,1.0,11.148148148148149,1.0,11.148148148148149
1413,1298,355,318,347,True,False,27,27,0,0,0,0.0,0.0,0.0,0.0,0.0
1414,1330,355,326,56,True,True,11,11,11,150,2,0.0,2.0,13.636363636363637,1.0,13.636363636363637
1415,1379,355,347,37,True,False,217,217,0,0,0,0.0,0.0,0.0,0.0,0.0
1415,1380,355,347,56,True,True,217,217,201,2594,14,0.0,3.0,11.953917050691244,0.9262672811059908,11.953917050691244
1415,1381,355,347,207,True,True,217,217,44,215,3,0.0,2.0,0.9907834101382489,0.20276497695852536,0.9907834101382489
1415,1382,355,347,355,True,True,217,217,12,17,3,0.0,0.0,0.07834101382488479,0.055299539170506916,0.07834101382488479
1415,1383,355,347,362,True,True,217,217,2,2,1,0.0,0.0,0.009216589861751152,0.009216589861751152,0.009216589861751152
1416,1439,355,362,40,True,True,35,35,11,105,2,4.0,9.0,3.0,0.3142857142857143,3.0
1416,1440,355,362,203,True,True,35,35,8,54,2,2.0,6.0,1.542857142857143,0.22857142857142856,1.542857142857143
1417,1441,355,369,56,True,True,45,45,15,175,1,0.0,3.0,3.888888888888889,0.3333333333333333,3.888888888888889
1417,1442,355,369,146,True,False,45,45,0,0,0,0.0,0.0,0.0,0.0,0.0
1417,1443,355,369,163,True,False,45,45,0,0,0,0.0,0.0,0.0,0.0,0.0
1417,1444,355,369,164,True,False,45,45,0,0,0,0.0,0.0,0.0,0.0,0.0
1417,1445,355,369,207,True,True,45,45,40,363,7,0.0,6.0,8.066666666666666,0.8888888888888888,8.066666666666666
1417,1446,355,369,271,True,False,45,45,0,0,0,0.0,0.0,0.0,0.0,0.0
1417,1447,355,369,329,True,False,45,45,0,0,0,0.0,0.0,0.0,0.0,0.0
1417,1448,355,369,355,True,False,45,45,0,0,0,0.0,0.0,0.0,0.0,0.0
1417,1449,355,369,371,True,False,45,45,0,0,0,0.0,0.0,0.0,0.0,0.0
1417,1450,355,369,375,True,False,45,45,0,0,0,0.0,0.0,0.0,0.0,0.0
1417,1451,355,369,410,True,False,45,45,0,0,0,0.0,0.0,0.0,0.0,0.0
1417,1452,355,369,414,True,False,45,45,0,0,0,0.0,0.0,0.0,0.0,0.0
1417,1453,355,369,429,True,True,45,45,5,25,4,0.0,0.0,0.5555555555555556,0.1111111111111111,0.5555555555555556
1418,1580,355,398,56,True,True,107,107,56,600,4,0.0,4.0,5.607476635514018,0.5233644859813084,5.607476635514018
1418,1581,355,398,207,True,True,107,107,24,154,2,0.0,3.0,1.439252336448598,0.22429906542056074,1.439252336448598
1418,1582,355,398,355,True,False,107,107,0,0,0,0.0,0.0,0.0,0.0,0.0
1419,1629,355,410,146,True,False,16,16,0,0,0,0.0,0.0,0.0,0.0,0.0
1419,1630,355,410,151,True,False,16,16,0,0,0,0.0,0.0,0.0,0.0,0.0
1419,1631,355,410,164,True,False,16,16,0,0,0,0.0,0.0,0.0,0.0,0.0
1419,1632,355,410,180,True,False,16,16,0,0,0,0.0,0.0,0.0,0.0,0.0
1419,1633,355,410,205,True,False,16,16,0,0,0,0.0,0.0,0.0,0.0,0.0
1419,1634,355,410,207,True,False,16,16,0,0,0,0.0,0.0,0.0,0.0,0.0
1419,1635,355,410,271,True,False,16,16,0,0,0,0.0,0.0,0.0,0.0,0.0
1419,1636,355,410,297,True,True,16,16,1,6,1,0.0,0.5,0.375,0.0625,0.375
1419,1637,355,410,355,True,True,16,16,1,2,1,4.0,4.5,0.125,0.0625,0.125
1419,1638,355,410,369,True,True,16,16,2,5,1,0.0,1.0,0.3125,0.125,0.3125
1419,1639,355,410,405,True,False,16,16,0,0,0,0.0,0.0,0.0,0.0,0.0
1419,1640,355,410,414,True,True,16,16,12,88,8,0.0,7.0,5.5,0.75,5.5
1419,1641,355,410,429,True,True,16,16,13,63,9,0.0,0.0,3.9375,0.8125,3.9375
1419,1642,355,410,485,True,True,16,16,1,3,1,7.0,8.0,0.1875,0.0625,0.1875
1420,1667,355,429,1,True,False,287,287,0,0,0,0.0,0.0,0.0,0.0,0.0
1420,1668,355,429,259,True,False,287,287,0,0,0,0.0,0.0,0.0,0.0,0.0
1420,1669,355,429,297,True,True,287,287,7,35,2,0.0,2.0,0.12195121951219512,0.024390243902439025,0.12195121951219512
1420,1670,355,429,369,True,True,287,287,15,24,3,0.0,2.0,0.08362369337979095,0.05226480836236934,0.08362369337979095
1420,1671,355,429,410,True,True,287,287,226,1384,30,0.0,2.0,4.822299651567945,0.7874564459930313,4.822299651567945
1420,1672,355,429,414,True,True,287,287,176,1451,22,0.0,3.0,5.055749128919861,0.6132404181184669,5.055749128919861
1421,30,361,6,13,True,True,60,60,5,5,1,3.0,5.0,0.08333333333333333,0.08333333333333333,0.08333333333333333
1421,31,361,6,21,True,False,60,60,0,0,0,0.0,0.0,0.0,0.0,0.0
1421,32,361,6,125,True,False,60,60,0,0,0,0.0,0.0,0.0,0.0,0.0
1421,33,361,6,156,True,True,60,60,42,59,4,0.0,2.0,0.9833333333333333,0.7,0.9833333333333333
1421,34,361,6,179,True,True,60,60,13,37,2,0.0,2.0,0.6166666666666667,0.21666666666666667,0.6166666666666667
1421,35,361,6,186,True,True,60,60,12,26,1,0.0,1.0,0.43333333333333335,0.2,0.43333333333333335
1421,36,361,6,243,True,False,60,60,0,0,0,0.0,0.0,0.0,0.0,0.0
1421,37,361,6,245,True,False,60,60,0,0,0,0.0,0.0,0.0,0.0,0.0
1421,38,361,6,309,True,False,60,60,0,0,0,0.0,0.0,0.0,0.0,0.0
1421,39,361,6,313,True,True,60,60,18,94,3,0.0,2.5,1.5666666666666667,0.3,1.5666666666666667
1421,40,361,6,319,True,True,60,60,30,113,3,0.0,1.0,1.8833333333333333,0.5,1.8833333333333333
1421,41,361,6,381,True,True,60,60,21,51,2,0.0,2.0,0.85,0.35,0.85
1422,93,361,13,6,True,False,6,6,0,0,0,0.0,0.0,0.0,0.0,0.0
1422,94,361,13,34,True,False,6,6,0,0,0,0.0,0.0,0.0,0.0,0.0
1422,95,361,13,58,True,False,6,6,0,0,0,0.0,0.0,0.0,0.0,0.0
1422,96,361,13,169,True,True,6,6,1,2,1,0.0,0.0,0.3333333333333333,0.16666666666666666,0.3333333333333333
1422,97,361,13,243,True,False,6,6,0,0,0,0.0,0.0,0.0,0.0,0.0
1422,98,361,13,256,True,True,6,6,5,7,3,0.0,0.0,1.1666666666666667,0.8333333333333334,1.1666666666666667
1422,99,361,13,262,True,False,6,6,0,0,0,0.0,0.0,0.0,0.0,0.0
1422,100,361,13,281,True,True,6,6,1,2,1,0.0,0.0,0.3333333333333333,0.16666666666666666,0.3333333333333333
1422,101,361,13,335,True,False,6,6,0,0,0,0.0,0.0,0.0,0.0,0.0
1422,102,361,13,353,True,False,6,6,0,0,0,0.0,0.0,0.0,0.0,0.0
1422,103,361,13,361,True,False,6,6,0,0,0,0.0,0.0,0.0,0.0,0.0
1422,104,361,13,433,True,True,6,6,1,1,1,0.0,0.0,0.16666666666666666,0.16666666666666666,0.16666666666666666
1422,105,361,13,455,True,True,6,6,3,8,1,0.0,0.5,1.3333333333333333,0.5,1.3333333333333333
1422,106,361,13,472,True,False,6,6,0,0,0,0.0,0.0,0.0,0.0,0.0
1422,107,361,13,508,True,False,6,6,0,0,0,0.0,0.0,0.0,0.0,0.0
1423,117,361,21,12,True,True,20,20,4,4,1,0.0,0.0,0.2,0.2,0.2
1423,118,361,21,31,True,False,20,20,0,0,0,0.0,0.0,0.0,0.0,0.0
1423,119,361,21,74,True,True,20,20,4,4,1,0.0,0.0,0.2,0.2,0.2
1423,120,361,21,121,True,True,20,20,8,8,2,0.0,0.0,0.4,0.4,0.4
1423,121,361,21,141,True,False,20,20,0,0,0,0.0,0.0,0.0,0.0,0.0
1423,122,361,21,156,True,True,20,20,12,16,3,0.0,0.0,0.8,0.6,0.8
1423,123,361,21,186,True,False,20,20,0,0,0,0.0,0.0,0.0,0.0,0.0
1423,124,361,21,248,True,False,20,20,0,0,0,0.0,0.0,0.0,0.0,0.0
1423,125,361,21,319,True,True,20,20,12,20,3,0.0,0.0,1.0,0.6,1.0
1423,126,361,21,381,True,True,20,20,8,16,2,0.0,0.0,0.8,0.4,0.8
1423,127,361,21,449,True,True,20,20,20,28,5,0.0,0.0,1.4,1.0,1.4
1423,128,361,21,463,True,True,20,20,4,4,1,0.0,0.0,0.2,0.2,0.2
1424,281,361,58,13,True,False,47,47,0,0,0,0.0,0.0,0.0,0.0,0.0
1424,282,361,58,21,True,False,47,47,0,0,0,0.0,0.0,0.0,0.0,0.0
1424,283,361,58,84,True,False,47,47,0,0,0,0.0,0.0,0.0,0.0,0.0
1424,284,361,58,129,True,False,47,47,0,0,0,0.0,0.0,0.0,0.0,0.0
1424,285,361,58,156,True,True,47,47,5,5,1,0.0,0.0,0.10638297872340426,0.10638297872340426,0.10638297872340426
1424,286,361,58,179,True,True,47,47,9,14,1,0.0,0.0,0.2978723404255319,0.19148936170212766,0.2978723404255319
1424,287,361,58,186,True,True,47,47,5,5,1,0.0,0.0,0.10638297872340426,0.10638297872340426,0.10638297872340426
1424,288,361,58,243,True,True,47,47,4,12,1,0.0,0.0,0.2553191489361702,0.0851063829787234,0.2553191489361702
1424,289,361,58,245,True,True,47,47,38,201,3,0.0,2.0,4.276595744680851,0.8085106382978723,4.276595744680851
1424,290,361,58,381,True,True,47,47,5,5,1,0.0,0.0,0.10638297872340426,0.10638297872340426,0.10638297872340426
1424,291,361,58,389,True,False,47,47,0,0,0,0.0,0.0,0.0,0.0,0.0
1424,292,361,58,449,True,False,47,47,0,0,0,0.0,0.0,0.0,0.0,0.0
1425,318,361,74,2,True,False,3,3,0,0,0,0.0,0.0,0.0,0.0,0.0
1425,319,361,74,6,True,False,3,3,0,0,0,0.0,0.0,0.0,0.0,0.0
1425,320,361,74,12,True,False,3,3,0,0,0,0.0,0.0,0.0,0.0,0.0
1425,321,361,74,58,True,False,3,3,0,0,0,0.0,0.0,0.0,0.0,0.0
1425,322,361,74,121,True,False,3,3,0,0,0,0.0,0.0,0.0,0.0,0.0
1425,323,361,74,139,True,False,3,3,0,0,0,0.0,0.0,0.0,0.0,0.0
1425,324,361,74,169,True,False,3,3,0,0,0,0.0,0.0,0.0,0.0,0.0
1425,325,361,74,175,True,False,3,3,0,0,0,0.0,0.0,0.0,0.0,0.0
1425,326,361,74,243,True,False,3,3,0,0,0,0.0,0.0,0.0,0.0,0.0
1425,327,361,74,248,True,False,3,3,0,0,0,0.0,0.0,0.0,0.0,0.0
1425,328,361,74,281,True,False,3,3,0,0,0,0.0,0.0,0.0,0.0,0.0
1425,329,361,74,335,True,False,3,3,0,0,0,0.0,0.0,0.0,0.0,0.0
1425,330,361,74,361,True,True,3,3,3,6,2,0.0,0.0,2.0,1.0,2.0
1425,331,361,74,383,True,False,3,3,0,0,0,0.0,0.0,0.0,0.0,0.0
1425,332,361,74,433,True,False,3,3,0,0,0,0.0,0.0,0.0,0.0,0.0
1425,333,361,74,449,True,True,3,3,3,5,2,0.0,0.0,1.6666666666666667,1.0,1.6666666666666667
1425,334,361,74,455,True,False,3,3,0,0,0,0.0,0.0,0.0,0.0,0.0
1425,335,361,74,463,True,True,3,3,3,4,2,0.0,0.0,1.3333333333333333,1.0,1.3333333333333333
1425,336,361,74,508,True,False,3,3,0,0,0,0.0,0.0,0.0,0.0,0.0
1426,489,361,129,13,True,True,12,12,12,53,3,0.0,0.0,4.416666666666667,1.0,4.416666666666667
1426,490,361,129,34,True,False,12,12,0,0,0,0.0,0.0,0.0,0.0,0.0
1426,491,361,129,58,True,False,12,12,0,0,0,0.0,0.0,0.0,0.0,0.0
1426,492,361,129,169,True,False,12,12,0,0,0,0.0,0.0,0.0,0.0,0.0
1426,493,361,129,217,True,False,12,12,0,0,0,0.0,0.0,0.0,0.0,0.0
1426,494,361,129,243,True,False,12,12,0,0,0,0.0,0.0,0.0,0.0,0.0
1426,495,361,129,256,True,True,12,12,12,14,3,0.0,0.5,1.1666666666666667,1.0,1.1666666666666667
1426,496,361,129,262,True,False,12,12,0,0,0,0.0,0.0,0.0,0.0,0.0
1426,497,361,129,433,True,False,12,12,0,0,0,0.0,0.0,0.0,0.0,0.0
1426,498,361,129,455,True,True,12,12,3,3,1,0.0,1.0,0.25,0.25,0.25
1426,499,361,129,472,True,False,12,12,0,0,0,0.0,0.0,0.0,0.0,0.0
1427,620,361,156,12,True,True,15,15,4,6,3,0.0,0.0,0.4,0.26666666666666666,0.4
1427,621,361,156,22,True,False,15,15,0,0,0,0.0,0.0,0.0,0.0,0.0
1427,622,361,156,58,True,False,15,15,0,0,0,0.0,0.0,0.0,0.0,0.0
1427,623,361,156,113,True,True,15,15,7,21,4,0.0,0.0,1.4,0.4666666666666667,1.4
1427,624,361,156,121,True,True,15,15,13,23,9,0.0,0.0,1.5333333333333334,0.8666666666666667,1.5333333333333334
1427,625,361,156,139,True,False,15,15,0,0,0,0.0,0.0,0.0,0.0,0.0
1427,626,361,156,144,True,False,15,15,0,0,0,0.0,0.0,0.0,0.0,0.0
1427,627,361,156,243,True,False,15,15,0,0,0,0.0,0.0,0.0,0.0,0.0
1427,628,361,156,248,True,False,15,15,0,0,0,0.0,0.0,0.0,0.0,0.0
1427,629,361,156,251,True,True,15,15,7,18,6,0.0,0.0,1.2,0.4666666666666667,1.2
1427,630,361,156,262,True,False,15,15,0,0,0,0.0,0.0,0.0,0.0,0.0
1427,631,361,156,273,True,False,15,15,0,0,0,0.0,0.0,0.0,0.0,0.0
1427,632,361,156,321,True,False,15,15,0,0,0,0.0,0.0,0.0,0.0,0.0
1427,633,361,156,449,True,True,15,15,15,21,11,0.0,0.0,1.4,1.0,1.4
1427,634,361,156,463,True,False,15,15,0,0,0,0.0,0.0,0.0,0.0,0.0
1427,635,361,156,481,True,False,15,15,0,0,0,0.0,0.0,0.0,0.0,0.0
1428,780,361,179,13,True,True,74,74,41,45,12,0.0,0.0,0.6081081081081081,0.5540540540540541,0.6081081081081081
1428,781,361,179,34,True,False,74,74,0,0,0,0.0,0.0,0.0,0.0,0.0
1428,782,361,179,43,True,False,74,74,0,0,0,0.0,0.0,0.0,0.0,0.0
1428,783,361,179,129,True,True,74,74,9,23,3,0.0,0.0,0.3108108108108108,0.12162162162162163,0.3108108108108108
1428,784,361,179,245,True,True,74,74,53,132,14,0.0,0.0,1.7837837837837838,0.7162162162162162,1.7837837837837838
1428,785,361,179,253,True,True,74,74,7,21,2,0.0,0.0,0.28378378378378377,0.0945945945945946,0.28378378378378377
1428,786,361,179,256,True,True,74,74,11,11,3,0.0,0.0,0.14864864864864866,0.14864864864864866,0.14864864864864866
1428,787,361,179,313,True,True,74,74,9,19,3,0.0,0.0,0.25675675675675674,0.12162162162162163,0.25675675675675674
1428,788,361,179,353,True,True,74,74,4,4,1,0.0,0.0,0.05405405405405406,0.05405405405405406,0.05405405405405406
1428,789,361,179,472,True,True,74,74,12,12,3,0.0,0.0,0.16216216216216217,0.16216216216216217,0.16216216216216217
1428,790,361,179,488,True,True,74,74,4,8,1,0.0,0.0,0.10810810810810811,0.05405405405405406,0.10810810810810811
1429,808,361,186,12,True,True,30,30,4,4,1,0.0,0.0,0.13333333333333333,0.13333333333333333,0.13333333333333333
1429,809,361,186,21,True,False,30,30,0,0,0,0.0,0.0,0.0,0.0,0.0
1429,810,361,186,31,True,False,30,30,0,0,0,0.0,0.0,0.0,0.0,0.0
1429,811,361,186,74,True,True,30,30,4,4,1,0.0,0.0,0.13333333333333333,0.13333333333333333,0.13333333333333333
1429,812,361,186,121,True,True,30,30,6,6,2,0.0,0.0,0.2,0.2,0.2
1429,813,361,186,141,True,False,30,30,0,0,0,0.0,0.0,0.0,0.0,0.0
1429,814,361,186,156,True,True,30,30,15,18,5,0.0,0.0,0.6,0.5,0.6
1429,815,361,186,248,True,False,30,30,0,0,0,0.0,0.0,0.0,0.0,0.0
1429,816,361,186,319,True,True,30,30,24,48,6,0.0,0.0,1.6,0.8,1.6
1429,817,361,186,381,True,True,30,30,14,20,4,0.0,0.0,0.6666666666666666,0.4666666666666667,0.6666666666666666
1429,818,361,186,449,True,True,30,30,30,45,8,0.0,0.0,1.5,1.0,1.5
1429,819,361,186,463,True,True,30,30,4,4,1,0.0,0.0,0.13333333333333333,0.13333333333333333,0.13333333333333333
1430,878,361,217,6,True,True,13,13,1,3,1,0.0,0.0,0.23076923076923078,0.07692307692307693,0.23076923076923078
1430,879,361,217,13,True,False,13,13,0,0,0,0.0,0.0,0.0,0.0,0.0
1430,880,361,217,21,True,True,13,13,12,38,1,0.0,1.0,2.923076923076923,0.9230769230769231,2.923076923076923
1430,881,361,217,58,True,False,13,13,0,0,0,0.0,0.0,0.0,0.0,0.0
1430,882,361,217,129,True,False,13,13,0,0,0,0.0,0.0,0.0,0.0,0.0
1430,883,361,217,156,True,True,13,13,12,12,1,0.0,2.5,0.9230769230769231,0.9230769230769231,0.9230769230769231
1430,884,361,217,179,True,False,13,13,0,0,0,0.0,0.0,0.0,0.0,0.0
1430,885,361,217,186,True,False,13,13,0,0,0,0.0,0.0,0.0,0.0,0.0
1430,886,361,217,243,True,False,13,13,0,0,0,0.0,0.0,0.0,0.0,0.0
1430,887,361,217,319,True,True,13,13,12,55,1,0.0,2.0,4.230769230769231,0.9230769230769231,4.230769230769231
1430,888,361,217,385,True,False,13,13,0,0,0,0.0,0.0,0.0,0.0,0.0
1431,946,361,243,6,True,False,59,59,0,0,0,0.0,0.0,0.0,0.0,0.0
1431,947,361,243,21,True,False,59,59,0,0,0,0.0,0.0,0.0,0.0,0.0
1431,948,361,243,84,True,False,59,59,0,0,0,0.0,0.0,0.0,0.0,0.0
1431,949,361,243,85,True,False,59,59,0,0,0,0.0,0.0,0.0,0.0,0.0
1431,950,361,243,115,True,False,59,59,0,0,0,0.0,0.0,0.0,0.0,0.0
1431,951,361,243,125,True,False,59,59,0,0,0,0.0,0.0,0.0,0.0,0.0
1431,952,361,243,129,True,True,59,59,24,92,2,0.0,1.0,1.5593220338983051,0.4067796610169492,1.5593220338983051
1431,953,361,243,156,True,True,59,59,12,12,1,0.0,1.0,0.2033898305084746,0.2033898305084746,0.2033898305084746
1431,954,361,243,179,True,True,59,59,12,26,1,0.0,1.0,0.4406779661016949,0.2033898305084746,0.4406779661016949
1431,955,361,243,199,True,False,59,59,0,0,0,0.0,0.0,0.0,0.0,0.0
1431,956,361,243,217,True,False,59,59,0,0,0,0.0,0.0,0.0,0.0,0.0
1431,957,361,243,319,True,True,59,59,17,52,2,0.0,1.0,0.8813559322033898,0.288135593220339,0.8813559322033898
1431,958,361,243,385,True,False,59,59,0,0,0,0.0,0.0,0.0,0.0,0.0
1431,959,361,243,402,True,False,59,59,0,0,0,0.0,0.0,0.0,0.0,0.0
1431,960,361,243,508,True,False,59,59,0,0,0,0.0,0.0,0.0,0.0,0.0
1432,961,361,245,13,True,True,95,95,53,104,10,0.0,0.0,1.0947368421052632,0.5578947368421052,1.0947368421052632
1432,962,361,245,34,True,False,95,95,0,0,0,0.0,0.0,0.0,0.0,0.0
1432,963,361,245,58,True,False,95,95,0,0,0,0.0,0.0,0.0,0.0,0.0
1432,964,361,245,129,True,True,95,95,7,10,2,0.0,0.0,0.10526315789473684,0.07368421052631578,0.10526315789473684
1432,965,361,245,169,True,True,95,95,32,60,7,0.0,1.0,0.631578947368421,0.3368421052631579,0.631578947368421
1432,966,361,245,253,True,False,95,95,0,0,0,0.0,0.0,0.0,0.0,0.0
1432,967,361,245,256,True,True,95,95,58,114,9,0.0,1.0,1.2,0.6105263157894737,1.2
1432,968,361,245,281,True,True,95,95,18,18,2,0.0,1.0,0.18947368421052632,0.18947368421052632,0.18947368421052632
1432,969,361,245,313,True,False,95,95,0,0,0,0.0,0.0,0.0,0.0,0.0
1432,970,361,245,353,True,False,95,95,0,0,0,0.0,0.0,0.0,0.0,0.0
1432,971,361,245,433,True,True,95,95,38,86,7,0.0,1.0,0.9052631578947369,0.4,0.9052631578947369
1432,972,361,245,472,True,True,95,95,6,14,1,0.0,1.0,0.14736842105263157,0.06315789473684211,0.14736842105263157
1433,997,361,251,21,True,True,9,9,3,6,1,0.0,0.5,0.6666666666666666,0.3333333333333333,0.6666666666666666
1433,998,361,251,88,True,False,9,9,0,0,0,0.0,0.0,0.0,0.0,0.0
1433,999,361,251,113,True,False,9,9,0,0,0,0.0,0.0,0.0,0.0,0.0
1433,1000,361,251,156,True,True,9,9,3,3,1,0.0,1.0,0.3333333333333333,0.3333333333333333,0.3333333333333333
1433,1001,361,251,157,True,False,9,9,0,0,0,0.0,0.0,0.0,0.0,0.0
1433,1002,361,251,161,True,False,9,9,0,0,0,0.0,0.0,0.0,0.0,0.0
1433,1003,361,251,179,True,False,9,9,0,0,0,0.0,0.0,0.0,0.0,0.0
1433,1004,361,251,186,True,False,9,9,0,0,0,0.0,0.0,0.0,0.0,0.0
1433,1005,361,251,245,True,False,9,9,0,0,0,0.0,0.0,0.0,0.0,0.0
1433,1006,361,251,253,True,True,9,9,6,28,1,0.0,1.0,3.111111111111111,0.6666666666666666,3.111111111111111
1433,1007,361,251,279,True,False,9,9,0,0,0,0.0,0.0,0.0,0.0,0.0
1433,1008,361,251,319,True,True,9,9,3,5,1,0.0,1.0,0.5555555555555556,0.3333333333333333,0.5555555555555556
1433,1009,361,251,381,True,False,9,9,0,0,0,0.0,0.0,0.0,0.0,0.0
1433,1010,361,251,449,True,False,9,9,0,0,0,0.0,0.0,0.0,0.0,0.0
1434,1019,361,253,2,True,False,27,27,0,0,0,0.0,0.0,0.0,0.0,0.0
1434,1020,361,253,22,True,False,27,27,0,0,0,0.0,0.0,0.0,0.0,0.0
1434,1021,361,253,139,True,False,27,27,0,0,0,0.0,0.0,0.0,0.0,0.0
1434,1022,361,253,144,True,False,27,27,0,0,0,0.0,0.0,0.0,0.0,0.0
1434,1023,361,253,175,True,True,27,27,27,67,5,0.0,1.0,2.4814814814814814,1.0,2.4814814814814814
1434,1024,361,253,256,True,True,27,27,27,105,5,0.0,1.0,3.888888888888889,1.0,3.888888888888889
1434,1025,361,253,273,True,False,27,27,0,0,0,0.0,0.0,0.0,0.0,0.0
1434,1026,361,253,353,True,False,27,27,0,0,0,0.0,0.0,0.0,0.0,0.0
1435,1252,361,313,6,True,False,8,8,0,0,0,0.0,0.0,0.0,0.0,0.0
1435,1253,361,313,13,True,True,8,8,2,2,1,0.0,0.0,0.25,0.25,0.25
1435,1254,361,313,34,True,False,8,8,0,0,0,0.0,0.0,0.0,0.0,0.0
1435,1255,361,313,43,True,False,8,8,0,0,0,0.0,0.0,0.0,0.0,0.0
1435,1256,361,313,243,True,False,8,8,0,0,0,0.0,0.0,0.0,0.0,0.0
1435,1257,361,313,256,True,False,8,8,0,0,0,0.0,0.0,0.0,0.0,0.0
1435,1258,361,313,281,True,False,8,8,0,0,0,0.0,0.0,0.0,0.0,0.0
1435,1259,361,313,353,True,True,8,8,8,30,2,0.0,1.0,3.75,1.0,3.75
1435,1260,361,313,361,True,False,8,8,0,0,0,0.0,0.0,0.0,0.0,0.0
1435,1261,361,313,455,True,True,8,8,2,2,1,0.0,0.0,0.25,0.25,0.25
1435,1262,361,313,472,True,True,8,8,8,16,2,0.0,0.5,2.0,1.0,2.0
1436,1299,361,319,6,True,False,62,62,0,0,0,0.0,0.0,0.0,0.0,0.0
1436,1300,361,319,12,True,True,62,62,12,28,3,0.0,0.0,0.45161290322580644,0.1935483870967742,0.45161290322580644
1436,1301,361,319,74,True,True,62,62,8,11,2,0.0,0.0,0.1774193548387097,0.12903225806451613,0.1774193548387097
1436,1302,361,319,113,True,True,62,62,28,28,6,0.0,1.0,0.45161290322580644,0.45161290322580644,0.45161290322580644
1436,1303,361,319,121,True,True,62,62,44,120,10,0.0,0.0,1.935483870967742,0.7096774193548387,1.935483870967742
1436,1304,361,319,156,True,True,62,62,40,70,10,0.0,0.0,1.1290322580645162,0.6451612903225806,1.1290322580645162
1436,1305,361,319,243,True,False,62,62,0,0,0,0.0,0.0,0.0,0.0,0.0
1436,1306,361,319,251,True,True,62,62,21,31,5,0.0,1.0,0.5,0.3387096774193548,0.5
1436,1307,361,319,321,True,False,62,62,0,0,0,0.0,0.0,0.0,0.0,0.0
1436,1308,361,319,361,True,True,62,62,11,16,3,0.0,0.0,0.25806451612903225,0.1774193548387097,0.25806451612903225
1436,1309,361,319,449,True,True,62,62,62,138,15,0.0,0.0,2.225806451612903,1.0,2.225806451612903
1436,1310,361,319,463,True,True,62,62,11,24,3,0.0,0.0,0.3870967741935484,0.1774193548387097,0.3870967741935484
1436,1311,361,319,481,True,True,62,62,5,5,1,0.0,1.0,0.08064516129032258,0.08064516129032258,0.08064516129032258
1437,1480,361,381,12,True,True,26,26,9,17,3,0.0,0.0,0.6538461538461539,0.34615384615384615,0.6538461538461539
1437,1481,361,381,31,True,False,26,26,0,0,0,0.0,0.0,0.0,0.0,0.0
1437,1482,361,381,58,True,False,26,26,0,0,0,0.0,0.0,0.0,0.0,0.0
1437,1483,361,381,74,True,False,26,26,0,0,0,0.0,0.0,0.0,0.0,0.0
1437,1484,361,381,121,True,True,26,26,17,35,6,0.0,0.0,1.3461538461538463,0.6538461538461539,1.3461538461538463
1437,1485,361,381,141,True,False,26,26,0,0,0,0.0,0.0,0.0,0.0,0.0
1437,1486,361,381,156,True,True,26,26,20,37,7,0.0,0.0,1.4230769230769231,0.7692307692307693,1.4230769230769231
1437,1487,361,381,248,True,False,26,26,0,0,0,0.0,0.0,0.0,0.0,0.0
1437,1488,361,381,251,True,True,26,26,11,11,3,0.0,1.0,0.4230769230769231,0.4230769230769231,0.4230769230769231
1437,1489,361,381,319,True,True,26,26,7,10,3,0.0,0.0,0.38461538461538464,0.2692307692307692,0.38461538461538464
1437,1490,361,381,433,True,False,26,26,0,0,0,0.0,0.0,0.0,0.0,0.0
1437,1491,361,381,449,True,True,26,26,26,48,9,0.0,0.0,1.8461538461538463,1.0,1.8461538461538463
1437,1492,361,381,463,True,True,26,26,3,3,1,0.0,0.0,0.11538461538461539,0.11538461538461539,0.11538461538461539
1438,1713,361,449,6,True,False,4,4,0,0,0,0.0,0.0,0.0,0.0,0.0
1438,1714,361,449,12,True,True,4,4,2,3,2,0.0,0.0,0.75,0.5,0.75
1438,1715,361,449,58,True,False,4,4,0,0,0,0.0,0.0,0.0,0.0,0.0
1438,1716,361,449,113,True,True,4,4,1,7,1,0.0,1.0,1.75,0.25,1.75
1438,1717,361,449,121,True,True,4,4,3,5,3,0.0,0.0,1.25,0.75,1.25
1438,1718,361,449,217,True,False,4,4,0,0,0,0.0,0.0,0.0,0.0,0.0
1438,1719,361,449,243,True,False,4,4,0,0,0,0.0,0.0,0.0,0.0,0.0
1438,1720,361,449,251,True,True,4,4,1,3,1,0.0,0.0,0.75,0.25,0.75
1438,1721,361,449,262,True,False,4,4,0,0,0,0.0,0.0,0.0,0.0,0.0
1438,1722,361,449,321,True,False,4,4,0,0,0,0.0,0.0,0.0,0.0,0.0
1438,1723,361,449,361,True,True,4,4,1,7,1,0.0,1.0,1.75,0.25,1.75
1438,1724,361,449,463,True,True,4,4,1,2,1,0.0,0.5,0.5,0.25,0.5
1438,1725,361,449,481,True,True,4,4,1,5,1,0.0,1.0,1.25,0.25,1.25
1439,245,362,40,355,True,True,34,34,11,70,1,5.0,9.0,2.0588235294117645,0.3235294117647059,2.0588235294117645
1441,271,369,56,7,True,False,29,29,0,0,0,0.0,0.0,0.0,0.0,0.0
1441,272,369,56,143,True,False,29,29,0,0,0,0.0,0.0,0.0,0.0,0.0
1441,273,369,56,167,True,True,29,29,17,150,2,0.0,1.0,5.172413793103448,0.5862068965517241,5.172413793103448
1441,274,369,56,207,True,True,29,29,12,111,1,0.0,1.0,3.8275862068965516,0.41379310344827586,3.8275862068965516
1441,275,369,56,263,True,False,29,29,0,0,0,0.0,0.0,0.0,0.0,0.0
1441,276,369,56,415,True,False,29,29,0,0,0,0.0,0.0,0.0,0.0,0.0
1441,277,369,56,440,True,False,29,29,0,0,0,0.0,0.0,0.0,0.0,0.0
1441,278,369,56,509,True,False,29,29,0,0,0,0.0,0.0,0.0,0.0,0.0
1442,573,369,146,8,True,True,80,80,3,44,1,0.0,3.0,0.55,0.0375,0.55
1442,574,369,146,42,True,False,80,80,0,0,0,0.0,0.0,0.0,0.0,0.0
1442,575,369,146,100,True,False,80,80,0,0,0,0.0,0.0,0.0,0.0,0.0
1442,576,369,146,151,True,False,80,80,0,0,0,0.0,0.0,0.0,0.0,0.0
1442,577,369,146,230,True,True,80,80,6,18,1,4.0,6.0,0.225,0.075,0.225
1442,578,369,146,315,True,False,80,80,0,0,0,0.0,0.0,0.0,0.0,0.0
1442,579,369,146,404,True,False,80,80,0,0,0,0.0,0.0,0.0,0.0,0.0
1442,580,369,146,405,True,False,80,80,0,0,0,0.0,0.0,0.0,0.0,0.0
1442,581,369,146,485,True,True,80,80,31,397,3,0.0,2.0,4.9625,0.3875,4.9625
1443,665,369,163,259,True,True,4,4,2,3,1,0.0,0.0,0.75,0.5,0.75
1443,666,369,163,288,True,False,4,4,0,0,0,0.0,0.0,0.0,0.0,0.0
1443,667,369,163,371,True,False,4,4,0,0,0,0.0,0.0,0.0,0.0,0.0
1443,668,369,163,410,True,False,4,4,0,0,0,0.0,0.0,0.0,0.0,0.0
1444,669,369,164,4,True,False,20,20,0,0,0,0.0,0.0,0.0,0.0,0.0
1444,670,369,164,8,True,False,20,20,0,0,0,0.0,0.0,0.0,0.0,0.0
1444,671,369,164,42,True,False,20,20,0,0,0,0.0,0.0,0.0,0.0,0.0
1444,672,369,164,50,True,False,20,20,0,0,0,0.0,0.0,0.0,0.0,0.0
1444,673,369,164,63,True,False,20,20,0,0,0,0.0,0.0,0.0,0.0,0.0
1444,674,369,164,100,True,False,20,20,0,0,0,0.0,0.0,0.0,0.0,0.0
1444,675,369,164,146,True,True,20,20,20,164,2,0.0,0.0,8.2,1.0,8.2
1444,676,369,164,151,True,False,20,20,0,0,0,0.0,0.0,0.0,0.0,0.0
1444,677,369,164,171,True,False,20,20,0,0,0,0.0,0.0,0.0,0.0,0.0
1444,678,369,164,172,True,False,20,20,0,0,0,0.0,0.0,0.0,0.0,0.0
1444,679,369,164,180,True,False,20,20,0,0,0,0.0,0.0,0.0,0.0,0.0
1444,680,369,164,271,True,False,20,20,0,0,0,0.0,0.0,0.0,0.0,0.0
1444,681,369,164,288,True,False,20,20,0,0,0,0.0,0.0,0.0,0.0,0.0
1444,682,369,164,410,True,False,20,20,0,0,0,0.0,0.0,0.0,0.0,0.0
1445,860,369,207,161,True,True,298,298,35,97,3,2.0,9.0,0.32550335570469796,0.1174496644295302,0.32550335570469796
1445,861,369,207,167,True,True,298,298,143,1338,15,0.0,3.0,4.489932885906041,0.4798657718120805,4.489932885906041
1445,862,369,207,196,True,False,298,298,0,0,0,0.0,0.0,0.0,0.0,0.0
1445,863,369,207,263,True,False,298,298,0,0,0,0.0,0.0,0.0,0.0,0.0
1445,864,369,207,375,True,True,298,298,29,97,2,4.0,9.0,0.32550335570469796,0.09731543624161074,0.32550335570469796
1445,865,369,207,405,True,True,298,298,5,50,1,0.0,2.0,0.16778523489932887,0.016778523489932886,0.16778523489932887
1445,866,369,207,440,True,True,298,298,14,159,2,0.0,5.0,0.5335570469798657,0.04697986577181208,0.5335570469798657
1445,867,369,207,485,True,True,298,298,27,249,3,0.0,1.0,0.8355704697986577,0.09060402684563758,0.8355704697986577
1446,1108,369,271,1,True,False,41,41,0,0,0,0.0,0.0,0.0,0.0,0.0
1446,1109,369,271,28,True,False,41,41,0,0,0,0.0,0.0,0.0,0.0,0.0
1446,1110,369,271,42,True,False,41,41,0,0,0,0.0,0.0,0.0,0.0,0.0
1446,1111,369,271,56,True,True,41,41,4,22,2,0.0,3.0,0.5365853658536586,0.0975609756097561,0.5365853658536586
1446,1112,369,271,63,True,False,41,41,0,0,0,0.0,0.0,0.0,0.0,0.0
1446,1113,369,271,146,True,False,41,41,0,0,0,0.0,0.0,0.0,0.0,0.0
1446,1114,369,271,164,True,False,41,41,0,0,0,0.0,0.0,0.0,0.0,0.0
1446,1115,369,271,171,True,False,41,41,0,0,0,0.0,0.0,0.0,0.0,0.0
1446,1116,369,271,173,True,False,41,41,0,0,0,0.0,0.0,0.0,0.0,0.0
1446,1117,369,271,180,True,False,41,41,0,0,0,0.0,0.0,0.0,0.0,0.0
1446,1118,369,271,196,True,False,41,41,0,0,0,0.0,0.0,0.0,0.0,0.0
1446,1119,369,271,207,True,True,41,41,2,8,1,7.0,7.0,0.1951219512195122,0.04878048780487805,0.1951219512195122
1446,1120,369,271,222,True,False,41,41,0,0,0,0.0,0.0,0.0,0.0,0.0
1446,1121,369,271,297,True,False,41,41,0,0,0,0.0,0.0,0.0,0.0,0.0
1446,1122,369,271,355,True,False,41,41,0,0,0,0.0,0.0,0.0,0.0,0.0
1446,1123,369,271,369,True,True,41,41,4,5,3,0.0,0.0,0.12195121951219512,0.0975609756097561,0.12195121951219512
1446,1124,369,271,410,True,True,41,41,3,7,2,0.0,0.0,0.17073170731707318,0.07317073170731707,0.17073170731707318
1446,1125,369,271,429,True,True,41,41,3,11,2,0.0,0.0,0.2682926829268293,0.07317073170731707,0.2682926829268293
1447,1342,369,329,109,True,False,11,11,0,0,0,0.0,0.0,0.0,0.0,0.0
1447,1343,369,329,163,True,False,11,11,0,0,0,0.0,0.0,0.0,0.0,0.0
1447,1344,369,329,369,True,True,11,11,6,13,2,0.0,0.0,1.1818181818181819,0.5454545454545454,1.1818181818181819
1448,1408,369,355,1,True,False,33,33,0,0,0,0.0,0.0,0.0,0.0,0.0
1448,1409,369,355,28,True,False,33,33,0,0,0,0.0,0.0,0.0,0.0,0.0
1448,1410,369,355,56,True,True,33,33,2,13,2,0.0,7.0,0.3939393939393939,0.06060606060606061,0.3939393939393939
1448,1411,369,355,207,True,True,33,33,2,7,2,0.0,0.0,0.21212121212121213,0.06060606060606061,0.21212121212121213
1448,1412,369,355,271,True,True,33,33,1,2,1,0.0,0.0,0.06060606060606061,0.030303030303030304,0.06060606060606061
1448,1413,369,355,318,True,False,33,33,0,0,0,0.0,0.0,0.0,0.0,0.0
1448,1414,369,355,326,True,False,33,33,0,0,0,0.0,0.0,0.0,0.0,0.0
1448,1415,369,355,347,True,False,33,33,0,0,0,0.0,0.0,0.0,0.0,0.0
1448,1416,369,355,362,True,False,33,33,0,0,0,0.0,0.0,0.0,0.0,0.0
1448,1417,369,355,369,True,True,33,33,15,169,4,0.0,2.0,5.121212121212121,0.45454545454545453,5.121212121212121
1448,1418,369,355,398,True,False,33,33,0,0,0,0.0,0.0,0.0,0.0,0.0
1448,1419,369,355,410,True,True,33,33,2,4,1,0.0,0.0,0.12121212121212122,0.06060606060606061,0.12121212121212122
1448,1420,369,355,429,True,True,33,33,3,10,2,0.0,0.0,0.30303030303030304,0.09090909090909091,0.30303030303030304
1449,1454,369,371,39,True,False,7,7,0,0,0,0.0,0.0,0.0,0.0,0.0
1449,1455,369,371,126,True,False,7,7,0,0,0,0.0,0.0,0.0,0.0,0.0
1449,1456,369,371,146,True,True,7,7,1,2,1,0.0,0.0,0.2857142857142857,0.14285714285714285,0.2857142857142857
1449,1457,369,371,163,True,False,7,7,0,0,0,0.0,0.0,0.0,0.0,0.0
1449,1458,369,371,247,True,False,7,7,0,0,0,0.0,0.0,0.0,0.0,0.0
1449,1459,369,371,252,True,False,7,7,0,0,0,0.0,0.0,0.0,0.0,0.0
1449,1460,369,371,259,True,True,7,7,5,5,1,0.0,0.0,0.7142857142857143,0.7142857142857143,0.7142857142857143
1449,1461,369,371,385,True,False,7,7,0,0,0,0.0,0.0,0.0,0.0,0.0
1450,1462,369,375,28,True,False,10,10,0,0,0,0.0,0.0,0.0,0.0,0.0
1450,1463,369,375,161,True,False,10,10,0,0,0,0.0,0.0,0.0,0.0,0.0
1450,1464,369,375,163,True,False,10,10,0,0,0,0.0,0.0,0.0,0.0,0.0
1450,1465,369,375,167,True,False,10,10,0,0,0,0.0,0.0,0.0,0.0,0.0
1450,1466,369,375,271,True,False,10,10,0,0,0,0.0,0.0,0.0,0.0,0.0
1450,1467,369,375,355,True,False,10,10,0,0,0,0.0,0.0,0.0,0.0,0.0
1450,1468,369,375,369,True,True,10,10,10,66,3,0.0,0.0,6.6,1.0,6.6
1450,1469,369,375,410,True,False,10,10,0,0,0,0.0,0.0,0.0,0.0,0.0
1450,1470,369,375,429,True,False,10,10,0,0,0,0.0,0.0,0.0,0.0,0.0
1451,1629,369,410,146,True,False,19,19,0,0,0,0.0,0.0,0.0,0.0,0.0
1451,1630,369,410,151,True,False,19,19,0,0,0,0.0,0.0,0.0,0.0,0.0
1451,1631,369,410,164,True,False,19,19,0,0,0,0.0,0.0,0.0,0.0,0.0
1451,1632,369,410,180,True,False,19,19,0,0,0,0.0,0.0,0.0,0.0,0.0
1451,1633,369,410,205,True,False,19,19,0,0,0,0.0,0.0,0.0,0.0,0.0
1451,1634,369,410,207,True,True,19,19,5,60,2,0.0,3.0,3.1578947368421053,0.2631578947368421,3.1578947368421053
1451,1635,369,410,271,True,False,19,19,0,0,0,0.0,0.0,0.0,0.0,0.0
1451,1636,369,410,297,True,False,19,19,0,0,0,0.0,0.0,0.0,0.0,0.0
1451,1637,369,410,355,True,False,19,19,0,0,0,0.0,0.0,0.0,0.0,0.0
1451,1638,369,410,369,True,True,19,19,4,17,3,0.0,0.0,0.8947368421052632,0.21052631578947367,0.8947368421052632
1451,1639,369,410,405,True,False,19,19,0,0,0,0.0,0.0,0.0,0.0,0.0
1451,1640,369,410,414,True,True,19,19,12,155,4,0.0,4.0,8.157894736842104,0.631578947368421,8.157894736842104
1451,1641,369,410,429,True,True,19,19,12,27,4,0.0,0.0,1.4210526315789473,0.631578947368421,1.4210526315789473
1451,1642,369,410,485,True,False,19,19,0,0,0,0.0,0.0,0.0,0.0,0.0
1452,1643,369,414,8,True,False,12,12,0,0,0,0.0,0.0,0.0,0.0,0.0
1452,1644,369,414,146,True,False,12,12,0,0,0,0.0,0.0,0.0,0.0,0.0
1452,1645,369,414,151,True,False,12,12,0,0,0,0.0,0.0,0.0,0.0,0.0
1452,1646,369,414,161,True,True,12,12,5,5,1,2.0,4.0,0.4166666666666667,0.4166666666666667,0.4166666666666667
1452,1647,369,414,167,True,True,12,12,7,76,2,0.0,2.0,6.333333333333333,0.5833333333333334,6.333333333333333
1452,1648,369,414,230,True,False,12,12,0,0,0,0.0,0.0,0.0,0.0,0.0
1452,1649,369,414,375,True,False,12,12,0,0,0,0.0,0.0,0.0,0.0,0.0
1452,1650,369,414,485,True,False,12,12,0,0,0,0.0,0.0,0.0,0.0,0.0
1453,1667,369,429,1,True,False,75,75,0,0,0,0.0,0.0,0.0,0.0,0.0
1453,1668,369,429,259,True,True,75,75,4,8,1,0.0,0.0,0.10666666666666667,0.05333333333333334,0.10666666666666667
1453,1669,369,429,297,True,False,75,75,0,0,0,0.0,0.0,0.0,0.0,0.0
1453,1670,369,429,369,True,True,75,75,17,56,3,0.0,1.0,0.7466666666666667,0.22666666666666666,0.7466666666666667
1453,1671,369,429,410,True,True,75,75,63,399,12,0.0,1.0,5.32,0.84,5.32
1453,1672,369,429,414,True,True,75,75,42,266,8,0.0,3.0,3.546666666666667,0.56,3.546666666666667
1454,232,371,39,117,True,False,6,6,0,0,0,0.0,0.0,0.0,0.0,0.0
1454,233,371,39,169,True,False,6,6,0,0,0,0.0,0.0,0.0,0.0,0.0
1454,234,371,39,176,True,False,6,6,0,0,0,0.0,0.0,0.0,0.0,0.0
1454,235,371,39,199,True,False,6,6,0,0,0,0.0,0.0,0.0,0.0,0.0
1454,236,371,39,252,True,True,6,6,6,69,2,0.0,8.0,11.5,1.0,11.5
1454,237,371,39,294,True,False,6,6,0,0,0,0.0,0.0,0.0,0.0,0.0
1454,238,371,39,317,True,False,6,6,0,0,0,0.0,0.0,0.0,0.0,0.0
1454,239,371,39,371,True,False,6,6,0,0,0,0.0,0.0,0.0,0.0,0.0
1454,240,371,39,383,True,False,6,6,0,0,0,0.0,0.0,0.0,0.0,0.0
1454,241,371,39,404,True,False,6,6,0,0,0,0.0,0.0,0.0,0.0,0.0
1454,242,371,39,455,True,False,6,6,0,0,0,0.0,0.0,0.0,0.0,0.0
1454,243,371,39,494,True,False,6,6,0,0,0,0.0,0.0,0.0,0.0,0.0
1454,244,371,39,508,True,False,6,6,0,0,0,0.0,0.0,0.0,0.0,0.0
1455,482,371,126,2,True,False,10,10,0,0,0,0.0,0.0,0.0,0.0,0.0
1455,483,371,126,79,True,False,10,10,0,0,0,0.0,0.0,0.0,0.0,0.0
1455,484,371,126,80,True,False,10,10,0,0,0,0.0,0.0,0.0,0.0,0.0
1455,485,371,126,144,True,False,10,10,0,0,0,0.0,0.0,0.0,0.0,0.0
1455,486,371,126,175,True,False,10,10,0,0,0,0.0,0.0,0.0,0.0,0.0
1455,487,371,126,258,True,False,10,10,0,0,0,0.0,0.0,0.0,0.0,0.0
1455,488,371,126,371,True,False,10,10,0,0,0,0.0,0.0,0.0,0.0,0.0
1456,573,371,146,8,True,False,7,7,0,0,0,0.0,0.0,0.0,0.0,0.0
1456,574,371,146,42,True,False,7,7,0,0,0,0.0,0.0,0.0,0.0,0.0
1456,575,371,146,100,True,False,7,7,0,0,0,0.0,0.0,0.0,0.0,0.0
1456,576,371,146,151,True,False,7,7,0,0,0,0.0,0.0,0.0,0.0,0.0
1456,577,371,146,230,True,False,7,7,0,0,0,0.0,0.0,0.0,0.0,0.0
1456,578,371,146,315,True,False,7,7,0,0,0,0.0,0.0,0.0,0.0,0.0
1456,579,371,146,404,True,False,7,7,0,0,0,0.0,0.0,0.0,0.0,0.0
1456,580,371,146,405,True,True,7,7,7,65,2,0.0,2.0,9.285714285714286,1.0,9.285714285714286
1456,581,371,146,485,True,False,7,7,0,0,0,0.0,0.0,0.0,0.0,0.0
1457,665,371,163,259,True,True,25,25,11,26,9,0.0,0.0,1.04,0.44,1.04
1457,666,371,163,288,True,True,25,25,2,5,1,0.0,0.0,0.2,0.08,0.2
1457,667,371,163,371,True,False,25,25,0,0,0,0.0,0.0,0.0,0.0,0.0
1457,668,371,163,410,True,False,25,25,0,0,0,0.0,0.0,0.0,0.0,0.0
1458,973,371,247,125,True,False,15,15,0,0,0,0.0,0.0,0.0,0.0,0.0
1458,974,371,247,163,True,False,15,15,0,0,0,0.0,0.0,0.0,0.0,0.0
1458,975,371,247,259,True,True,15,15,1,1,1,0.0,0.0,0.06666666666666667,0.06666666666666667,0.06666666666666667
1458,976,371,247,262,True,False,15,15,0,0,0,0.0,0.0,0.0,0.0,0.0
1458,977,371,247,371,True,False,15,15,0,0,0,0.0,0.0,0.0,0.0,0.0
1458,978,371,247,402,True,False,15,15,0,0,0,0.0,0.0,0.0,0.0,0.0
1458,979,371,247,432,True,False,15,15,0,0,0,0.0,0.0,0.0,0.0,0.0
1459,1011,371,252,30,True,False,14,14,0,0,0,0.0,0.0,0.0,0.0,0.0
1459,1012,371,252,39,True,False,14,14,0,0,0,0.0,0.0,0.0,0.0,0.0
1459,1013,371,252,176,True,False,14,14,0,0,0,0.0,0.0,0.0,0.0,0.0
1459,1014,371,252,199,True,False,14,14,0,0,0,0.0,0.0,0.0,0.0,0.0
1459,1015,371,252,259,True,True,14,14,2,2,1,0.0,0.0,0.14285714285714285,0.14285714285714285,0.14285714285714285
1459,1016,371,252,317,True,False,14,14,0,0,0,0.0,0.0,0.0,0.0,0.0
1459,1017,371,252,371,True,False,14,14,0,0,0,0.0,0.0,0.0,0.0,0.0
1459,1018,371,252,383,True,False,14,14,0,0,0,0.0,0.0,0.0,0.0,0.0
1460,1049,371,259,1,True,True,69,69,1,3,1,0.0,0.0,0.043478260869565216,0.014492753623188406,0.043478260869565216
1460,1050,371,259,30,True,False,69,69,0,0,0,0.0,0.0,0.0,0.0,0.0
1460,1051,371,259,109,True,True,69,69,2,6,1,0.0,0.0,0.08695652173913043,0.028985507246376812,0.08695652173913043
1460,1052,371,259,146,True,False,69,69,0,0,0,0.0,0.0,0.0,0.0,0.0
1460,1053,371,259,149,True,False,69,69,0,0,0,0.0,0.0,0.0,0.0,0.0
1460,1054,371,259,163,True,False,69,69,0,0,0,0.0,0.0,0.0,0.0,0.0
1460,1055,371,259,247,True,True,69,69,5,16,3,0.0,0.0,0.2318840579710145,0.07246376811594203,0.2318840579710145
1460,1056,371,259,252,True,True,69,69,2,8,1,0.0,0.0,0.11594202898550725,0.028985507246376812,0.11594202898550725
1460,1057,371,259,263,True,False,69,69,0,0,0,0.0,0.0,0.0,0.0,0.0
1460,1058,371,259,288,True,True,69,69,1,5,1,0.0,0.0,0.07246376811594203,0.014492753623188406,0.07246376811594203
1460,1059,371,259,297,True,False,69,69,0,0,0,0.0,0.0,0.0,0.0,0.0
1460,1060,371,259,328,True,True,69,69,4,22,2,0.0,0.0,0.3188405797101449,0.057971014492753624,0.3188405797101449
1460,1061,371,259,346,True,False,69,69,0,0,0,0.0,0.0,0.0,0.0,0.0
1460,1062,371,259,352,True,True,69,69,1,3,1,0.0,0.0,0.043478260869565216,0.014492753623188406,0.043478260869565216
1460,1063,371,259,371,True,False,69,69,0,0,0,0.0,0.0,0.0,0.0,0.0
1460,1064,371,259,382,True,True,69,69,2,11,1,0.0,0.0,0.15942028985507245,0.028985507246376812,0.15942028985507245
1460,1065,371,259,398,True,False,69,69,0,0,0,0.0,0.0,0.0,0.0,0.0
1460,1066,371,259,404,True,False,69,69,0,0,0,0.0,0.0,0.0,0.0,0.0
1460,1067,371,259,405,True,False,69,69,0,0,0,0.0,0.0,0.0,0.0,0.0
1460,1068,371,259,410,True,True,69,69,1,2,1,0.0,0.5,0.028985507246376812,0.014492753623188406,0.028985507246376812
1460,1069,371,259,494,True,False,69,69,0,0,0,0.0,0.0,0.0,0.0,0.0
1461,1521,371,385,23,True,False,7,7,0,0,0,0.0,0.0,0.0,0.0,0.0
1461,1522,371,385,24,True,False,7,7,0,0,0,0.0,0.0,0.0,0.0,0.0
1461,1523,371,385,84,True,False,7,7,0,0,0,0.0,0.0,0.0,0.0,0.0
1461,1524,371,385,85,True,False,7,7,0,0,0,0.0,0.0,0.0,0.0,0.0
1461,1525,371,385,157,True,False,7,7,0,0,0,0.0,0.0,0.0,0.0,0.0
1461,1526,371,385,217,True,False,7,7,0,0,0,0.0,0.0,0.0,0.0,0.0
1461,1527,371,385,224,True,True,7,7,2,8,1,0.0,0.0,1.1428571428571428,0.2857142857142857,1.1428571428571428
1461,1528,371,385,243,True,False,7,7,0,0,0,0.0,0.0,0.0,0.0,0.0
1461,1529,371,385,296,True,True,7,7,5,71,1,0.0,3.0,10.142857142857142,0.7142857142857143,10.142857142857142
1461,1530,371,385,316,True,False,7,7,0,0,0,0.0,0.0,0.0,0.0,0.0
1461,1531,371,385,389,True,False,7,7,0,0,0,0.0,0.0,0.0,0.0,0.0
1461,1532,371,385,402,True,False,7,7,0,0,0,0.0,0.0,0.0,0.0,0.0
1461,1533,371,385,474,True,False,7,7,0,0,0,0.0,0.0,0.0,0.0,0.0
1462,172,375,28,1,True,False,10,10,0,0,0,0.0,0.0,0.0,0.0,0.0
1462,173,375,28,56,True,True,10,10,7,32,2,9.0,10.0,3.2,0.7,3.2
1462,174,375,28,222,True,False,10,10,0,0,0,0.0,0.0,0.0,0.0,0.0
1462,175,375,28,271,True,True,10,10,10,19,2,0.0,0.0,1.9,1.0,1.9
1462,176,375,28,318,True,False,10,10,0,0,0,0.0,0.0,0.0,0.0,0.0
1462,177,375,28,326,True,False,10,10,0,0,0,0.0,0.0,0.0,0.0,0.0
1462,178,375,28,347,True,False,10,10,0,0,0,0.0,0.0,0.0,0.0,0.0
1462,179,375,28,355,True,True,10,10,3,3,1,0.0,0.0,0.3,0.3,0.3
1462,180,375,28,369,True,False,10,10,0,0,0,0.0,0.0,0.0,0.0,0.0
1462,181,375,28,410,True,False,10,10,0,0,0,0.0,0.0,0.0,0.0,0.0
1462,182,375,28,429,True,False,10,10,0,0,0,0.0,0.0,0.0,0.0,0.0
1463,656,375,161,28,True,False,3,3,0,0,0,0.0,0.0,0.0,0.0,0.0
1463,657,375,161,143,True,False,3,3,0,0,0,0.0,0.0,0.0,0.0,0.0
1463,658,375,161,157,True,False,3,3,0,0,0,0.0,0.0,0.0,0.0,0.0
1463,659,375,161,167,True,False,3,3,0,0,0,0.0,0.0,0.0,0.0,0.0
1463,660,375,161,369,True,False,3,3,0,0,0,0.0,0.0,0.0,0.0,0.0
1463,661,375,161,375,True,True,3,3,3,19,2,0.0,0.0,6.333333333333333,1.0,6.333333333333333
1463,662,375,161,398,True,False,3,3,0,0,0,0.0,0.0,0.0,0.0,0.0
1463,663,375,161,440,True,False,3,3,0,0,0,0.0,0.0,0.0,0.0,0.0
1463,664,375,161,485,True,False,3,3,0,0,0,0.0,0.0,0.0,0.0,0.0
1464,665,375,163,259,True,True,18,18,14,28,5,0.0,0.0,1.5555555555555556,0.7777777777777778,1.5555555555555556
1464,666,375,163,288,True,False,18,18,0,0,0,0.0,0.0,0.0,0.0,0.0
1464,667,375,163,371,True,False,18,18,0,0,0,0.0,0.0,0.0,0.0,0.0
1464,668,375,163,410,True,False,18,18,0,0,0,0.0,0.0,0.0,0.0,0.0
1465,688,375,167,7,True,False,7,7,0,0,0,0.0,0.0,0.0,0.0,0.0
1465,689,375,167,88,True,False,7,7,0,0,0,0.0,0.0,0.0,0.0,0.0
1465,690,375,167,133,True,False,7,7,0,0,0,0.0,0.0,0.0,0.0,0.0
1465,691,375,167,143,True,True,7,7,3,45,1,0.0,4.0,6.428571428571429,0.42857142857142855,6.428571428571429
1465,692,375,167,157,True,False,7,7,0,0,0,0.0,0.0,0.0,0.0,0.0
1465,693,375,167,161,True,False,7,7,0,0,0,0.0,0.0,0.0,0.0,0.0
1465,694,375,167,196,True,False,7,7,0,0,0,0.0,0.0,0.0,0.0,0.0
1465,695,375,167,261,True,False,7,7,0,0,0,0.0,0.0,0.0,0.0,0.0
1465,696,375,167,279,True,False,7,7,0,0,0,0.0,0.0,0.0,0.0,0.0
1465,697,375,167,290,True,False,7,7,0,0,0,0.0,0.0,0.0,0.0,0.0
1465,698,375,167,316,True,False,7,7,0,0,0,0.0,0.0,0.0,0.0,0.0
1465,699,375,167,432,True,False,7,7,0,0,0,0.0,0.0,0.0,0.0,0.0
1465,700,375,167,440,True,False,7,7,0,0,0,0.0,0.0,0.0,0.0,0.0
1465,701,375,167,474,True,False,7,7,0,0,0,0.0,0.0,0.0,0.0,0.0
1465,702,375,167,509,True,False,7,7,0,0,0,0.0,0.0,0.0,0.0,0.0
1466,1108,375,271,1,True,False,201,201,0,0,0,0.0,0.0,0.0,0.0,0.0
1466,1109,375,271,28,True,True,201,201,7,9,3,5.0,6.0,0.04477611940298507,0.03482587064676617,0.04477611940298507
1466,1110,375,271,42,True,False,201,201,0,0,0,0.0,0.0,0.0,0.0,0.0
1466,1111,375,271,56,True,True,201,201,63,301,9,5.0,7.0,1.4975124378109452,0.31343283582089554,1.4975124378109452
1466,1112,375,271,63,True,False,201,201,0,0,0,0.0,0.0,0.0,0.0,0.0
1466,1113,375,271,146,True,False,201,201,0,0,0,0.0,0.0,0.0,0.0,0.0
1466,1114,375,271,164,True,False,201,201,0,0,0,0.0,0.0,0.0,0.0,0.0
1466,1115,375,271,171,True,False,201,201,0,0,0,0.0,0.0,0.0,0.0,0.0
1466,1116,375,271,173,True,False,201,201,0,0,0,0.0,0.0,0.0,0.0,0.0
1466,1117,375,271,180,True,False,201,201,0,0,0,0.0,0.0,0.0,0.0,0.0
1466,1118,375,271,196,True,False,201,201,0,0,0,0.0,0.0,0.0,0.0,0.0
1466,1119,375,271,207,True,True,201,201,15,72,2,7.0,8.0,0.3582089552238806,0.07462686567164178,0.3582089552238806
1466,1120,375,271,222,True,False,201,201,0,0,0,0.0,0.0,0.0,0.0,0.0
1466,1121,375,271,297,True,False,201,201,0,0,0,0.0,0.0,0.0,0.0,0.0
1466,1122,375,271,355,True,True,201,201,4,8,1,5.0,5.0,0.03980099502487562,0.01990049751243781,0.03980099502487562
1466,1123,375,271,369,True,True,201,201,24,33,4,0.0,0.0,0.16417910447761194,0.11940298507462686,0.16417910447761194
1466,1124,375,271,410,True,False,201,201,0,0,0,0.0,0.0,0.0,0.0,0.0
1466,1125,375,271,429,True,True,201,201,13,67,2,0.0,0.0,0.3333333333333333,0.06467661691542288,0.3333333333333333
1467,1408,375,355,1,True,False,32,32,0,0,0,0.0,0.0,0.0,0.0,0.0
1467,1409,375,355,28,True,True,32,32,5,10,1,7.0,7.5,0.3125,0.15625,0.3125
1467,1410,375,355,56,True,True,32,32,13,119,3,6.0,8.0,3.71875,0.40625,3.71875
1467,1411,375,355,207,True,False,32,32,0,0,0,0.0,0.0,0.0,0.0,0.0
1467,1412,375,355,271,True,True,32,32,21,26,4,0.0,0.0,0.8125,0.65625,0.8125
1467,1413,375,355,318,True,False,32,32,0,0,0,0.0,0.0,0.0,0.0,0.0
1467,1414,375,355,326,True,False,32,32,0,0,0,0.0,0.0,0.0,0.0,0.0
1467,1415,375,355,347,True,False,32,32,0,0,0,0.0,0.0,0.0,0.0,0.0
1467,1416,375,355,362,True,False,32,32,0,0,0,0.0,0.0,0.0,0.0,0.0
1467,1417,375,355,369,True,False,32,32,0,0,0,0.0,0.0,0.0,0.0,0.0
1467,1418,375,355,398,True,False,32,32,0,0,0,0.0,0.0,0.0,0.0,0.0
1467,1419,375,355,410,True,True,32,32,3,6,1,0.0,0.0,0.1875,0.09375,0.1875
1467,1420,375,355,429,True,True,32,32,3,9,1,0.0,0.0,0.28125,0.09375,0.28125
1468,1441,375,369,56,True,True,387,387,15,180,1,0.0,5.0,0.46511627906976744,0.03875968992248062,0.46511627906976744
1468,1442,375,369,146,True,False,387,387,0,0,0,0.0,0.0,0.0,0.0,0.0
1468,1443,375,369,163,True,True,387,387,9,18,2,0.0,0.0,0.046511627906976744,0.023255813953488372,0.046511627906976744
1468,1444,375,369,164,True,False,387,387,0,0,0,0.0,0.0,0.0,0.0,0.0
1468,1445,375,369,207,True,True,387,387,180,1656,16,0.0,8.0,4.27906976744186,0.46511627906976744,4.27906976744186
1468,1446,375,369,271,True,True,387,387,97,157,15,0.0,0.0,0.40568475452196384,0.25064599483204136,0.40568475452196384
1468,1447,375,369,329,True,False,387,387,0,0,0,0.0,0.0,0.0,0.0,0.0
1468,1448,375,369,355,True,True,387,387,40,225,5,0.0,2.0,0.5813953488372093,0.10335917312661498,0.5813953488372093
1468,1449,375,369,371,True,True,387,387,4,4,1,0.0,0.0,0.0103359173126615,0.0103359173126615,0.0103359173126615
1468,1450,375,369,375,True,True,387,387,12,23,3,0.0,0.0,0.059431524547803614,0.031007751937984496,0.059431524547803614
1468,1451,375,369,410,True,True,387,387,26,78,4,0.0,0.0,0.20155038759689922,0.06718346253229975,0.20155038759689922
1468,1452,375,369,414,True,True,387,387,24,75,2,3.0,8.0,0.1937984496124031,0.06201550387596899,0.1937984496124031
1468,1453,375,369,429,True,True,387,387,29,93,5,0.0,0.0,0.24031007751937986,0.07493540051679587,0.24031007751937986
1469,1629,375,410,146,True,False,29,29,0,0,0,0.0,0.0,0.0,0.0,0.0
1469,1630,375,410,151,True,False,29,29,0,0,0,0.0,0.0,0.0,0.0,0.0
1469,1631,375,410,164,True,False,29,29,0,0,0,0.0,0.0,0.0,0.0,0.0
1469,1632,375,410,180,True,False,29,29,0,0,0,0.0,0.0,0.0,0.0,0.0
1469,1633,375,410,205,True,False,29,29,0,0,0,0.0,0.0,0.0,0.0,0.0
1469,1634,375,410,207,True,False,29,29,0,0,0,0.0,0.0,0.0,0.0,0.0
1469,1635,375,410,271,True,False,29,29,0,0,0,0.0,0.0,0.0,0.0,0.0
1469,1636,375,410,297,True,False,29,29,0,0,0,0.0,0.0,0.0,0.0,0.0
1469,1637,375,410,355,True,True,29,29,5,5,1,0.0,0.0,0.1724137931034483,0.1724137931034483,0.1724137931034483
1469,1638,375,410,369,True,True,29,29,15,65,3,0.0,0.0,2.2413793103448274,0.5172413793103449,2.2413793103448274
1469,1639,375,410,405,True,False,29,29,0,0,0,0.0,0.0,0.0,0.0,0.0
1469,1640,375,410,414,True,True,29,29,9,120,2,1.0,5.0,4.137931034482759,0.3103448275862069,4.137931034482759
1469,1641,375,410,429,True,True,29,29,9,26,2,0.0,1.0,0.896551724137931,0.3103448275862069,0.896551724137931
1469,1642,375,410,485,True,False,29,29,0,0,0,0.0,0.0,0.0,0.0,0.0
1470,1667,375,429,1,True,False,16,16,0,0,0,0.0,0.0,0.0,0.0,0.0
1470,1668,375,429,259,True,False,16,16,0,0,0,0.0,0.0,0.0,0.0,0.0
1470,1669,375,429,297,True,False,16,16,0,0,0,0.0,0.0,0.0,0.0,0.0
1470,1670,375,429,369,True,True,16,16,3,6,1,0.0,1.0,0.375,0.1875,0.375
1470,1671,375,429,410,True,True,16,16,16,160,4,0.0,2.0,10.0,1.0,10.0
1470,1672,375,429,414,True,True,16,16,16,22,4,0.0,3.0,1.375,1.0,1.375
1471,161,378,26,16,True,False,122,122,0,0,0,0.0,0.0,0.0,0.0,0.0
1471,162,378,26,46,True,True,122,122,118,1158,8,0.0,1.0,9.491803278688524,0.9672131147540983,9.491803278688524
1471,163,378,26,109,True,False,122,122,0,0,0,0.0,0.0,0.0,0.0,0.0
1471,164,378,26,213,True,False,122,122,0,0,0,0.0,0.0,0.0,0.0,0.0
1471,165,378,26,266,True,False,122,122,0,0,0,0.0,0.0,0.0,0.0,0.0
1471,166,378,26,378,True,False,122,122,0,0,0,0.0,0.0,0.0,0.0,0.0
1471,167,378,26,382,True,False,122,122,0,0,0,0.0,0.0,0.0,0.0,0.0
1471,168,378,26,430,True,False,122,122,0,0,0,0.0,0.0,0.0,0.0,0.0
1471,169,378,26,462,True,False,122,122,0,0,0,0.0,0.0,0.0,0.0,0.0
1471,170,378,26,487,True,False,122,122,0,0,0,0.0,0.0,0.0,0.0,0.0
1471,171,378,26,497,True,False,122,122,0,0,0,0.0,0.0,0.0,0.0,0.0
1472,261,378,46,3,True,False,138,138,0,0,0,0.0,0.0,0.0,0.0,0.0
1472,262,378,46,26,True,True,138,138,2,4,1,0.0,0.0,0.028985507246376812,0.014492753623188406,0.028985507246376812
1472,263,378,46,57,True,True,138,138,49,532,4,0.0,6.0,3.8550724637681157,0.35507246376811596,3.8550724637681157
1472,264,378,46,238,True,True,138,138,1,6,1,0.0,0.5,0.043478260869565216,0.007246376811594203,0.043478260869565216
1472,265,378,46,317,True,False,138,138,0,0,0,0.0,0.0,0.0,0.0,0.0
1472,266,378,46,371,True,False,138,138,0,0,0,0.0,0.0,0.0,0.0,0.0
1472,267,378,46,406,True,True,138,138,76,1102,8,0.0,6.0,7.9855072463768115,0.5507246376811594,7.9855072463768115
1473,417,378,112,140,True,False,51,51,0,0,0,0.0,0.0,0.0,0.0,0.0
1473,418,378,112,213,True,True,51,51,46,430,3,0.0,1.0,8.431372549019608,0.9019607843137255,8.431372549019608
1473,419,378,112,259,True,False,51,51,0,0,0,0.0,0.0,0.0,0.0,0.0
1473,420,378,112,297,True,False,51,51,0,0,0,0.0,0.0,0.0,0.0,0.0
1473,421,378,112,324,True,False,51,51,0,0,0,0.0,0.0,0.0,0.0,0.0
1473,422,378,112,378,True,False,51,51,0,0,0,0.0,0.0,0.0,0.0,0.0
1473,423,378,112,382,True,False,51,51,0,0,0,0.0,0.0,0.0,0.0,0.0
1473,424,378,112,497,True,False,51,51,0,0,0,0.0,0.0,0.0,0.0,0.0
1474,877,378,213,57,True,True,28,28,28,392,4,0.0,5.0,14.0,1.0,14.0
1475,932,378,238,10,True,False,74,74,0,0,0,0.0,0.0,0.0,0.0,0.0
1475,933,378,238,80,True,False,74,74,0,0,0,0.0,0.0,0.0,0.0,0.0
1475,934,378,238,117,True,True,74,74,12,95,1,0.0,2.0,1.2837837837837838,0.16216216216216217,1.2837837837837838
1475,935,378,238,149,True,False,74,74,0,0,0,0.0,0.0,0.0,0.0,0.0
1475,936,378,238,199,True,False,74,74,0,0,0,0.0,0.0,0.0,0.0,0.0
1475,937,378,238,294,True,True,74,74,56,418,6,0.0,5.0,5.648648648648648,0.7567567567567568,5.648648648648648
1475,938,378,238,317,True,False,74,74,0,0,0,0.0,0.0,0.0,0.0,0.0
1475,939,378,238,387,True,False,74,74,0,0,0,0.0,0.0,0.0,0.0,0.0
1475,940,378,238,404,True,True,74,74,2,9,2,1.0,4.0,0.12162162162162163,0.02702702702702703,0.12162162162162163
1475,941,378,238,494,True,False,74,74,0,0,0,0.0,0.0,0.0,0.0,0.0
1476,1184,378,294,21,True,False,16,16,0,0,0,0.0,0.0,0.0,0.0,0.0
1476,1185,378,294,22,True,False,16,16,0,0,0,0.0,0.0,0.0,0.0,0.0
1476,1186,378,294,61,True,False,16,16,0,0,0,0.0,0.0,0.0,0.0,0.0
1476,1187,378,294,117,True,False,16,16,0,0,0,0.0,0.0,0.0,0.0,0.0
1476,1188,378,294,141,True,False,16,16,0,0,0,0.0,0.0,0.0,0.0,0.0
1476,1189,378,294,169,True,False,16,16,0,0,0,0.0,0.0,0.0,0.0,0.0
1476,1190,378,294,175,True,False,16,16,0,0,0,0.0,0.0,0.0,0.0,0.0
1476,1191,378,294,179,True,False,16,16,0,0,0,0.0,0.0,0.0,0.0,0.0
1476,1192,378,294,186,True,False,16,16,0,0,0,0.0,0.0,0.0,0.0,0.0
1476,1193,378,294,281,True,False,16,16,0,0,0,0.0,0.0,0.0,0.0,0.0
1476,1194,378,294,313,True,False,16,16,0,0,0,0.0,0.0,0.0,0.0,0.0
1476,1195,378,294,433,True,False,16,16,0,0,0,0.0,0.0,0.0,0.0,0.0
1476,1196,378,294,455,True,False,16,16,0,0,0,0.0,0.0,0.0,0.0,0.0
1477,1323,378,324,16,True,False,6,6,0,0,0,0.0,0.0,0.0,0.0,0.0
1477,1324,378,324,26,True,False,6,6,0,0,0,0.0,0.0,0.0,0.0,0.0
1477,1325,378,324,112,True,False,6,6,0,0,0,0.0,0.0,0.0,0.0,0.0
1477,1326,378,324,213,True,False,6,6,0,0,0,0.0,0.0,0.0,0.0,0.0
1477,1327,378,324,378,True,True,6,6,6,45,2,0.0,0.0,7.5,1.0,7.5
1477,1328,378,324,382,True,False,6,6,0,0,0,0.0,0.0,0.0,0.0,0.0
1477,1329,378,324,497,True,False,6,6,0,0,0,0.0,0.0,0.0,0.0,0.0
1478,1493,378,382,10,True,True,201,201,25,235,2,2.0,8.0,1.1691542288557213,0.12437810945273632,1.1691542288557213
1478,1494,378,382,30,True,False,201,201,0,0,0,0.0,0.0,0.0,0.0,0.0
1478,1495,378,382,42,True,False,201,201,0,0,0,0.0,0.0,0.0,0.0,0.0
1478,1496,378,382,151,True,False,201,201,0,0,0,0.0,0.0,0.0,0.0,0.0
1478,1497,378,382,238,True,True,201,201,166,1772,9,0.0,2.0,8.81592039800995,0.8258706467661692,8.81592039800995
1478,1498,378,382,294,True,True,201,201,50,119,4,0.0,3.0,0.5920398009950248,0.24875621890547264,0.5920398009950248
1478,1499,378,382,324,True,False,201,201,0,0,0,0.0,0.0,0.0,0.0,0.0
1478,1500,378,382,378,True,True,201,201,17,57,2,0.0,0.0,0.2835820895522388,0.0845771144278607,0.2835820895522388
1478,1501,378,382,387,True,False,201,201,0,0,0,0.0,0.0,0.0,0.0,0.0
1478,1502,378,382,404,True,False,201,201,0,0,0,0.0,0.0,0.0,0.0,0.0
1478,1503,378,382,405,True,False,201,201,0,0,0,0.0,0.0,0.0,0.0,0.0
1478,1504,378,382,415,True,False,201,201,0,0,0,0.0,0.0,0.0,0.0,0.0
1479,1744,378,462,16,True,False,9,9,0,0,0,0.0,0.0,0.0,0.0,0.0
1479,1745,378,462,26,True,False,9,9,0,0,0,0.0,0.0,0.0,0.0,0.0
1479,1746,378,462,30,True,False,9,9,0,0,0,0.0,0.0,0.0,0.0,0.0
1479,1747,378,462,46,True,False,9,9,0,0,0,0.0,0.0,0.0,0.0,0.0
1479,1748,378,462,109,True,False,9,9,0,0,0,0.0,0.0,0.0,0.0,0.0
1479,1749,378,462,266,True,False,9,9,0,0,0,0.0,0.0,0.0,0.0,0.0
1479,1750,378,462,324,True,False,9,9,0,0,0,0.0,0.0,0.0,0.0,0.0
1479,1751,378,462,378,True,True,9,9,9,39,3,0.0,0.0,4.333333333333333,1.0,4.333333333333333
1479,1752,378,462,430,True,False,9,9,0,0,0,0.0,0.0,0.0,0.0,0.0
1479,1753,378,462,487,True,False,9,9,0,0,0,0.0,0.0,0.0,0.0,0.0
1479,1754,378,462,497,True,False,9,9,0,0,0,0.0,0.0,0.0,0.0,0.0
1480,82,381,12,6,True,False,137,137,0,0,0,0.0,0.0,0.0,0.0,0.0
1480,83,381,12,58,True,True,137,137,5,5,3,0.0,0.0,0.0364963503649635,0.0364963503649635,0.0364963503649635
1480,84,381,12,113,True,False,137,137,0,0,0,0.0,0.0,0.0,0.0,0.0
1480,85,381,12,121,True,True,137,137,4,4,3,0.0,0.0,0.029197080291970802,0.029197080291970802,0.029197080291970802
1480,86,381,12,144,True,False,137,137,0,0,0,0.0,0.0,0.0,0.0,0.0
1480,87,381,12,243,True,False,137,137,0,0,0,0.0,0.0,0.0,0.0,0.0
1480,88,381,12,251,True,True,137,137,6,23,3,0.0,0.0,0.1678832116788321,0.043795620437956206,0.1678832116788321
1480,89,381,12,321,True,False,137,137,0,0,0,0.0,0.0,0.0,0.0,0.0
1480,90,381,12,335,True,False,137,137,0,0,0,0.0,0.0,0.0,0.0,0.0
1480,91,381,12,463,True,True,137,137,10,10,6,0.0,0.0,0.072992700729927,0.072992700729927,0.072992700729927
1480,92,381,12,481,True,True,137,137,13,80,3,0.0,0.0,0.583941605839416,0.0948905109489051,0.583941605839416
1481,193,381,31,12,True,False,6,6,0,0,0,0.0,0.0,0.0,0.0,0.0
1481,194,381,31,74,True,True,6,6,3,4,2,0.0,0.0,0.6666666666666666,0.5,0.6666666666666666
1481,195,381,31,121,True,False,6,6,0,0,0,0.0,0.0,0.0,0.0,0.0
1481,196,381,31,169,True,False,6,6,0,0,0,0.0,0.0,0.0,0.0,0.0
1481,197,381,31,248,True,True,6,6,5,7,3,0.0,0.0,1.1666666666666667,0.8333333333333334,1.1666666666666667
1481,198,381,31,262,True,True,6,6,2,5,1,0.0,0.0,0.8333333333333334,0.3333333333333333,0.8333333333333334
1481,199,381,31,281,True,False,6,6,0,0,0,0.0,0.0,0.0,0.0,0.0
1481,200,381,31,335,True,False,6,6,0,0,0,0.0,0.0,0.0,0.0,0.0
1481,201,381,31,383,True,False,6,6,0,0,0,0.0,0.0,0.0,0.0,0.0
1481,202,381,31,433,True,True,6,6,4,5,3,0.0,0.0,0.8333333333333334,0.6666666666666666,0.8333333333333334
1481,203,381,31,455,True,False,6,6,0,0,0,0.0,0.0,0.0,0.0,0.0
1481,204,381,31,463,True,True,6,6,6,13,4,0.0,0.0,2.1666666666666665,1.0,2.1666666666666665
1482,281,381,58,13,True,False,21,21,0,0,0,0.0,0.0,0.0,0.0,0.0
1482,282,381,58,21,True,False,21,21,0,0,0,0.0,0.0,0.0,0.0,0.0
1482,283,381,58,84,True,False,21,21,0,0,0,0.0,0.0,0.0,0.0,0.0
1482,284,381,58,129,True,False,21,21,0,0,0,0.0,0.0,0.0,0.0,0.0
1482,285,381,58,156,True,False,21,21,0,0,0,0.0,0.0,0.0,0.0,0.0
1482,286,381,58,179,True,False,21,21,0,0,0,0.0,0.0,0.0,0.0,0.0
1482,287,381,58,186,True,False,21,21,0,0,0,0.0,0.0,0.0,0.0,0.0
1482,288,381,58,243,True,False,21,21,0,0,0,0.0,0.0,0.0,0.0,0.0
1482,289,381,58,245,True,False,21,21,0,0,0,0.0,0.0,0.0,0.0,0.0
1482,290,381,58,381,True,False,21,21,0,0,0,0.0,0.0,0.0,0.0,0.0
1482,291,381,58,389,True,False,21,21,0,0,0,0.0,0.0,0.0,0.0,0.0
1482,292,381,58,449,True,False,21,21,0,0,0,0.0,0.0,0.0,0.0,0.0
1483,318,381,74,2,True,False,91,91,0,0,0,0.0,0.0,0.0,0.0,0.0
1483,319,381,74,6,True,True,91,91,5,8,3,0.0,0.0,0.08791208791208792,0.054945054945054944,0.08791208791208792
1483,320,381,74,12,True,True,91,91,4,4,2,0.0,0.0,0.04395604395604396,0.04395604395604396,0.04395604395604396
1483,321,381,74,58,True,True,91,91,4,8,2,0.0,0.0,0.08791208791208792,0.04395604395604396,0.08791208791208792
1483,322,381,74,121,True,True,91,91,41,65,15,0.0,0.0,0.7142857142857143,0.45054945054945056,0.7142857142857143
1483,323,381,74,139,True,False,91,91,0,0,0,0.0,0.0,0.0,0.0,0.0
1483,324,381,74,169,True,False,91,91,0,0,0,0.0,0.0,0.0,0.0,0.0
1483,325,381,74,175,True,False,91,91,0,0,0,0.0,0.0,0.0,0.0,0.0
1483,326,381,74,243,True,False,91,91,0,0,0,0.0,0.0,0.0,0.0,0.0
1483,327,381,74,248,True,True,91,91,73,82,17,0.0,0.0,0.9010989010989011,0.8021978021978022,0.9010989010989011
1483,328,381,74,281,True,False,91,91,0,0,0,0.0,0.0,0.0,0.0,0.0
1483,329,381,74,335,True,False,91,91,0,0,0,0.0,0.0,0.0,0.0,0.0
1483,330,381,74,361,True,False,91,91,0,0,0,0.0,0.0,0.0,0.0,0.0
1483,331,381,74,383,True,False,91,91,0,0,0,0.0,0.0,0.0,0.0,0.0
1483,332,381,74,433,True,True,91,91,28,55,10,0.0,0.0,0.6043956043956044,0.3076923076923077,0.6043956043956044
1483,333,381,74,449,True,True,91,91,14,17,8,0.0,0.0,0.18681318681318682,0.15384615384615385,0.18681318681318682
1483,334,381,74,455,True,False,91,91,0,0,0,0.0,0.0,0.0,0.0,0.0
1483,335,381,74,463,True,True,91,91,50,91,17,0.0,0.0,1.0,0.5494505494505495,1.0
1483,336,381,74,508,True,False,91,91,0,0,0,0.0,0.0,0.0,0.0,0.0
1484,465,381,121,2,True,False,223,223,0,0,0,0.0,0.0,0.0,0.0,0.0
1484,466,381,121,22,True,False,223,223,0,0,0,0.0,0.0,0.0,0.0,0.0
1484,467,381,121,113,True,True,223,223,18,83,6,0.0,0.0,0.3721973094170404,0.08071748878923767,0.3721973094170404
1484,468,381,121,139,True,True,223,223,4,7,3,0.0,0.0,0.03139013452914798,0.017937219730941704,0.03139013452914798
1484,469,381,121,144,True,True,223,223,2,11,1,0.0,0.0,0.04932735426008968,0.008968609865470852,0.04932735426008968
1484,470,381,121,175,True,False,223,223,0,0,0,0.0,0.0,0.0,0.0,0.0
1484,471,381,121,251,True,True,223,223,17,75,7,0.0,0.0,0.336322869955157,0.07623318385650224,0.336322869955157
1484,472,381,121,273,True,True,223,223,5,26,4,0.0,0.0,0.11659192825112108,0.02242152466367713,0.11659192825112108
1484,473,381,121,481,True,False,223,223,0,0,0,0.0,0.0,0.0,0.0,0.0
1485,537,381,141,2,True,False,20,20,0,0,0,0.0,0.0,0.0,0.0,0.0
1485,538,381,141,12,True,False,20,20,0,0,0,0.0,0.0,0.0,0.0,0.0
1485,539,381,141,22,True,False,20,20,0,0,0,0.0,0.0,0.0,0.0,0.0
1485,540,381,141,74,True,True,20,20,6,6,5,0.0,0.0,0.3,0.3,0.3
1485,541,381,141,121,True,True,20,20,20,34,12,0.0,0.0,1.7,1.0,1.7
1485,542,381,141,139,True,False,20,20,0,0,0,0.0,0.0,0.0,0.0,0.0
1485,543,381,141,144,True,False,20,20,0,0,0,0.0,0.0,0.0,0.0,0.0
1485,544,381,141,156,True,True,20,20,9,12,6,0.0,0.0,0.6,0.45,0.6
1485,545,381,141,175,True,False,20,20,0,0,0,0.0,0.0,0.0,0.0,0.0
1485,546,381,141,248,True,True,20,20,19,25,11,0.0,0.0,1.25,0.95,1.25
1485,547,381,141,273,True,True,20,20,6,9,4,0.0,0.0,0.45,0.3,0.45
1486,620,381,156,12,True,True,140,140,45,96,15,0.0,0.0,0.6857142857142857,0.32142857142857145,0.6857142857142857
1486,621,381,156,22,True,False,140,140,0,0,0,0.0,0.0,0.0,0.0,0.0
1486,622,381,156,58,True,True,140,140,17,26,7,0.0,0.0,0.18571428571428572,0.12142857142857143,0.18571428571428572
1486,623,381,156,113,True,True,140,140,9,12,5,0.0,0.0,0.08571428571428572,0.06428571428571428,0.08571428571428572
1486,624,381,156,121,True,True,140,140,78,160,34,0.0,0.0,1.1428571428571428,0.5571428571428572,1.1428571428571428
1486,625,381,156,139,True,False,140,140,0,0,0,0.0,0.0,0.0,0.0,0.0
1486,626,381,156,144,True,True,140,140,1,1,1,0.0,0.0,0.007142857142857143,0.007142857142857143,0.007142857142857143
1486,627,381,156,243,True,True,140,140,1,2,1,0.0,0.0,0.014285714285714285,0.007142857142857143,0.014285714285714285
1486,628,381,156,248,True,True,140,140,8,10,6,0.0,0.0,0.07142857142857142,0.05714285714285714,0.07142857142857142
1486,629,381,156,251,True,True,140,140,15,38,8,0.0,0.0,0.2714285714285714,0.10714285714285714,0.2714285714285714
1486,630,381,156,262,True,True,140,140,2,4,1,0.0,0.0,0.02857142857142857,0.014285714285714285,0.02857142857142857
1486,631,381,156,273,True,True,140,140,4,8,4,0.0,0.0,0.05714285714285714,0.02857142857142857,0.05714285714285714
1486,632,381,156,321,True,False,140,140,0,0,0,0.0,0.0,0.0,0.0,0.0
1486,633,381,156,449,True,True,140,140,107,126,42,0.0,0.0,0.9,0.7642857142857142,0.9
1486,634,381,156,463,True,True,140,140,24,40,12,0.0,0.0,0.2857142857142857,0.17142857142857143,0.2857142857142857
1486,635,381,156,481,True,True,140,140,2,4,1,0.0,0.0,0.02857142857142857,0.014285714285714285,0.02857142857142857
1487,980,381,248,2,True,False,124,124,0,0,0,0.0,0.0,0.0,0.0,0.0
1487,981,381,248,12,True,False,124,124,0,0,0,0.0,0.0,0.0,0.0,0.0
1487,982,381,248,22,True,False,124,124,0,0,0,0.0,0.0,0.0,0.0,0.0
1487,983,381,248,121,True,True,124,124,74,141,22,0.0,0.0,1.1370967741935485,0.5967741935483871,1.1370967741935485
1487,984,381,248,139,True,True,124,124,3,6,2,0.0,0.0,0.04838709677419355,0.024193548387096774,0.04838709677419355
1487,985,381,248,144,True,True,124,124,1,2,1,0.0,0.0,0.016129032258064516,0.008064516129032258,0.016129032258064516
1487,986,381,248,169,True,False,124,124,0,0,0,0.0,0.0,0.0,0.0,0.0
1487,987,381,248,175,True,False,124,124,0,0,0,0.0,0.0,0.0,0.0,0.0
1487,988,381,248,262,True,True,124,124,7,30,2,0.0,0.0,0.24193548387096775,0.056451612903225805,0.24193548387096775
1487,989,381,248,273,True,True,124,124,5,14,4,0.0,0.0,0.11290322580645161,0.04032258064516129,0.11290322580645161
1487,990,381,248,281,True,False,124,124,0,0,0,0.0,0.0,0.0,0.0,0.0
1487,991,381,248,335,True,False,124,124,0,0,0,0.0,0.0,0.0,0.0,0.0
1487,992,381,248,383,True,False,124,124,0,0,0,0.0,0.0,0.0,0.0,0.0
1487,993,381,248,433,True,True,124,124,31,75,12,0.0,0.0,0.6048387096774194,0.25,0.6048387096774194
1487,994,381,248,455,True,False,124,124,0,0,0,0.0,0.0,0.0,0.0,0.0
1487,995,381,248,463,True,True,124,124,50,86,15,0.0,0.0,0.6935483870967742,0.4032258064516129,0.6935483870967742
1487,996,381,248,508,True,True,124,124,3,6,2,0.0,0.0,0.04838709677419355,0.024193548387096774,0.04838709677419355
1488,997,381,251,21,True,False,4,4,0,0,0,0.0,0.0,0.0,0.0,0.0
1488,998,381,251,88,True,True,4,4,1,9,1,3.0,5.0,2.25,0.25,2.25
1488,999,381,251,113,True,False,4,4,0,0,0,0.0,0.0,0.0,0.0,0.0
1488,1000,381,251,156,True,False,4,4,0,0,0,0.0,0.0,0.0,0.0,0.0
1488,1001,381,251,157,True,True,4,4,1,1,1,6.0,6.0,0.25,0.25,0.25
1488,1002,381,251,161,True,False,4,4,0,0,0,0.0,0.0,0.0,0.0,0.0
1488,1003,381,251,179,True,False,4,4,0,0,0,0.0,0.0,0.0,0.0,0.0
1488,1004,381,251,186,True,False,4,4,0,0,0,0.0,0.0,0.0,0.0,0.0
1488,1005,381,251,245,True,False,4,4,0,0,0,0.0,0.0,0.0,0.0,0.0
1488,1006,381,251,253,True,False,4,4,0,0,0,0.0,0.0,0.0,0.0,0.0
1488,1007,381,251,279,True,False,4,4,0,0,0,0.0,0.0,0.0,0.0,0.0
1488,1008,381,251,319,True,False,4,4,0,0,0,0.0,0.0,0.0,0.0,0.0
1488,1009,381,251,381,True,False,4,4,0,0,0,0.0,0.0,0.0,0.0,0.0
1488,1010,381,251,449,True,False,4,4,0,0,0,0.0,0.0,0.0,0.0,0.0
1489,1299,381,319,6,True,True,25,25,3,6,2,0.0,0.0,0.24,0.12,0.24
1489,1300,381,319,12,True,True,25,25,11,24,6,0.0,0.0,0.96,0.44,0.96
1489,1301,381,319,74,True,True,25,25,1,1,1,0.0,0.0,0.04,0.04,0.04
1489,1302,381,319,113,True,False,25,25,0,0,0,0.0,0.0,0.0,0.0,0.0
1489,1303,381,319,121,True,True,25,25,7,12,6,0.0,0.0,0.48,0.28,0.48
1489,1304,381,319,156,True,True,25,25,14,18,12,0.0,0.0,0.72,0.56,0.72
1489,1305,381,319,243,True,True,25,25,1,1,1,0.0,0.0,0.04,0.04,0.04
1489,1306,381,319,251,True,True,25,25,2,2,2,0.0,0.0,0.08,0.08,0.08
1489,1307,381,319,321,True,False,25,25,0,0,0,0.0,0.0,0.0,0.0,0.0
1489,1308,381,319,361,True,True,25,25,2,5,1,0.0,0.0,0.2,0.08,0.2
1489,1309,381,319,449,True,True,25,25,25,38,16,0.0,0.0,1.52,1.0,1.52
1489,1310,381,319,463,True,True,25,25,10,16,7,0.0,0.0,0.64,0.4,0.64
1489,1311,381,319,481,True,True,25,25,4,10,1,0.0,0.0,0.4,0.16,0.4
1490,1687,381,433,13,True,False,17,17,0,0,0,0.0,0.0,0.0,0.0,0.0
1490,1688,381,433,21,True,False,17,17,0,0,0,0.0,0.0,0.0,0.0,0.0
1490,1689,381,433,39,True,False,17,17,0,0,0,0.0,0.0,0.0,0.0,0.0
1490,1690,381,433,61,True,False,17,17,0,0,0,0.0,0.0,0.0,0.0,0.0
1490,1691,381,433,74,True,False,17,17,0,0,0,0.0,0.0,0.0,0.0,0.0
1490,1692,381,433,129,True,False,17,17,0,0,0,0.0,0.0,0.0,0.0,0.0
1490,1693,381,433,141,True,False,17,17,0,0,0,0.0,0.0,0.0,0.0,0.0
1490,1694,381,433,156,True,False,17,17,0,0,0,0.0,0.0,0.0,0.0,0.0
1490,1695,381,433,169,True,False,17,17,0,0,0,0.0,0.0,0.0,0.0,0.0
1490,1696,381,433,179,True,False,17,17,0,0,0,0.0,0.0,0.0,0.0,0.0
1490,1697,381,433,186,True,False,17,17,0,0,0,0.0,0.0,0.0,0.0,0.0
1490,1698,381,433,199,True,False,17,17,0,0,0,0.0,0.0,0.0,0.0,0.0
1490,1699,381,433,245,True,False,17,17,0,0,0,0.0,0.0,0.0,0.0,0.0
1490,1700,381,433,248,True,False,17,17,0,0,0,0.0,0.0,0.0,0.0,0.0
1490,1701,381,433,381,True,False,17,17,0,0,0,0.0,0.0,0.0,0.0,0.0
1490,1702,381,433,508,True,True,17,17,3,33,3,0.0,1.0,1.9411764705882353,0.17647058823529413,1.9411764705882353
1491,1713,381,449,6,True,True,272,272,7,18,4,0.0,0.0,0.0661764705882353,0.025735294117647058,0.0661764705882353
1491,1714,381,449,12,True,True,272,272,81,152,19,0.0,0.0,0.5588235294117647,0.2977941176470588,0.5588235294117647
1491,1715,381,449,58,True,True,272,272,60,144,18,0.0,0.0,0.5294117647058824,0.22058823529411764,0.5294117647058824
1491,1716,381,449,113,True,True,272,272,13,33,6,0.0,0.0,0.1213235294117647,0.04779411764705882,0.1213235294117647
1491,1717,381,449,121,True,True,272,272,91,163,34,0.0,0.0,0.5992647058823529,0.33455882352941174,0.5992647058823529
1491,1718,381,449,217,True,False,272,272,0,0,0,0.0,0.0,0.0,0.0,0.0
1491,1719,381,449,243,True,True,272,272,3,6,2,0.0,0.0,0.022058823529411766,0.011029411764705883,0.022058823529411766
1491,1720,381,449,251,True,True,272,272,17,46,9,0.0,0.0,0.16911764705882354,0.0625,0.16911764705882354
1491,1721,381,449,262,True,True,272,272,4,22,1,0.0,0.0,0.08088235294117647,0.014705882352941176,0.08088235294117647
1491,1722,381,449,321,True,False,272,272,0,0,0,0.0,0.0,0.0,0.0,0.0
1491,1723,381,449,361,True,True,272,272,6,24,2,0.0,0.0,0.08823529411764706,0.022058823529411766,0.08823529411764706
1491,1724,381,449,463,True,True,272,272,113,212,30,0.0,0.0,0.7794117647058824,0.41544117647058826,0.7794117647058824
1491,1725,381,449,481,True,True,272,272,10,27,3,0.0,0.0,0.09926470588235294,0.03676470588235294,0.09926470588235294
1492,1755,381,463,6,True,True,168,168,11,30,4,0.0,0.0,0.17857142857142858,0.06547619047619048,0.17857142857142858
1492,1756,381,463,58,True,True,168,168,57,148,17,0.0,0.0,0.8809523809523809,0.3392857142857143,0.8809523809523809
1492,1757,381,463,117,True,False,168,168,0,0,0,0.0,0.0,0.0,0.0,0.0
1492,1758,381,463,169,True,False,168,168,0,0,0,0.0,0.0,0.0,0.0,0.0
1492,1759,381,463,199,True,False,168,168,0,0,0,0.0,0.0,0.0,0.0,0.0
1492,1760,381,463,217,True,False,168,168,0,0,0,0.0,0.0,0.0,0.0,0.0
1492,1761,381,463,243,True,True,168,168,4,17,2,0.0,0.0,0.10119047619047619,0.023809523809523808,0.10119047619047619
1492,1762,381,463,262,True,True,168,168,7,33,2,0.0,0.0,0.19642857142857142,0.041666666666666664,0.19642857142857142
1492,1763,381,463,281,True,False,168,168,0,0,0,0.0,0.0,0.0,0.0,0.0
1492,1764,381,463,335,True,False,168,168,0,0,0,0.0,0.0,0.0,0.0,0.0
1492,1765,381,463,361,True,True,168,168,3,8,2,0.0,0.0,0.047619047619047616,0.017857142857142856,0.047619047619047616
1492,1766,381,463,383,True,False,168,168,0,0,0,0.0,0.0,0.0,0.0,0.0
1492,1767,381,463,433,True,True,168,168,48,191,12,0.0,0.0,1.1369047619047619,0.2857142857142857,1.1369047619047619
1492,1768,381,463,455,True,False,168,168,0,0,0,0.0,0.0,0.0,0.0,0.0
1492,1769,381,463,508,True,True,168,168,5,16,3,0.0,0.0,0.09523809523809523,0.02976190476190476,0.09523809523809523
1493,69,382,10,109,True,False,140,140,0,0,0,0.0,0.0,0.0,0.0,0.0
1493,70,382,10,112,True,False,140,140,0,0,0,0.0,0.0,0.0,0.0,0.0
1493,71,382,10,117,True,False,140,140,0,0,0,0.0,0.0,0.0,0.0,0.0
1493,72,382,10,173,True,False,140,140,0,0,0,0.0,0.0,0.0,0.0,0.0
1493,73,382,10,238,True,True,140,140,15,55,1,0.0,1.0,0.39285714285714285,0.10714285714285714,0.39285714285714285
1493,74,382,10,268,True,False,140,140,0,0,0,0.0,0.0,0.0,0.0,0.0
1493,75,382,10,281,True,True,140,140,3,3,1,1.0,2.0,0.02142857142857143,0.02142857142857143,0.02142857142857143
1493,76,382,10,294,True,True,140,140,39,495,5,0.0,6.0,3.5357142857142856,0.2785714285714286,3.5357142857142856
1493,77,382,10,324,True,True,140,140,7,91,2,0.0,4.0,0.65,0.05,0.65
1493,78,382,10,378,True,False,140,140,0,0,0,0.0,0.0,0.0,0.0,0.0
1493,79,382,10,387,True,True,140,140,42,439,4,0.0,4.0,3.1357142857142857,0.3,3.1357142857142857
1493,80,382,10,462,True,False,140,140,0,0,0,0.0,0.0,0.0,0.0,0.0
1493,81,382,10,497,True,False,140,140,0,0,0,0.0,0.0,0.0,0.0,0.0
1494,183,382,30,176,True,False,30,30,0,0,0,0.0,0.0,0.0,0.0,0.0
1494,184,382,30,199,True,False,30,30,0,0,0,0.0,0.0,0.0,0.0,0.0
1494,185,382,30,238,True,True,30,30,18,201,2,0.0,2.0,6.7,0.6,6.7
1494,186,382,30,252,True,False,30,30,0,0,0,0.0,0.0,0.0,0.0,0.0
1494,187,382,30,290,True,False,30,30,0,0,0,0.0,0.0,0.0,0.0,0.0
1494,188,382,30,317,True,False,30,30,0,0,0,0.0,0.0,0.0,0.0,0.0
1494,189,382,30,383,True,False,30,30,0,0,0,0.0,0.0,0.0,0.0,0.0
1494,190,382,30,404,True,False,30,30,0,0,0,0.0,0.0,0.0,0.0,0.0
1494,191,382,30,474,True,False,30,30,0,0,0,0.0,0.0,0.0,0.0,0.0
1494,192,382,30,494,True,True,30,30,15,15,1,0.0,3.0,0.5,0.5,0.5
1495,246,382,42,8,True,False,19,19,0,0,0,0.0,0.0,0.0,0.0,0.0
1495,247,382,42,10,True,True,19,19,12,26,1,0.0,1.0,1.368421052631579,0.631578947368421,1.368421052631579
1495,248,382,42,149,True,False,19,19,0,0,0,0.0,0.0,0.0,0.0,0.0
1495,249,382,42,151,True,False,19,19,0,0,0,0.0,0.0,0.0,0.0,0.0
1495,250,382,42,258,True,False,19,19,0,0,0,0.0,0.0,0.0,0.0,0.0
1495,251,382,42,390,True,False,19,19,0,0,0,0.0,0.0,0.0,0.0,0.0
1495,252,382,42,405,True,True,19,19,3,26,1,0.0,1.0,1.368421052631579,0.15789473684210525,1.368421052631579
1495,253,382,42,415,True,False,19,19,0,0,0,0.0,0.0,0.0,0.0,0.0
1496,605,382,151,8,True,False,38,38,0,0,0,0.0,0.0,0.0,0.0,0.0
1496,606,382,151,10,True,True,38,38,18,107,2,0.0,1.0,2.8157894736842106,0.47368421052631576,2.8157894736842106
1496,607,382,151,22,True,False,38,38,0,0,0,0.0,0.0,0.0,0.0,0.0
1496,608,382,151,79,True,False,38,38,0,0,0,0.0,0.0,0.0,0.0,0.0
1496,609,382,151,80,True,False,38,38,0,0,0,0.0,0.0,0.0,0.0,0.0
1496,610,382,151,117,True,True,38,38,14,79,1,0.0,2.0,2.0789473684210527,0.3684210526315789,2.0789473684210527
1496,611,382,151,149,True,False,38,38,0,0,0,0.0,0.0,0.0,0.0,0.0
1496,612,382,151,171,True,False,38,38,0,0,0,0.0,0.0,0.0,0.0,0.0
1496,613,382,151,184,True,False,38,38,0,0,0,0.0,0.0,0.0,0.0,0.0
1496,614,382,151,230,True,False,38,38,0,0,0,0.0,0.0,0.0,0.0,0.0
1496,615,382,151,258,True,False,38,38,0,0,0,0.0,0.0,0.0,0.0,0.0
1496,616,382,151,268,True,False,38,38,0,0,0,0.0,0.0,0.0,0.0,0.0
1496,617,382,151,311,True,False,38,38,0,0,0,0.0,0.0,0.0,0.0,0.0
1496,618,382,151,390,True,False,38,38,0,0,0,0.0,0.0,0.0,0.0,0.0
1496,619,382,151,494,True,True,38,38,20,134,2,0.0,1.0,3.526315789473684,0.5263157894736842,3.526315789473684
1497,932,382,238,10,True,True,556,556,240,2203,14,0.0,3.0,3.962230215827338,0.4316546762589928,3.962230215827338
1497,933,382,238,80,True,False,556,556,0,0,0,0.0,0.0,0.0,0.0,0.0
1497,934,382,238,117,True,True,556,556,170,1082,11,0.0,4.0,1.9460431654676258,0.3057553956834532,1.9460431654676258
1497,935,382,238,149,True,True,556,556,15,29,1,0.0,2.0,0.052158273381294966,0.02697841726618705,0.052158273381294966
1497,936,382,238,199,True,True,556,556,12,175,1,0.0,3.0,0.3147482014388489,0.02158273381294964,0.3147482014388489
1497,937,382,238,294,True,True,556,556,177,1342,12,0.0,2.0,2.4136690647482015,0.3183453237410072,2.4136690647482015
1497,938,382,238,317,True,True,556,556,1,12,1,1.0,3.5,0.02158273381294964,0.0017985611510791368,0.02158273381294964
1497,939,382,238,387,True,True,556,556,76,375,6,0.0,1.0,0.6744604316546763,0.1366906474820144,0.6744604316546763
1497,940,382,238,404,True,True,556,556,40,170,4,0.0,1.0,0.3057553956834532,0.07194244604316546,0.3057553956834532
1497,941,382,238,494,True,True,556,556,15,175,1,0.0,3.0,0.3147482014388489,0.02697841726618705,0.3147482014388489
1498,1184,382,294,21,True,True,18,18,1,1,1,10.0,10.0,0.05555555555555555,0.05555555555555555,0.05555555555555555
1498,1185,382,294,22,True,False,18,18,0,0,0,0.0,0.0,0.0,0.0,0.0
1498,1186,382,294,61,True,True,18,18,5,6,3,8.0,10.0,0.3333333333333333,0.2777777777777778,0.3333333333333333
1498,1187,382,294,117,True,True,18,18,9,77,5,0.0,2.0,4.277777777777778,0.5,4.277777777777778
1498,1188,382,294,141,True,False,18,18,0,0,0,0.0,0.0,0.0,0.0,0.0
1498,1189,382,294,169,True,False,18,18,0,0,0,0.0,0.0,0.0,0.0,0.0
1498,1190,382,294,175,True,False,18,18,0,0,0,0.0,0.0,0.0,0.0,0.0
1498,1191,382,294,179,True,False,18,18,0,0,0,0.0,0.0,0.0,0.0,0.0
1498,1192,382,294,186,True,False,18,18,0,0,0,0.0,0.0,0.0,0.0,0.0
1498,1193,382,294,281,True,True,18,18,5,63,3,4.0,8.0,3.5,0.2777777777777778,3.5
1498,1194,382,294,313,True,False,18,18,0,0,0,0.0,0.0,0.0,0.0,0.0
1498,1195,382,294,433,True,False,18,18,0,0,0,0.0,0.0,0.0,0.0,0.0
1498,1196,382,294,455,True,False,18,18,0,0,0,0.0,0.0,0.0,0.0,0.0
1499,1323,382,324,16,True,False,7,7,0,0,0,0.0,0.0,0.0,0.0,0.0
1499,1324,382,324,26,True,False,7,7,0,0,0,0.0,0.0,0.0,0.0,0.0
1499,1325,382,324,112,True,False,7,7,0,0,0,0.0,0.0,0.0,0.0,0.0
1499,1326,382,324,213,True,False,7,7,0,0,0,0.0,0.0,0.0,0.0,0.0
1499,1327,382,324,378,True,False,7,7,0,0,0,0.0,0.0,0.0,0.0,0.0
1499,1328,382,324,382,True,True,7,7,7,43,2,0.0,0.0,6.142857142857143,1.0,6.142857142857143
1499,1329,382,324,497,True,False,7,7,0,0,0,0.0,0.0,0.0,0.0,0.0
1500,1471,382,378,26,True,False,14,14,0,0,0,0.0,0.0,0.0,0.0,0.0
1500,1472,382,378,46,True,False,14,14,0,0,0,0.0,0.0,0.0,0.0,0.0
1500,1473,382,378,112,True,False,14,14,0,0,0,0.0,0.0,0.0,0.0,0.0
1500,1474,382,378,213,True,False,14,14,0,0,0,0.0,0.0,0.0,0.0,0.0
1500,1475,382,378,238,True,True,14,14,14,66,2,0.0,0.0,4.714285714285714,1.0,4.714285714285714
1500,1476,382,378,294,True,False,14,14,0,0,0,0.0,0.0,0.0,0.0,0.0
1500,1477,382,378,324,True,False,14,14,0,0,0,0.0,0.0,0.0,0.0,0.0
1500,1478,382,378,382,True,True,14,14,3,5,1,0.0,0.0,0.35714285714285715,0.21428571428571427,0.35714285714285715
1500,1479,382,378,462,True,False,14,14,0,0,0,0.0,0.0,0.0,0.0,0.0
1501,1534,382,387,6,True,False,189,189,0,0,0,0.0,0.0,0.0,0.0,0.0
1501,1535,382,387,10,True,True,189,189,91,841,8,0.0,3.0,4.449735449735449,0.48148148148148145,4.449735449735449
1501,1536,382,387,117,True,True,189,189,47,356,5,0.0,4.0,1.8835978835978835,0.24867724867724866,1.8835978835978835
1501,1537,382,387,175,True,False,189,189,0,0,0,0.0,0.0,0.0,0.0,0.0
1501,1538,382,387,281,True,True,189,189,45,308,5,0.0,9.0,1.6296296296296295,0.23809523809523808,1.6296296296296295
1501,1539,382,387,294,True,True,189,189,13,36,2,0.0,1.0,0.19047619047619047,0.06878306878306878,0.19047619047619047
1501,1540,382,387,309,True,False,189,189,0,0,0,0.0,0.0,0.0,0.0,0.0
1501,1541,382,387,383,True,False,189,189,0,0,0,0.0,0.0,0.0,0.0,0.0
1501,1542,382,387,455,True,False,189,189,0,0,0,0.0,0.0,0.0,0.0,0.0
1502,1598,382,404,10,True,True,33,33,28,193,3,0.0,1.0,5.848484848484849,0.8484848484848485,5.848484848484849
1502,1599,382,404,39,True,False,33,33,0,0,0,0.0,0.0,0.0,0.0,0.0
1502,1600,382,404,84,True,False,33,33,0,0,0,0.0,0.0,0.0,0.0,0.0
1502,1601,382,404,115,True,False,33,33,0,0,0,0.0,0.0,0.0,0.0,0.0
1502,1602,382,404,117,True,True,33,33,5,21,1,0.0,0.0,0.6363636363636364,0.15151515151515152,0.6363636363636364
1502,1603,382,404,169,True,False,33,33,0,0,0,0.0,0.0,0.0,0.0,0.0
1502,1604,382,404,199,True,False,33,33,0,0,0,0.0,0.0,0.0,0.0,0.0
1502,1605,382,404,217,True,False,33,33,0,0,0,0.0,0.0,0.0,0.0,0.0
1502,1606,382,404,262,True,False,33,33,0,0,0,0.0,0.0,0.0,0.0,0.0
1502,1607,382,404,294,True,False,33,33,0,0,0,0.0,0.0,0.0,0.0,0.0
1502,1608,382,404,309,True,False,33,33,0,0,0,0.0,0.0,0.0,0.0,0.0
1502,1609,382,404,316,True,False,33,33,0,0,0,0.0,0.0,0.0,0.0,0.0
1502,1610,382,404,317,True,False,33,33,0,0,0,0.0,0.0,0.0,0.0,0.0
1502,1611,382,404,383,True,False,33,33,0,0,0,0.0,0.0,0.0,0.0,0.0
1502,1612,382,404,385,True,False,33,33,0,0,0,0.0,0.0,0.0,0.0,0.0
1502,1613,382,404,387,True,True,33,33,20,151,2,0.0,2.0,4.575757575757576,0.6060606060606061,4.575757575757576
1502,1614,382,404,389,True,False,33,33,0,0,0,0.0,0.0,0.0,0.0,0.0
1502,1615,382,404,433,True,False,33,33,0,0,0,0.0,0.0,0.0,0.0,0.0
1502,1616,382,404,474,True,False,33,33,0,0,0,0.0,0.0,0.0,0.0,0.0
1502,1617,382,404,494,True,False,33,33,0,0,0,0.0,0.0,0.0,0.0,0.0
1503,1618,382,405,10,True,False,15,15,0,0,0,0.0,0.0,0.0,0.0,0.0
1503,1619,382,405,80,True,False,15,15,0,0,0,0.0,0.0,0.0,0.0,0.0
1503,1620,382,405,100,True,False,15,15,0,0,0,0.0,0.0,0.0,0.0,0.0
1503,1621,382,405,117,True,True,15,15,14,41,1,0.0,2.0,2.7333333333333334,0.9333333333333333,2.7333333333333334
1503,1622,382,405,258,True,False,15,15,0,0,0,0.0,0.0,0.0,0.0,0.0
1503,1623,382,405,311,True,False,15,15,0,0,0,0.0,0.0,0.0,0.0,0.0
1503,1624,382,405,315,True,False,15,15,0,0,0,0.0,0.0,0.0,0.0,0.0
1503,1625,382,405,390,True,True,15,15,1,5,1,2.0,4.0,0.3333333333333333,0.06666666666666667,0.3333333333333333
1503,1626,382,405,404,True,False,15,15,0,0,0,0.0,0.0,0.0,0.0,0.0
1503,1627,382,405,485,True,False,15,15,0,0,0,0.0,0.0,0.0,0.0,0.0
1504,1651,382,415,7,True,False,60,60,0,0,0,0.0,0.0,0.0,0.0,0.0
1504,1652,382,415,80,True,False,60,60,0,0,0,0.0,0.0,0.0,0.0,0.0
1504,1653,382,415,117,True,True,60,60,26,87,2,0.0,1.0,1.45,0.43333333333333335,1.45
1504,1654,382,415,133,True,False,60,60,0,0,0,0.0,0.0,0.0,0.0,0.0
1504,1655,382,415,149,True,False,60,60,0,0,0,0.0,0.0,0.0,0.0,0.0
1504,1656,382,415,151,True,False,60,60,0,0,0,0.0,0.0,0.0,0.0,0.0
1504,1657,382,415,175,True,False,60,60,0,0,0,0.0,0.0,0.0,0.0,0.0
1504,1658,382,415,196,True,False,60,60,0,0,0,0.0,0.0,0.0,0.0,0.0
1504,1659,382,415,258,True,False,60,60,0,0,0,0.0,0.0,0.0,0.0,0.0
1504,1660,382,415,263,True,False,60,60,0,0,0,0.0,0.0,0.0,0.0,0.0
1504,1661,382,415,268,True,False,60,60,0,0,0,0.0,0.0,0.0,0.0,0.0
1504,1662,382,415,311,True,False,60,60,0,0,0,0.0,0.0,0.0,0.0,0.0
1504,1663,382,415,315,True,False,60,60,0,0,0,0.0,0.0,0.0,0.0,0.0
1504,1664,382,415,387,True,True,60,60,40,136,3,0.0,1.0,2.2666666666666666,0.6666666666666666,2.2666666666666666
1504,1665,382,415,390,True,True,60,60,5,15,1,0.0,3.0,0.25,0.08333333333333333,0.25
1504,1666,382,415,509,True,False,60,60,0,0,0,0.0,0.0,0.0,0.0,0.0
1505,117,383,21,12,True,False,19,19,0,0,0,0.0,0.0,0.0,0.0,0.0
1505,118,383,21,31,True,False,19,19,0,0,0,0.0,0.0,0.0,0.0,0.0
1505,119,383,21,74,True,False,19,19,0,0,0,0.0,0.0,0.0,0.0,0.0
1505,120,383,21,121,True,True,19,19,7,7,5,0.0,0.0,0.3684210526315789,0.3684210526315789,0.3684210526315789
1505,121,383,21,141,True,True,19,19,19,48,8,0.0,0.0,2.526315789473684,1.0,2.526315789473684
1505,122,383,21,156,True,True,19,19,15,15,6,0.0,0.0,0.7894736842105263,0.7894736842105263,0.7894736842105263
1505,123,383,21,186,True,False,19,19,0,0,0,0.0,0.0,0.0,0.0,0.0
1505,124,383,21,248,True,True,19,19,19,20,8,0.0,0.0,1.0526315789473684,1.0,1.0526315789473684
1505,125,383,21,319,True,False,19,19,0,0,0,0.0,0.0,0.0,0.0,0.0
1505,126,383,21,381,True,True,19,19,5,5,1,0.0,0.0,0.2631578947368421,0.2631578947368421,0.2631578947368421
1505,127,383,21,449,True,False,19,19,0,0,0,0.0,0.0,0.0,0.0,0.0
1505,128,383,21,463,True,False,19,19,0,0,0,0.0,0.0,0.0,0.0,0.0
1506,232,383,39,117,True,False,95,95,0,0,0,0.0,0.0,0.0,0.0,0.0
1506,233,383,39,169,True,True,95,95,12,140,2,0.0,2.0,1.4736842105263157,0.12631578947368421,1.4736842105263157
1506,234,383,39,176,True,True,95,95,42,155,3,0.0,2.0,1.631578947368421,0.4421052631578947,1.631578947368421
1506,235,383,39,199,True,True,95,95,42,450,4,0.0,2.0,4.7368421052631575,0.4421052631578947,4.7368421052631575
1506,236,383,39,252,True,True,95,95,3,26,1,0.0,1.0,0.2736842105263158,0.031578947368421054,0.2736842105263158
1506,237,383,39,294,True,False,95,95,0,0,0,0.0,0.0,0.0,0.0,0.0
1506,238,383,39,317,True,True,95,95,8,56,1,0.0,0.0,0.5894736842105263,0.08421052631578947,0.5894736842105263
1506,239,383,39,371,True,False,95,95,0,0,0,0.0,0.0,0.0,0.0,0.0
1506,240,383,39,383,True,True,95,95,8,44,3,0.0,0.0,0.4631578947368421,0.08421052631578947,0.4631578947368421
1506,241,383,39,404,True,False,95,95,0,0,0,0.0,0.0,0.0,0.0,0.0
1506,242,383,39,455,True,False,95,95,0,0,0,0.0,0.0,0.0,0.0,0.0
1506,243,383,39,494,True,False,95,95,0,0,0,0.0,0.0,0.0,0.0,0.0
1506,244,383,39,508,True,True,95,95,14,112,1,0.0,2.0,1.1789473684210525,0.14736842105263157,1.1789473684210525
1507,293,383,61,12,True,False,34,34,0,0,0,0.0,0.0,0.0,0.0,0.0
1507,294,383,61,21,True,True,34,34,12,12,5,0.0,0.0,0.35294117647058826,0.35294117647058826,0.35294117647058826
1507,295,383,61,31,True,True,34,34,3,6,2,0.0,0.0,0.17647058823529413,0.08823529411764706,0.17647058823529413
1507,296,383,61,74,True,True,34,34,3,4,2,0.0,0.0,0.11764705882352941,0.08823529411764706,0.11764705882352941
1507,297,383,61,121,True,True,34,34,2,2,2,0.0,0.0,0.058823529411764705,0.058823529411764705,0.058823529411764705
1507,298,383,61,141,True,True,34,34,31,81,13,0.0,0.0,2.3823529411764706,0.9117647058823529,2.3823529411764706
1507,299,383,61,156,True,True,34,34,21,21,8,0.0,0.0,0.6176470588235294,0.6176470588235294,0.6176470588235294
1507,300,383,61,186,True,True,34,34,17,19,6,0.0,0.0,0.5588235294117647,0.5,0.5588235294117647
1507,301,383,61,248,True,True,34,34,20,20,10,0.0,0.0,0.5882352941176471,0.5882352941176471,0.5882352941176471
1507,302,383,61,381,True,False,34,34,0,0,0,0.0,0.0,0.0,0.0,0.0
1507,303,383,61,463,True,False,34,34,0,0,0,0.0,0.0,0.0,0.0,0.0
1508,489,383,129,13,True,True,57,57,38,91,15,0.0,1.0,1.5964912280701755,0.6666666666666666,1.5964912280701755
1508,490,383,129,34,True,True,57,57,57,200,20,0.0,1.0,3.508771929824561,1.0,3.508771929824561
1508,491,383,129,58,True,True,57,57,3,3,1,0.0,1.0,0.05263157894736842,0.05263157894736842,0.05263157894736842
1508,492,383,129,169,True,False,57,57,0,0,0,0.0,0.0,0.0,0.0,0.0
1508,493,383,129,217,True,True,57,57,6,11,1,0.0,1.0,0.19298245614035087,0.10526315789473684,0.19298245614035087
1508,494,383,129,243,True,True,57,57,50,77,17,0.0,1.0,1.3508771929824561,0.8771929824561403,1.3508771929824561
1508,495,383,129,256,True,False,57,57,0,0,0,0.0,0.0,0.0,0.0,0.0
1508,496,383,129,262,True,False,57,57,0,0,0,0.0,0.0,0.0,0.0,0.0
1508,497,383,129,433,True,False,57,57,0,0,0,0.0,0.0,0.0,0.0,0.0
1508,498,383,129,455,True,False,57,57,0,0,0,0.0,0.0,0.0,0.0,0.0
1508,499,383,129,472,True,True,57,57,52,165,17,0.0,1.0,2.8947368421052633,0.9122807017543859,2.8947368421052633
1509,537,383,141,2,True,False,27,27,0,0,0,0.0,0.0,0.0,0.0,0.0
1509,538,383,141,12,True,False,27,27,0,0,0,0.0,0.0,0.0,0.0,0.0
1509,539,383,141,22,True,False,27,27,0,0,0,0.0,0.0,0.0,0.0,0.0
1509,540,383,141,74,True,False,27,27,0,0,0,0.0,0.0,0.0,0.0,0.0
1509,541,383,141,121,True,True,27,27,27,79,7,0.0,1.0,2.925925925925926,1.0,2.925925925925926
1509,542,383,141,139,True,True,27,27,3,3,1,2.0,3.0,0.1111111111111111,0.1111111111111111,0.1111111111111111
1509,543,383,141,144,True,False,27,27,0,0,0,0.0,0.0,0.0,0.0,0.0
1509,544,383,141,156,True,True,27,27,24,48,6,0.0,0.5,1.7777777777777777,0.8888888888888888,1.7777777777777777
1509,545,383,141,175,True,False,27,27,0,0,0,0.0,0.0,0.0,0.0,0.0
1509,546,383,141,248,True,True,27,27,27,59,7,0.0,1.0,2.185185185185185,1.0,2.185185185185185
1509,547,383,141,273,True,True,27,27,27,61,7,0.0,1.0,2.259259259259259,1.0,2.259259259259259
1510,703,383,169,13,True,True,480,480,33,33,4,0.0,1.0,0.06875,0.06875,0.06875
1510,704,383,169,21,True,True,480,480,136,367,11,0.0,1.0,0.7645833333333333,0.2833333333333333,0.7645833333333333
1510,705,383,169,39,True,False,480,480,0,0,0,0.0,0.0,0.0,0.0,0.0
1510,706,383,169,61,True,True,480,480,196,582,15,0.0,1.0,1.2125,0.4083333333333333,1.2125
1510,707,383,169,129,True,True,480,480,210,992,19,0.0,1.0,2.066666666666667,0.4375,2.066666666666667
1510,708,383,169,139,True,False,480,480,0,0,0,0.0,0.0,0.0,0.0,0.0
1510,709,383,169,141,True,True,480,480,268,1059,19,0.0,1.0,2.20625,0.5583333333333333,2.20625
1510,710,383,169,156,True,True,480,480,133,145,10,0.0,1.0,0.3020833333333333,0.27708333333333335,0.3020833333333333
1510,711,383,169,179,True,True,480,480,39,93,5,0.0,1.0,0.19375,0.08125,0.19375
1510,712,383,169,186,True,True,480,480,70,200,6,0.0,1.0,0.4166666666666667,0.14583333333333334,0.4166666666666667
1510,713,383,169,199,True,False,480,480,0,0,0,0.0,0.0,0.0,0.0,0.0
1510,714,383,169,248,True,True,480,480,58,58,4,0.0,3.0,0.12083333333333333,0.12083333333333333,0.12083333333333333
1510,715,383,169,383,True,True,480,480,6,6,2,0.0,0.0,0.0125,0.0125,0.0125
1510,716,383,169,433,True,False,480,480,0,0,0,0.0,0.0,0.0,0.0,0.0
1510,717,383,169,455,True,True,480,480,9,15,2,0.0,0.0,0.03125,0.01875,0.03125
1510,718,383,169,508,True,True,480,480,2,14,1,0.0,0.0,0.029166666666666667,0.004166666666666667,0.029166666666666667
1511,780,383,179,13,True,True,38,38,32,40,12,0.0,0.0,1.0526315789473684,0.8421052631578947,1.0526315789473684
1511,781,383,179,34,True,True,38,38,7,7,2,0.0,0.0,0.18421052631578946,0.18421052631578946,0.18421052631578946
1511,782,383,179,43,True,True,38,38,2,4,1,0.0,0.0,0.10526315789473684,0.05263157894736842,0.10526315789473684
1511,783,383,179,129,True,True,38,38,33,82,11,0.0,0.0,2.1578947368421053,0.868421052631579,2.1578947368421053
1511,784,383,179,245,True,False,38,38,0,0,0,0.0,0.0,0.0,0.0,0.0
1511,785,383,179,253,True,False,38,38,0,0,0,0.0,0.0,0.0,0.0,0.0
1511,786,383,179,256,True,False,38,38,0,0,0,0.0,0.0,0.0,0.0,0.0
1511,787,383,179,313,True,True,38,38,3,10,2,0.0,0.0,0.2631578947368421,0.07894736842105263,0.2631578947368421
1511,788,383,179,353,True,False,38,38,0,0,0,0.0,0.0,0.0,0.0,0.0
1511,789,383,179,472,True,True,38,38,31,35,11,0.0,0.0,0.9210526315789473,0.8157894736842105,0.9210526315789473
1511,790,383,179,488,True,False,38,38,0,0,0,0.0,0.0,0.0,0.0,0.0
1512,808,383,186,12,True,False,11,11,0,0,0,0.0,0.0,0.0,0.0,0.0
1512,809,383,186,21,True,False,11,11,0,0,0,0.0,0.0,0.0,0.0,0.0
1512,810,383,186,31,True,True,11,11,1,4,1,0.0,0.5,0.36363636363636365,0.09090909090909091,0.36363636363636365
1512,811,383,186,74,True,True,11,11,1,2,1,0.0,0.5,0.18181818181818182,0.09090909090909091,0.18181818181818182
1512,812,383,186,121,True,True,11,11,5,5,2,0.0,0.0,0.45454545454545453,0.45454545454545453,0.45454545454545453
1512,813,383,186,141,True,True,11,11,10,26,4,0.0,0.0,2.3636363636363638,0.9090909090909091,2.3636363636363638
1512,814,383,186,156,True,True,11,11,8,8,2,0.0,0.0,0.7272727272727273,0.7272727272727273,0.7272727272727273
1512,815,383,186,248,True,True,11,11,11,14,5,0.0,0.0,1.2727272727272727,1.0,1.2727272727272727
1512,816,383,186,319,True,False,11,11,0,0,0,0.0,0.0,0.0,0.0,0.0
1512,817,383,186,381,True,False,11,11,0,0,0,0.0,0.0,0.0,0.0,0.0
1512,818,383,186,449,True,False,11,11,0,0,0,0.0,0.0,0.0,0.0,0.0
1512,819,383,186,463,True,False,11,11,0,0,0,0.0,0.0,0.0,0.0,0.0
1513,1127,383,273,21,True,True,58,58,38,111,3,0.0,1.0,1.9137931034482758,0.6551724137931034,1.9137931034482758
1513,1128,383,273,22,True,False,58,58,0,0,0,0.0,0.0,0.0,0.0,0.0
1513,1129,383,273,31,True,True,58,58,49,197,4,0.0,1.0,3.396551724137931,0.8448275862068966,3.396551724137931
1513,1130,383,273,43,True,True,58,58,9,28,1,0.0,0.0,0.4827586206896552,0.15517241379310345,0.4827586206896552
1513,1131,383,273,61,True,True,58,58,38,109,3,0.0,1.0,1.8793103448275863,0.6551724137931034,1.8793103448275863
1513,1132,383,273,74,True,True,58,58,24,24,2,0.0,2.0,0.41379310344827586,0.41379310344827586,0.41379310344827586
1513,1133,383,273,79,True,False,58,58,0,0,0,0.0,0.0,0.0,0.0,0.0
1513,1134,383,273,80,True,False,58,58,0,0,0,0.0,0.0,0.0,0.0,0.0
1513,1135,383,273,126,True,False,58,58,0,0,0,0.0,0.0,0.0,0.0,0.0
1513,1136,383,273,139,True,False,58,58,0,0,0,0.0,0.0,0.0,0.0,0.0
1513,1137,383,273,144,True,False,58,58,0,0,0,0.0,0.0,0.0,0.0,0.0
1513,1138,383,273,151,True,False,58,58,0,0,0,0.0,0.0,0.0,0.0,0.0
1513,1139,383,273,179,True,True,58,58,9,14,1,0.0,0.0,0.2413793103448276,0.15517241379310345,0.2413793103448276
1513,1140,383,273,184,True,False,58,58,0,0,0,0.0,0.0,0.0,0.0,0.0
1513,1141,383,273,186,True,True,58,58,11,46,1,0.0,1.0,0.7931034482758621,0.1896551724137931,0.7931034482758621
1513,1142,383,273,229,True,False,58,58,0,0,0,0.0,0.0,0.0,0.0,0.0
1513,1143,383,273,230,True,False,58,58,0,0,0,0.0,0.0,0.0,0.0,0.0
1513,1144,383,273,248,True,True,58,58,14,14,1,0.0,3.0,0.2413793103448276,0.2413793103448276,0.2413793103448276
1514,1153,383,281,13,True,True,24,24,12,12,1,0.0,1.0,0.5,0.5,0.5
1514,1154,383,281,21,True,True,24,24,12,26,1,0.0,1.0,1.0833333333333333,0.5,1.0833333333333333
1514,1155,383,281,61,True,False,24,24,0,0,0,0.0,0.0,0.0,0.0,0.0
1514,1156,383,281,74,True,False,24,24,0,0,0,0.0,0.0,0.0,0.0,0.0
1514,1157,383,281,117,True,False,24,24,0,0,0,0.0,0.0,0.0,0.0,0.0
1514,1158,383,281,141,True,True,24,24,12,47,1,0.0,1.0,1.9583333333333333,0.5,1.9583333333333333
1514,1159,383,281,179,True,True,24,24,12,26,1,0.0,1.0,1.0833333333333333,0.5,1.0833333333333333
1514,1160,383,281,186,True,False,24,24,0,0,0,0.0,0.0,0.0,0.0,0.0
1514,1161,383,281,199,True,False,24,24,0,0,0,0.0,0.0,0.0,0.0,0.0
1514,1162,383,281,313,True,True,24,24,12,47,1,0.0,1.0,1.9583333333333333,0.5,1.9583333333333333
1514,1163,383,281,387,True,False,24,24,0,0,0,0.0,0.0,0.0,0.0,0.0
1515,1252,383,313,6,True,False,4,4,0,0,0,0.0,0.0,0.0,0.0,0.0
1515,1253,383,313,13,True,True,4,4,4,20,2,0.0,1.0,5.0,1.0,5.0
1515,1254,383,313,34,True,True,4,4,4,14,2,0.0,2.0,3.5,1.0,3.5
1515,1255,383,313,43,True,False,4,4,0,0,0,0.0,0.0,0.0,0.0,0.0
1515,1256,383,313,243,True,True,4,4,1,1,1,3.0,3.0,0.25,0.25,0.25
1515,1257,383,313,256,True,False,4,4,0,0,0,0.0,0.0,0.0,0.0,0.0
1515,1258,383,313,281,True,False,4,4,0,0,0,0.0,0.0,0.0,0.0,0.0
1515,1259,383,313,353,True,False,4,4,0,0,0,0.0,0.0,0.0,0.0,0.0
1515,1260,383,313,361,True,False,4,4,0,0,0,0.0,0.0,0.0,0.0,0.0
1515,1261,383,313,455,True,False,4,4,0,0,0,0.0,0.0,0.0,0.0,0.0
1515,1262,383,313,472,True,True,4,4,4,12,2,0.0,1.0,3.0,1.0,3.0
1516,1282,383,317,30,True,False,12,12,0,0,0,0.0,0.0,0.0,0.0,0.0
1516,1283,383,317,39,True,False,12,12,0,0,0,0.0,0.0,0.0,0.0,0.0
1516,1284,383,317,176,True,False,12,12,0,0,0,0.0,0.0,0.0,0.0,0.0
1516,1285,383,317,199,True,False,12,12,0,0,0,0.0,0.0,0.0,0.0,0.0
1516,1286,383,317,238,True,False,12,12,0,0,0,0.0,0.0,0.0,0.0,0.0
1516,1287,383,317,252,True,False,12,12,0,0,0,0.0,0.0,0.0,0.0,0.0
1516,1288,383,317,294,True,False,12,12,0,0,0,0.0,0.0,0.0,0.0,0.0
1516,1289,383,317,371,True,False,12,12,0,0,0,0.0,0.0,0.0,0.0,0.0
1516,1290,383,317,383,True,False,12,12,0,0,0,0.0,0.0,0.0,0.0,0.0
1516,1291,383,317,387,True,False,12,12,0,0,0,0.0,0.0,0.0,0.0,0.0
1516,1292,383,317,404,True,False,12,12,0,0,0,0.0,0.0,0.0,0.0,0.0
1516,1293,383,317,455,True,True,12,12,3,26,1,0.0,1.0,2.1666666666666665,0.25,2.1666666666666665
1516,1294,383,317,462,True,True,12,12,6,90,1,4.0,8.0,7.5,0.5,7.5
1516,1295,383,317,494,True,False,12,12,0,0,0,0.0,0.0,0.0,0.0,0.0
1517,1350,383,335,21,True,False,37,37,0,0,0,0.0,0.0,0.0,0.0,0.0
1517,1351,383,335,61,True,True,37,37,28,80,2,0.0,1.0,2.1621621621621623,0.7567567567567568,2.1621621621621623
1517,1352,383,335,141,True,True,37,37,28,115,2,0.0,2.0,3.108108108108108,0.7567567567567568,3.108108108108108
1517,1353,383,335,156,True,False,37,37,0,0,0,0.0,0.0,0.0,0.0,0.0
1517,1354,383,335,179,True,False,37,37,0,0,0,0.0,0.0,0.0,0.0,0.0
1517,1355,383,335,186,True,True,37,37,14,35,1,0.0,1.0,0.9459459459459459,0.3783783783783784,0.9459459459459459
1517,1356,383,335,248,True,False,37,37,0,0,0,0.0,0.0,0.0,0.0,0.0
1517,1357,383,335,488,True,True,37,37,9,37,1,0.0,0.0,1.0,0.24324324324324326,1.0
1517,1358,383,335,508,True,False,37,37,0,0,0,0.0,0.0,0.0,0.0,0.0
1518,1687,383,433,13,True,True,21,21,12,12,2,0.0,0.0,0.5714285714285714,0.5714285714285714,0.5714285714285714
1518,1688,383,433,21,True,False,21,21,0,0,0,0.0,0.0,0.0,0.0,0.0
1518,1689,383,433,39,True,False,21,21,0,0,0,0.0,0.0,0.0,0.0,0.0
1518,1690,383,433,61,True,False,21,21,0,0,0,0.0,0.0,0.0,0.0,0.0
1518,1691,383,433,74,True,False,21,21,0,0,0,0.0,0.0,0.0,0.0,0.0
1518,1692,383,433,129,True,True,21,21,16,46,3,0.0,0.0,2.1904761904761907,0.7619047619047619,2.1904761904761907
1518,1693,383,433,141,True,False,21,21,0,0,0,0.0,0.0,0.0,0.0,0.0
1518,1694,383,433,156,True,False,21,21,0,0,0,0.0,0.0,0.0,0.0,0.0
1518,1695,383,433,169,True,False,21,21,0,0,0,0.0,0.0,0.0,0.0,0.0
1518,1696,383,433,179,True,True,21,21,12,21,3,0.0,0.0,1.0,0.5714285714285714,1.0
1518,1697,383,433,186,True,False,21,21,0,0,0,0.0,0.0,0.0,0.0,0.0
1518,1698,383,433,199,True,False,21,21,0,0,0,0.0,0.0,0.0,0.0,0.0
1518,1699,383,433,245,True,True,21,21,5,26,1,0.0,2.0,1.2380952380952381,0.23809523809523808,1.2380952380952381
1518,1700,383,433,248,True,False,21,21,0,0,0,0.0,0.0,0.0,0.0,0.0
1518,1701,383,433,381,True,False,21,21,0,0,0,0.0,0.0,0.0,0.0,0.0
1518,1702,383,433,508,True,False,21,21,0,0,0,0.0,0.0,0.0,0.0,0.0
1519,1726,383,455,13,True,True,88,88,9,9,2,0.0,0.0,0.10227272727272728,0.10227272727272728,0.10227272727272728
1519,1727,383,455,21,True,True,88,88,26,85,3,0.0,2.0,0.9659090909090909,0.29545454545454547,0.9659090909090909
1519,1728,383,455,39,True,False,88,88,0,0,0,0.0,0.0,0.0,0.0,0.0
1519,1729,383,455,61,True,True,88,88,28,109,3,0.0,6.0,1.2386363636363635,0.3181818181818182,1.2386363636363635
1519,1730,383,455,74,True,False,88,88,0,0,0,0.0,0.0,0.0,0.0,0.0
1519,1731,383,455,117,True,False,88,88,0,0,0,0.0,0.0,0.0,0.0,0.0
1519,1732,383,455,129,True,True,88,88,28,70,5,0.0,0.0,0.7954545454545454,0.3181818181818182,0.7954545454545454
1519,1733,383,455,141,True,True,88,88,38,138,5,0.0,4.0,1.5681818181818181,0.4318181818181818,1.5681818181818181
1519,1734,383,455,169,True,False,88,88,0,0,0,0.0,0.0,0.0,0.0,0.0
1519,1735,383,455,179,True,True,88,88,35,54,5,0.0,0.0,0.6136363636363636,0.3977272727272727,0.6136363636363636
1519,1736,383,455,186,True,True,88,88,15,34,1,6.0,9.0,0.38636363636363635,0.17045454545454544,0.38636363636363635
1519,1737,383,455,199,True,False,88,88,0,0,0,0.0,0.0,0.0,0.0,0.0
1519,1738,383,455,248,True,True,88,88,13,13,1,0.0,2.0,0.14772727272727273,0.14772727272727273,0.14772727272727273
1519,1739,383,455,281,True,False,88,88,0,0,0,0.0,0.0,0.0,0.0,0.0
1519,1740,383,455,313,True,True,88,88,17,100,2,0.0,1.0,1.1363636363636365,0.19318181818181818,1.1363636363636365
1519,1741,383,455,317,True,False,88,88,0,0,0,0.0,0.0,0.0,0.0,0.0
1519,1742,383,455,383,True,False,88,88,0,0,0,0.0,0.0,0.0,0.0,0.0
1519,1743,383,455,508,True,False,88,88,0,0,0,0.0,0.0,0.0,0.0,0.0
1520,1872,383,508,39,True,True,9,9,6,27,2,0.0,2.0,3.0,0.6666666666666666,3.0
1520,1873,383,508,84,True,False,9,9,0,0,0,0.0,0.0,0.0,0.0,0.0
1520,1874,383,508,115,True,False,9,9,0,0,0,0.0,0.0,0.0,0.0,0.0
1520,1875,383,508,117,True,False,9,9,0,0,0,0.0,0.0,0.0,0.0,0.0
1520,1876,383,508,169,True,False,9,9,0,0,0,0.0,0.0,0.0,0.0,0.0
1520,1877,383,508,199,True,True,9,9,5,34,1,0.0,3.0,3.7777777777777777,0.5555555555555556,3.7777777777777777
1520,1878,383,508,238,True,False,9,9,0,0,0,0.0,0.0,0.0,0.0,0.0
1520,1879,383,508,252,True,False,9,9,0,0,0,0.0,0.0,0.0,0.0,0.0
1520,1880,383,508,316,True,False,9,9,0,0,0,0.0,0.0,0.0,0.0,0.0
1520,1881,383,508,317,True,True,9,9,8,59,2,0.0,3.0,6.555555555555555,0.8888888888888888,6.555555555555555
1520,1882,383,508,335,True,False,9,9,0,0,0,0.0,0.0,0.0,0.0,0.0
1520,1883,383,508,433,True,False,9,9,0,0,0,0.0,0.0,0.0,0.0,0.0
1520,1884,383,508,455,True,False,9,9,0,0,0,0.0,0.0,0.0,0.0,0.0
1520,1885,383,508,485,True,False,9,9,0,0,0,0.0,0.0,0.0,0.0,0.0
1520,1886,383,508,494,True,False,9,9,0,0,0,0.0,0.0,0.0,0.0,0.0
1521,141,385,23,7,True,False,208,208,0,0,0,0.0,0.0,0.0,0.0,0.0
1521,142,385,23,24,True,True,208,208,33,51,3,0.0,3.0,0.24519230769230768,0.15865384615384615,0.24519230769230768
1521,143,385,23,85,True,True,208,208,6,27,2,0.0,2.0,0.12980769230769232,0.028846153846153848,0.12980769230769232
1521,144,385,23,88,True,False,208,208,0,0,0,0.0,0.0,0.0,0.0,0.0
1521,145,385,23,143,True,False,208,208,0,0,0,0.0,0.0,0.0,0.0,0.0
1521,146,385,23,157,True,True,208,208,3,10,2,0.0,0.0,0.04807692307692308,0.014423076923076924,0.04807692307692308
1521,147,385,23,247,True,False,208,208,0,0,0,0.0,0.0,0.0,0.0,0.0
1521,148,385,23,262,True,False,208,208,0,0,0,0.0,0.0,0.0,0.0,0.0
1521,149,385,23,279,True,False,208,208,0,0,0,0.0,0.0,0.0,0.0,0.0
1521,150,385,23,309,True,False,208,208,0,0,0,0.0,0.0,0.0,0.0,0.0
1521,151,385,23,316,True,True,208,208,14,143,2,0.0,2.0,0.6875,0.0673076923076923,0.6875
1521,152,385,23,385,True,True,208,208,155,1432,14,0.0,2.0,6.884615384615385,0.7451923076923077,6.884615384615385
1521,153,385,23,389,True,False,208,208,0,0,0,0.0,0.0,0.0,0.0,0.0
1521,154,385,23,402,True,True,208,208,28,121,5,0.0,2.0,0.5817307692307693,0.1346153846153846,0.5817307692307693
1521,155,385,23,474,True,True,208,208,39,296,4,0.0,4.0,1.4230769230769231,0.1875,1.4230769230769231
1522,156,385,24,37,True,True,79,79,3,6,1,2.0,4.5,0.0759493670886076,0.0379746835443038,0.0759493670886076
1522,157,385,24,84,True,True,79,79,6,34,2,0.0,1.0,0.43037974683544306,0.0759493670886076,0.43037974683544306
1522,158,385,24,224,True,True,79,79,28,395,4,0.0,4.0,5.0,0.35443037974683544,5.0
1522,159,385,24,227,True,False,79,79,0,0,0,0.0,0.0,0.0,0.0,0.0
1522,160,385,24,304,True,True,79,79,15,205,1,0.0,3.0,2.5949367088607596,0.189873417721519,2.5949367088607596
1523,366,385,84,24,True,True,89,89,20,238,2,0.0,2.0,2.6741573033707864,0.2247191011235955,2.6741573033707864
1523,367,385,84,58,True,False,89,89,0,0,0,0.0,0.0,0.0,0.0,0.0
1523,368,385,84,115,True,False,89,89,0,0,0,0.0,0.0,0.0,0.0,0.0
1523,369,385,84,316,True,False,89,89,0,0,0,0.0,0.0,0.0,0.0,0.0
1523,370,385,84,385,True,True,89,89,17,152,2,0.0,6.0,1.7078651685393258,0.19101123595505617,1.7078651685393258
1523,371,385,84,389,True,False,89,89,0,0,0,0.0,0.0,0.0,0.0,0.0
1523,372,385,84,402,True,True,89,89,11,22,2,0.0,0.0,0.24719101123595505,0.12359550561797752,0.24719101123595505
1523,373,385,84,474,True,True,89,89,15,75,1,0.0,5.0,0.8426966292134831,0.16853932584269662,0.8426966292134831
1524,374,385,85,84,True,True,23,23,3,12,1,0.0,0.5,0.5217391304347826,0.13043478260869565,0.5217391304347826
1524,375,385,85,98,True,False,23,23,0,0,0,0.0,0.0,0.0,0.0,0.0
1524,376,385,85,115,True,False,23,23,0,0,0,0.0,0.0,0.0,0.0,0.0
1524,377,385,85,167,True,False,23,23,0,0,0,0.0,0.0,0.0,0.0,0.0
1524,378,385,85,240,True,False,23,23,0,0,0,0.0,0.0,0.0,0.0,0.0
1524,379,385,85,262,True,False,23,23,0,0,0,0.0,0.0,0.0,0.0,0.0
1524,380,385,85,309,True,False,23,23,0,0,0,0.0,0.0,0.0,0.0,0.0
1524,381,385,85,352,True,False,23,23,0,0,0,0.0,0.0,0.0,0.0,0.0
1524,382,385,85,375,True,True,23,23,2,12,1,1.0,3.0,0.5217391304347826,0.08695652173913043,0.5217391304347826
1524,383,385,85,389,True,True,23,23,3,14,1,0.0,1.0,0.6086956521739131,0.13043478260869565,0.6086956521739131
1525,636,385,157,28,True,False,26,26,0,0,0,0.0,0.0,0.0,0.0,0.0
1525,637,385,157,77,True,False,26,26,0,0,0,0.0,0.0,0.0,0.0,0.0
1525,638,385,157,79,True,False,26,26,0,0,0,0.0,0.0,0.0,0.0,0.0
1525,639,385,157,84,True,True,26,26,9,24,2,0.0,1.0,0.9230769230769231,0.34615384615384615,0.9230769230769231
1525,640,385,157,85,True,True,26,26,4,23,2,0.0,0.0,0.8846153846153846,0.15384615384615385,0.8846153846153846
1525,641,385,157,88,True,False,26,26,0,0,0,0.0,0.0,0.0,0.0,0.0
1525,642,385,157,143,True,False,26,26,0,0,0,0.0,0.0,0.0,0.0,0.0
1525,643,385,157,161,True,False,26,26,0,0,0,0.0,0.0,0.0,0.0,0.0
1525,644,385,157,167,True,False,26,26,0,0,0,0.0,0.0,0.0,0.0,0.0
1525,645,385,157,196,True,False,26,26,0,0,0,0.0,0.0,0.0,0.0,0.0
1525,646,385,157,229,True,False,26,26,0,0,0,0.0,0.0,0.0,0.0,0.0
1525,647,385,157,230,True,False,26,26,0,0,0,0.0,0.0,0.0,0.0,0.0
1525,648,385,157,279,True,False,26,26,0,0,0,0.0,0.0,0.0,0.0,0.0
1525,649,385,157,315,True,False,26,26,0,0,0,0.0,0.0,0.0,0.0,0.0
1525,650,385,157,375,True,True,26,26,15,44,1,0.0,3.0,1.6923076923076923,0.5769230769230769,1.6923076923076923
1525,651,385,157,389,True,False,26,26,0,0,0,0.0,0.0,0.0,0.0,0.0
1525,652,385,157,402,True,True,26,26,15,55,1,0.0,1.0,2.1153846153846154,0.5769230769230769,2.1153846153846154
1525,653,385,157,432,True,False,26,26,0,0,0,0.0,0.0,0.0,0.0,0.0
1525,654,385,157,440,True,False,26,26,0,0,0,0.0,0.0,0.0,0.0,0.0
1525,655,385,157,474,True,False,26,26,0,0,0,0.0,0.0,0.0,0.0,0.0
1526,878,385,217,6,True,False,213,213,0,0,0,0.0,0.0,0.0,0.0,0.0
1526,879,385,217,13,True,True,213,213,29,29,3,5.0,8.0,0.13615023474178403,0.13615023474178403,0.13615023474178403
1526,880,385,217,21,True,True,213,213,15,60,1,1.0,5.0,0.28169014084507044,0.07042253521126761,0.28169014084507044
1526,881,385,217,58,True,False,213,213,0,0,0,0.0,0.0,0.0,0.0,0.0
1526,882,385,217,129,True,True,213,213,78,314,8,0.0,6.0,1.4741784037558685,0.36619718309859156,1.4741784037558685
1526,883,385,217,156,True,True,213,213,114,123,8,4.0,7.0,0.5774647887323944,0.5352112676056338,0.5774647887323944
1526,884,385,217,179,True,True,213,213,41,116,4,0.0,5.0,0.5446009389671361,0.19248826291079812,0.5446009389671361
1526,885,385,217,186,True,False,213,213,0,0,0,0.0,0.0,0.0,0.0,0.0
1526,886,385,217,243,True,True,213,213,34,237,3,0.0,3.0,1.1126760563380282,0.1596244131455399,1.1126760563380282
1526,887,385,217,319,True,True,213,213,115,483,9,2.0,7.0,2.267605633802817,0.539906103286385,2.267605633802817
1526,888,385,217,385,True,True,213,213,5,5,1,0.0,0.0,0.023474178403755867,0.023474178403755867,0.023474178403755867
1527,897,385,224,37,True,False,28,28,0,0,0,0.0,0.0,0.0,0.0,0.0
1527,898,385,224,120,True,True,28,28,22,57,4,5.0,9.0,2.0357142857142856,0.7857142857142857,2.0357142857142856
1527,899,385,224,304,True,True,28,28,25,262,5,2.0,8.0,9.357142857142858,0.8928571428571429,9.357142857142858
1527,900,385,224,316,True,False,28,28,0,0,0,0.0,0.0,0.0,0.0,0.0
1528,946,385,243,6,True,False,19,19,0,0,0,0.0,0.0,0.0,0.0,0.0
1528,947,385,243,21,True,False,19,19,0,0,0,0.0,0.0,0.0,0.0,0.0
1528,948,385,243,84,True,False,19,19,0,0,0,0.0,0.0,0.0,0.0,0.0
1528,949,385,243,85,True,False,19,19,0,0,0,0.0,0.0,0.0,0.0,0.0
1528,950,385,243,115,True,False,19,19,0,0,0,0.0,0.0,0.0,0.0,0.0
1528,951,385,243,125,True,False,19,19,0,0,0,0.0,0.0,0.0,0.0,0.0
1528,952,385,243,129,True,True,19,19,5,10,1,5.0,6.0,0.5263157894736842,0.2631578947368421,0.5263157894736842
1528,953,385,243,156,True,True,19,19,14,14,1,6.0,9.0,0.7368421052631579,0.7368421052631579,0.7368421052631579
1528,954,385,243,179,True,False,19,19,0,0,0,0.0,0.0,0.0,0.0,0.0
1528,955,385,243,199,True,False,19,19,0,0,0,0.0,0.0,0.0,0.0,0.0
1528,956,385,243,217,True,True,19,19,5,28,1,0.0,3.0,1.4736842105263157,0.2631578947368421,1.4736842105263157
1528,957,385,243,319,True,True,19,19,14,70,1,4.0,8.0,3.6842105263157894,0.7368421052631579,3.6842105263157894
1528,958,385,243,385,True,False,19,19,0,0,0,0.0,0.0,0.0,0.0,0.0
1528,959,385,243,402,True,False,19,19,0,0,0,0.0,0.0,0.0,0.0,0.0
1528,960,385,243,508,True,False,19,19,0,0,0,0.0,0.0,0.0,0.0,0.0
1529,1197,385,296,84,True,True,358,358,218,1526,13,0.0,4.0,4.262569832402234,0.6089385474860335,4.262569832402234
1529,1198,385,296,98,True,True,358,358,57,434,4,0.0,3.0,1.2122905027932962,0.15921787709497207,1.2122905027932962
1529,1199,385,296,147,True,True,358,358,58,205,4,0.0,2.0,0.5726256983240223,0.16201117318435754,0.5726256983240223
1529,1200,385,296,208,True,True,358,358,306,2170,18,0.0,3.0,6.06145251396648,0.8547486033519553,6.06145251396648
1529,1201,385,296,240,True,False,358,358,0,0,0,0.0,0.0,0.0,0.0,0.0
1530,1269,385,316,84,True,False,58,58,0,0,0,0.0,0.0,0.0,0.0,0.0
1530,1270,385,316,115,True,False,58,58,0,0,0,0.0,0.0,0.0,0.0,0.0
1530,1271,385,316,125,True,False,58,58,0,0,0,0.0,0.0,0.0,0.0,0.0
1530,1272,385,316,147,True,False,58,58,0,0,0,0.0,0.0,0.0,0.0,0.0
1530,1273,385,316,217,True,True,58,58,15,163,2,0.0,1.0,2.810344827586207,0.25862068965517243,2.810344827586207
1530,1274,385,316,309,True,False,58,58,0,0,0,0.0,0.0,0.0,0.0,0.0
1530,1275,385,316,341,True,False,58,58,0,0,0,0.0,0.0,0.0,0.0,0.0
1530,1276,385,316,361,True,False,58,58,0,0,0,0.0,0.0,0.0,0.0,0.0
1530,1277,385,316,385,True,True,58,58,36,459,4,0.0,3.0,7.913793103448276,0.6206896551724138,7.913793103448276
1530,1278,385,316,389,True,True,58,58,6,52,1,0.0,1.0,0.896551724137931,0.10344827586206896,0.896551724137931
1530,1279,385,316,402,True,True,58,58,1,4,1,0.0,0.0,0.06896551724137931,0.017241379310344827,0.06896551724137931
1530,1280,385,316,404,True,False,58,58,0,0,0,0.0,0.0,0.0,0.0,0.0
1530,1281,385,316,474,True,False,58,58,0,0,0,0.0,0.0,0.0,0.0,0.0
1531,1543,385,389,23,True,True,28,28,10,32,2,0.0,0.0,1.1428571428571428,0.35714285714285715,1.1428571428571428
1531,1544,385,389,58,True,False,28,28,0,0,0,0.0,0.0,0.0,0.0,0.0
1531,1545,385,389,84,True,False,28,28,0,0,0,0.0,0.0,0.0,0.0,0.0
1531,1546,385,389,85,True,False,28,28,0,0,0,0.0,0.0,0.0,0.0,0.0
1531,1547,385,389,115,True,False,28,28,0,0,0,0.0,0.0,0.0,0.0,0.0
1531,1548,385,389,157,True,False,28,28,0,0,0,0.0,0.0,0.0,0.0,0.0
1531,1549,385,389,208,True,False,28,28,0,0,0,0.0,0.0,0.0,0.0,0.0
1531,1550,385,389,296,True,True,28,28,15,210,1,0.0,3.0,7.5,0.5357142857142857,7.5
1531,1551,385,389,385,True,True,28,28,13,84,3,0.0,1.0,3.0,0.4642857142857143,3.0
1531,1552,385,389,474,True,False,28,28,0,0,0,0.0,0.0,0.0,0.0,0.0
1532,1583,385,402,7,True,False,78,78,0,0,0,0.0,0.0,0.0,0.0,0.0
1532,1584,385,402,24,True,True,78,78,45,497,5,0.0,1.0,6.371794871794871,0.5769230769230769,6.371794871794871
1532,1585,385,402,77,True,False,78,78,0,0,0,0.0,0.0,0.0,0.0,0.0
1532,1586,385,402,84,True,True,78,78,3,3,1,0.0,0.0,0.038461538461538464,0.038461538461538464,0.038461538461538464
1532,1587,385,402,98,True,False,78,78,0,0,0,0.0,0.0,0.0,0.0,0.0
1532,1588,385,402,115,True,False,78,78,0,0,0,0.0,0.0,0.0,0.0,0.0
1532,1589,385,402,147,True,False,78,78,0,0,0,0.0,0.0,0.0,0.0,0.0
1532,1590,385,402,217,True,False,78,78,0,0,0,0.0,0.0,0.0,0.0,0.0
1532,1591,385,402,247,True,False,78,78,0,0,0,0.0,0.0,0.0,0.0,0.0
1532,1592,385,402,309,True,False,78,78,0,0,0,0.0,0.0,0.0,0.0,0.0
1532,1593,385,402,316,True,True,78,78,7,26,2,0.0,0.0,0.3333333333333333,0.08974358974358974,0.3333333333333333
1532,1594,385,402,352,True,False,78,78,0,0,0,0.0,0.0,0.0,0.0,0.0
1532,1595,385,402,375,True,True,78,78,10,100,1,1.0,6.0,1.2820512820512822,0.1282051282051282,1.2820512820512822
1532,1596,385,402,385,True,True,78,78,2,7,2,0.0,0.0,0.08974358974358974,0.02564102564102564,0.08974358974358974
1532,1597,385,402,474,True,True,78,78,1,1,1,0.0,0.0,0.01282051282051282,0.01282051282051282,0.01282051282051282
1533,1782,385,474,7,True,False,103,103,0,0,0,0.0,0.0,0.0,0.0,0.0
1533,1783,385,474,37,True,False,103,103,0,0,0,0.0,0.0,0.0,0.0,0.0
1533,1784,385,474,39,True,False,103,103,0,0,0,0.0,0.0,0.0,0.0,0.0
1533,1785,385,474,58,True,False,103,103,0,0,0,0.0,0.0,0.0,0.0,0.0
1533,1786,385,474,84,True,False,103,103,0,0,0,0.0,0.0,0.0,0.0,0.0
1533,1787,385,474,88,True,False,103,103,0,0,0,0.0,0.0,0.0,0.0,0.0
1533,1788,385,474,115,True,False,103,103,0,0,0,0.0,0.0,0.0,0.0,0.0
1533,1789,385,474,125,True,False,103,103,0,0,0,0.0,0.0,0.0,0.0,0.0
1533,1790,385,474,143,True,False,103,103,0,0,0,0.0,0.0,0.0,0.0,0.0
1533,1791,385,474,217,True,True,103,103,40,364,5,0.0,1.0,3.533980582524272,0.3883495145631068,3.533980582524272
1533,1792,385,474,243,True,False,103,103,0,0,0,0.0,0.0,0.0,0.0,0.0
1533,1793,385,474,261,True,False,103,103,0,0,0,0.0,0.0,0.0,0.0,0.0
1533,1794,385,474,279,True,False,103,103,0,0,0,0.0,0.0,0.0,0.0,0.0
1533,1795,385,474,309,True,False,103,103,0,0,0,0.0,0.0,0.0,0.0,0.0
1533,1796,385,474,317,True,False,103,103,0,0,0,0.0,0.0,0.0,0.0,0.0
1533,1797,385,474,321,True,False,103,103,0,0,0,0.0,0.0,0.0,0.0,0.0
1533,1798,385,474,385,True,True,103,103,67,723,8,0.0,2.0,7.019417475728155,0.6504854368932039,7.019417475728155
1533,1799,385,474,389,True,True,103,103,5,22,1,0.0,2.0,0.21359223300970873,0.04854368932038835,0.21359223300970873
1533,1800,385,474,402,True,True,103,103,1,3,1,0.0,0.0,0.02912621359223301,0.009708737864077669,0.02912621359223301
1534,30,387,6,13,True,True,30,30,9,9,1,4.0,6.0,0.3,0.3,0.3
1534,31,387,6,21,True,False,30,30,0,0,0,0.0,0.0,0.0,0.0,0.0
1534,32,387,6,125,True,False,30,30,0,0,0,0.0,0.0,0.0,0.0,0.0
1534,33,387,6,156,True,True,30,30,10,10,2,5.0,7.5,0.3333333333333333,0.3333333333333333,0.3333333333333333
1534,34,387,6,179,True,True,30,30,10,35,2,1.0,5.0,1.1666666666666667,0.3333333333333333,1.1666666666666667
1534,35,387,6,186,True,True,30,30,2,7,1,7.0,9.0,0.23333333333333334,0.06666666666666667,0.23333333333333334
1534,36,387,6,243,True,False,30,30,0,0,0,0.0,0.0,0.0,0.0,0.0
1534,37,387,6,245,True,True,30,30,5,15,1,4.0,7.0,0.5,0.16666666666666666,0.5
1534,38,387,6,309,True,False,30,30,0,0,0,0.0,0.0,0.0,0.0,0.0
1534,39,387,6,313,True,True,30,30,19,75,3,2.0,5.0,2.5,0.6333333333333333,2.5
1534,40,387,6,319,True,False,30,30,0,0,0,0.0,0.0,0.0,0.0,0.0
1534,41,387,6,381,True,True,30,30,11,48,2,3.0,7.0,1.6,0.36666666666666664,1.6
1535,69,387,10,109,True,False,101,101,0,0,0,0.0,0.0,0.0,0.0,0.0
1535,70,387,10,112,True,False,101,101,0,0,0,0.0,0.0,0.0,0.0,0.0
1535,71,387,10,117,True,False,101,101,0,0,0,0.0,0.0,0.0,0.0,0.0
1535,72,387,10,173,True,False,101,101,0,0,0,0.0,0.0,0.0,0.0,0.0
1535,73,387,10,238,True,False,101,101,0,0,0,0.0,0.0,0.0,0.0,0.0
1535,74,387,10,268,True,False,101,101,0,0,0,0.0,0.0,0.0,0.0,0.0
1535,75,387,10,281,True,True,101,101,23,49,2,0.0,2.0,0.48514851485148514,0.22772277227722773,0.48514851485148514
1535,76,387,10,294,True,True,101,101,15,115,2,0.0,1.0,1.1386138613861385,0.1485148514851485,1.1386138613861385
1535,77,387,10,324,True,True,101,101,46,552,6,0.0,6.0,5.465346534653466,0.45544554455445546,5.465346534653466
1535,78,387,10,378,True,False,101,101,0,0,0,0.0,0.0,0.0,0.0,0.0
1535,79,387,10,387,True,True,101,101,37,283,4,0.0,1.0,2.801980198019802,0.36633663366336633,2.801980198019802
1535,80,387,10,462,True,False,101,101,0,0,0,0.0,0.0,0.0,0.0,0.0
1535,81,387,10,497,True,True,101,101,3,15,1,3.0,5.0,0.1485148514851485,0.0297029702970297,0.1485148514851485
1536,446,387,117,10,True,True,112,112,86,982,9,0.0,3.0,8.767857142857142,0.7678571428571429,8.767857142857142
1536,447,387,117,16,True,False,112,112,0,0,0,0.0,0.0,0.0,0.0,0.0
1536,448,387,117,80,True,True,112,112,5,37,1,0.0,0.0,0.33035714285714285,0.044642857142857144,0.33035714285714285
1536,449,387,117,199,True,False,112,112,0,0,0,0.0,0.0,0.0,0.0,0.0
1536,450,387,117,238,True,False,112,112,0,0,0,0.0,0.0,0.0,0.0,0.0
1536,451,387,117,268,True,False,112,112,0,0,0,0.0,0.0,0.0,0.0,0.0
1536,452,387,117,281,True,False,112,112,0,0,0,0.0,0.0,0.0,0.0,0.0
1536,453,387,117,294,True,False,112,112,0,0,0,0.0,0.0,0.0,0.0,0.0
1536,454,387,117,317,True,False,112,112,0,0,0,0.0,0.0,0.0,0.0,0.0
1536,455,387,117,324,True,True,112,112,35,112,4,0.0,3.5,1.0,0.3125,1.0
1536,456,387,117,378,True,False,112,112,0,0,0,0.0,0.0,0.0,0.0,0.0
1536,457,387,117,383,True,False,112,112,0,0,0,0.0,0.0,0.0,0.0,0.0
1536,458,387,117,387,True,True,112,112,12,73,1,0.0,1.0,0.6517857142857143,0.10714285714285714,0.6517857142857143
1536,459,387,117,455,True,False,112,112,0,0,0,0.0,0.0,0.0,0.0,0.0
1536,460,387,117,462,True,False,112,112,0,0,0,0.0,0.0,0.0,0.0,0.0
1536,461,387,117,494,True,False,112,112,0,0,0,0.0,0.0,0.0,0.0,0.0
1537,758,387,175,2,True,False,49,49,0,0,0,0.0,0.0,0.0,0.0,0.0
1537,759,387,175,21,True,True,49,49,26,88,2,0.0,2.0,1.7959183673469388,0.5306122448979592,1.7959183673469388
1537,760,387,175,31,True,True,49,49,26,121,2,0.0,3.0,2.4693877551020407,0.5306122448979592,2.4693877551020407
1537,761,387,175,43,True,True,49,49,23,110,2,0.0,3.0,2.2448979591836733,0.46938775510204084,2.2448979591836733
1537,762,387,175,61,True,True,49,49,26,100,2,0.0,2.0,2.0408163265306123,0.5306122448979592,2.0408163265306123
1537,763,387,175,74,True,True,49,49,11,11,1,0.0,2.0,0.22448979591836735,0.22448979591836735,0.22448979591836735
1537,764,387,175,80,True,False,49,49,0,0,0,0.0,0.0,0.0,0.0,0.0
1537,765,387,175,126,True,False,49,49,0,0,0,0.0,0.0,0.0,0.0,0.0
1537,766,387,175,139,True,False,49,49,0,0,0,0.0,0.0,0.0,0.0,0.0
1537,767,387,175,179,True,True,49,49,14,52,1,0.0,2.0,1.0612244897959184,0.2857142857142857,1.0612244897959184
1537,768,387,175,186,True,False,49,49,0,0,0,0.0,0.0,0.0,0.0,0.0
1537,769,387,175,248,True,True,49,49,15,15,1,2.0,5.0,0.30612244897959184,0.30612244897959184,0.30612244897959184
1537,770,387,175,258,True,False,49,49,0,0,0,0.0,0.0,0.0,0.0,0.0
1537,771,387,175,273,True,False,49,49,0,0,0,0.0,0.0,0.0,0.0,0.0
1537,772,387,175,311,True,False,49,49,0,0,0,0.0,0.0,0.0,0.0,0.0
1537,773,387,175,390,True,False,49,49,0,0,0,0.0,0.0,0.0,0.0,0.0
1537,774,387,175,415,True,False,49,49,0,0,0,0.0,0.0,0.0,0.0,0.0
1537,775,387,175,488,True,False,49,49,0,0,0,0.0,0.0,0.0,0.0,0.0
1538,1153,387,281,13,True,True,417,417,53,53,4,0.0,5.0,0.12709832134292565,0.12709832134292565,0.12709832134292565
1538,1154,387,281,21,True,True,417,417,168,559,11,0.0,2.0,1.34052757793765,0.4028776978417266,1.34052757793765
1538,1155,387,281,61,True,True,417,417,78,342,7,0.0,3.0,0.8201438848920863,0.18705035971223022,0.8201438848920863
1538,1156,387,281,74,True,True,417,417,91,117,7,0.0,3.0,0.2805755395683453,0.2182254196642686,0.2805755395683453
1538,1157,387,281,117,True,False,417,417,0,0,0,0.0,0.0,0.0,0.0,0.0
1538,1158,387,281,141,True,True,417,417,208,978,14,0.0,3.0,2.3453237410071943,0.4988009592326139,2.3453237410071943
1538,1159,387,281,179,True,True,417,417,85,268,5,0.0,2.0,0.6426858513189448,0.2038369304556355,0.6426858513189448
1538,1160,387,281,186,True,True,417,417,70,292,6,0.0,3.0,0.7002398081534772,0.16786570743405277,0.7002398081534772
1538,1161,387,281,199,True,False,417,417,0,0,0,0.0,0.0,0.0,0.0,0.0
1538,1162,387,281,313,True,True,417,417,203,976,13,0.0,3.0,2.34052757793765,0.486810551558753,2.34052757793765
1538,1163,387,281,387,True,True,417,417,10,30,2,0.0,0.0,0.07194244604316546,0.023980815347721823,0.07194244604316546
1539,1184,387,294,21,True,False,11,11,0,0,0,0.0,0.0,0.0,0.0,0.0
1539,1185,387,294,22,True,False,11,11,0,0,0,0.0,0.0,0.0,0.0,0.0
1539,1186,387,294,61,True,False,11,11,0,0,0,0.0,0.0,0.0,0.0,0.0
1539,1187,387,294,117,True,False,11,11,0,0,0,0.0,0.0,0.0,0.0,0.0
1539,1188,387,294,141,True,False,11,11,0,0,0,0.0,0.0,0.0,0.0,0.0
1539,1189,387,294,169,True,False,11,11,0,0,0,0.0,0.0,0.0,0.0,0.0
1539,1190,387,294,175,True,False,11,11,0,0,0,0.0,0.0,0.0,0.0,0.0
1539,1191,387,294,179,True,False,11,11,0,0,0,0.0,0.0,0.0,0.0,0.0
1539,1192,387,294,186,True,False,11,11,0,0,0,0.0,0.0,0.0,0.0,0.0
1539,1193,387,294,281,True,True,11,11,11,74,3,0.0,1.0,6.7272727272727275,1.0,6.7272727272727275
1539,1194,387,294,313,True,False,11,11,0,0,0,0.0,0.0,0.0,0.0,0.0
1539,1195,387,294,433,True,False,11,11,0,0,0,0.0,0.0,0.0,0.0,0.0
1539,1196,387,294,455,True,False,11,11,0,0,0,0.0,0.0,0.0,0.0,0.0
1540,1228,387,309,6,True,True,14,14,3,26,1,0.0,1.0,1.8571428571428572,0.21428571428571427,1.8571428571428572
1540,1229,387,309,24,True,False,14,14,0,0,0,0.0,0.0,0.0,0.0,0.0
1540,1230,387,309,125,True,True,14,14,5,65,1,0.0,2.0,4.642857142857143,0.35714285714285715,4.642857142857143
1540,1231,387,309,147,True,True,14,14,5,55,1,0.0,1.0,3.9285714285714284,0.35714285714285715,3.9285714285714284
1540,1232,387,309,217,True,False,14,14,0,0,0,0.0,0.0,0.0,0.0,0.0
1540,1233,387,309,224,True,False,14,14,0,0,0,0.0,0.0,0.0,0.0,0.0
1540,1234,387,309,227,True,False,14,14,0,0,0,0.0,0.0,0.0,0.0,0.0
1540,1235,387,309,316,True,False,14,14,0,0,0,0.0,0.0,0.0,0.0,0.0
1540,1236,387,309,352,True,False,14,14,0,0,0,0.0,0.0,0.0,0.0,0.0
1540,1237,387,309,361,True,False,14,14,0,0,0,0.0,0.0,0.0,0.0,0.0
1540,1238,387,309,387,True,False,14,14,0,0,0,0.0,0.0,0.0,0.0,0.0
1540,1239,387,309,474,True,False,14,14,0,0,0,0.0,0.0,0.0,0.0,0.0
1541,1505,387,383,21,True,True,49,49,12,12,1,1.0,3.5,0.24489795918367346,0.24489795918367346,0.24489795918367346
1541,1506,387,383,39,True,False,49,49,0,0,0,0.0,0.0,0.0,0.0,0.0
1541,1507,387,383,61,True,False,49,49,0,0,0,0.0,0.0,0.0,0.0,0.0
1541,1508,387,383,129,True,False,49,49,0,0,0,0.0,0.0,0.0,0.0,0.0
1541,1509,387,383,141,True,False,49,49,0,0,0,0.0,0.0,0.0,0.0,0.0
1541,1510,387,383,169,True,False,49,49,0,0,0,0.0,0.0,0.0,0.0,0.0
1541,1511,387,383,179,True,True,49,49,24,38,2,0.0,2.0,0.7755102040816326,0.4897959183673469,0.7755102040816326
1541,1512,387,383,186,True,False,49,49,0,0,0,0.0,0.0,0.0,0.0,0.0
1541,1513,387,383,273,True,False,49,49,0,0,0,0.0,0.0,0.0,0.0,0.0
1541,1514,387,383,281,True,True,49,49,21,208,2,0.0,2.0,4.244897959183674,0.42857142857142855,4.244897959183674
1541,1515,387,383,313,True,True,49,49,15,15,1,0.0,3.0,0.30612244897959184,0.30612244897959184,0.30612244897959184
1541,1516,387,383,317,True,False,49,49,0,0,0,0.0,0.0,0.0,0.0,0.0
1541,1517,387,383,335,True,False,49,49,0,0,0,0.0,0.0,0.0,0.0,0.0
1541,1518,387,383,433,True,False,49,49,0,0,0,0.0,0.0,0.0,0.0,0.0
1541,1519,387,383,455,True,True,49,49,28,274,2,0.0,1.0,5.591836734693878,0.5714285714285714,5.591836734693878
1541,1520,387,383,508,True,False,49,49,0,0,0,0.0,0.0,0.0,0.0,0.0
1542,1726,387,455,13,True,False,13,13,0,0,0,0.0,0.0,0.0,0.0,0.0
1542,1727,387,455,21,True,True,13,13,1,4,1,0.0,1.5,0.3076923076923077,0.07692307692307693,0.3076923076923077
1542,1728,387,455,39,True,False,13,13,0,0,0,0.0,0.0,0.0,0.0,0.0
1542,1729,387,455,61,True,True,13,13,12,36,1,0.0,4.0,2.769230769230769,0.9230769230769231,2.769230769230769
1542,1730,387,455,74,True,True,13,13,12,12,1,4.0,6.5,0.9230769230769231,0.9230769230769231,0.9230769230769231
1542,1731,387,455,117,True,False,13,13,0,0,0,0.0,0.0,0.0,0.0,0.0
1542,1732,387,455,129,True,False,13,13,0,0,0,0.0,0.0,0.0,0.0,0.0
1542,1733,387,455,141,True,True,13,13,13,17,2,1.0,6.0,1.3076923076923077,1.0,1.3076923076923077
1542,1734,387,455,169,True,False,13,13,0,0,0,0.0,0.0,0.0,0.0,0.0
1542,1735,387,455,179,True,False,13,13,0,0,0,0.0,0.0,0.0,0.0,0.0
1542,1736,387,455,186,True,True,13,13,12,48,1,2.0,5.5,3.6923076923076925,0.9230769230769231,3.6923076923076925
1542,1737,387,455,199,True,False,13,13,0,0,0,0.0,0.0,0.0,0.0,0.0
1542,1738,387,455,248,True,True,13,13,1,1,1,3.0,3.0,0.07692307692307693,0.07692307692307693,0.07692307692307693
1542,1739,387,455,281,True,True,13,13,12,85,1,0.0,2.0,6.538461538461538,0.9230769230769231,6.538461538461538
1542,1740,387,455,313,True,False,13,13,0,0,0,0.0,0.0,0.0,0.0,0.0
1542,1741,387,455,317,True,False,13,13,0,0,0,0.0,0.0,0.0,0.0,0.0
1542,1742,387,455,383,True,False,13,13,0,0,0,0.0,0.0,0.0,0.0,0.0
1542,1743,387,455,508,True,False,13,13,0,0,0,0.0,0.0,0.0,0.0,0.0
1543,141,389,23,7,True,False,66,66,0,0,0,0.0,0.0,0.0,0.0,0.0
1543,142,389,23,24,True,False,66,66,0,0,0,0.0,0.0,0.0,0.0,0.0
1543,143,389,23,85,True,True,66,66,11,47,2,0.0,2.0,0.7121212121212122,0.16666666666666666,0.7121212121212122
1543,144,389,23,88,True,False,66,66,0,0,0,0.0,0.0,0.0,0.0,0.0
1543,145,389,23,143,True,False,66,66,0,0,0,0.0,0.0,0.0,0.0,0.0
1543,146,389,23,157,True,True,66,66,34,139,4,0.0,1.0,2.106060606060606,0.5151515151515151,2.106060606060606
1543,147,389,23,247,True,False,66,66,0,0,0,0.0,0.0,0.0,0.0,0.0
1543,148,389,23,262,True,False,66,66,0,0,0,0.0,0.0,0.0,0.0,0.0
1543,149,389,23,279,True,False,66,66,0,0,0,0.0,0.0,0.0,0.0,0.0
1543,150,389,23,309,True,False,66,66,0,0,0,0.0,0.0,0.0,0.0,0.0
1543,151,389,23,316,True,False,66,66,0,0,0,0.0,0.0,0.0,0.0,0.0
1543,152,389,23,385,True,True,66,66,14,117,3,0.0,2.0,1.7727272727272727,0.21212121212121213,1.7727272727272727
1543,153,389,23,389,True,True,66,66,48,368,5,0.0,2.0,5.575757575757576,0.7272727272727273,5.575757575757576
1543,154,389,23,402,True,False,66,66,0,0,0,0.0,0.0,0.0,0.0,0.0
1543,155,389,23,474,True,True,66,66,22,121,3,0.0,4.0,1.8333333333333333,0.3333333333333333,1.8333333333333333
1544,281,389,58,13,True,True,130,130,25,45,2,3.0,6.0,0.34615384615384615,0.19230769230769232,0.34615384615384615
1544,282,389,58,21,True,True,130,130,17,67,2,0.0,4.0,0.5153846153846153,0.13076923076923078,0.5153846153846153
1544,283,389,58,84,True,False,130,130,0,0,0,0.0,0.0,0.0,0.0,0.0
1544,284,389,58,129,True,True,130,130,38,223,3,1.0,5.0,1.7153846153846153,0.2923076923076923,1.7153846153846153
1544,285,389,58,156,True,True,130,130,32,32,3,4.0,8.0,0.24615384615384617,0.24615384615384617,0.24615384615384617
1544,286,389,58,179,True,True,130,130,38,162,3,0.0,4.0,1.2461538461538462,0.2923076923076923,1.2461538461538462
1544,287,389,58,186,True,True,130,130,45,180,2,1.0,6.0,1.3846153846153846,0.34615384615384615,1.3846153846153846
1544,288,389,58,243,True,False,130,130,0,0,0,0.0,0.0,0.0,0.0,0.0
1544,289,389,58,245,True,True,130,130,15,45,1,2.0,6.0,0.34615384615384615,0.11538461538461539,0.34615384615384615
1544,290,389,58,381,True,True,130,130,62,295,4,1.0,7.0,2.269230769230769,0.47692307692307695,2.269230769230769
1544,291,389,58,389,True,False,130,130,0,0,0,0.0,0.0,0.0,0.0,0.0
1544,292,389,58,449,True,False,130,130,0,0,0,0.0,0.0,0.0,0.0,0.0
1545,366,389,84,24,True,False,32,32,0,0,0,0.0,0.0,0.0,0.0,0.0
1545,367,389,84,58,True,False,32,32,0,0,0,0.0,0.0,0.0,0.0,0.0
1545,368,389,84,115,True,True,32,32,2,14,1,0.0,0.0,0.4375,0.0625,0.4375
1545,369,389,84,316,True,False,32,32,0,0,0,0.0,0.0,0.0,0.0,0.0
1545,370,389,84,385,True,False,32,32,0,0,0,0.0,0.0,0.0,0.0,0.0
1545,371,389,84,389,True,True,32,32,15,225,1,2.0,7.0,7.03125,0.46875,7.03125
1545,372,389,84,402,True,False,32,32,0,0,0,0.0,0.0,0.0,0.0,0.0
1545,373,389,84,474,True,False,32,32,0,0,0,0.0,0.0,0.0,0.0,0.0
1546,374,389,85,84,True,True,34,34,3,16,1,0.0,1.0,0.47058823529411764,0.08823529411764706,0.47058823529411764
1546,375,389,85,98,True,False,34,34,0,0,0,0.0,0.0,0.0,0.0,0.0
1546,376,389,85,115,True,True,34,34,18,188,3,0.0,2.0,5.529411764705882,0.5294117647058824,5.529411764705882
1546,377,389,85,167,True,False,34,34,0,0,0,0.0,0.0,0.0,0.0,0.0
1546,378,389,85,240,True,False,34,34,0,0,0,0.0,0.0,0.0,0.0,0.0
1546,379,389,85,262,True,False,34,34,0,0,0,0.0,0.0,0.0,0.0,0.0
1546,380,389,85,309,True,False,34,34,0,0,0,0.0,0.0,0.0,0.0,0.0
1546,381,389,85,352,True,False,34,34,0,0,0,0.0,0.0,0.0,0.0,0.0
1546,382,389,85,375,True,True,34,34,1,6,1,2.0,3.5,0.17647058823529413,0.029411764705882353,0.17647058823529413
1546,383,389,85,389,True,True,34,34,3,17,1,0.0,1.0,0.5,0.08823529411764706,0.5
1547,437,389,115,58,True,True,15,15,4,28,2,0.0,0.5,1.8666666666666667,0.26666666666666666,1.8666666666666667
1547,438,389,115,84,True,False,15,15,0,0,0,0.0,0.0,0.0,0.0,0.0
1547,439,389,115,85,True,True,15,15,3,3,1,0.0,0.0,0.2,0.2,0.2
1547,440,389,115,217,True,False,15,15,0,0,0,0.0,0.0,0.0,0.0,0.0
1547,441,389,115,316,True,False,15,15,0,0,0,0.0,0.0,0.0,0.0,0.0
1547,442,389,115,375,True,False,15,15,0,0,0,0.0,0.0,0.0,0.0,0.0
1547,443,389,115,389,True,True,15,15,1,3,1,0.0,0.0,0.2,0.06666666666666667,0.2
1547,444,389,115,402,True,False,15,15,0,0,0,0.0,0.0,0.0,0.0,0.0
1547,445,389,115,474,True,False,15,15,0,0,0,0.0,0.0,0.0,0.0,0.0
1548,636,389,157,28,True,False,19,19,0,0,0,0.0,0.0,0.0,0.0,0.0
1548,637,389,157,77,True,False,19,19,0,0,0,0.0,0.0,0.0,0.0,0.0
1548,638,389,157,79,True,False,19,19,0,0,0,0.0,0.0,0.0,0.0,0.0
1548,639,389,157,84,True,True,19,19,7,18,1,0.0,0.0,0.9473684210526315,0.3684210526315789,0.9473684210526315
1548,640,389,157,85,True,True,19,19,12,70,2,0.0,0.0,3.6842105263157894,0.631578947368421,3.6842105263157894
1548,641,389,157,88,True,False,19,19,0,0,0,0.0,0.0,0.0,0.0,0.0
1548,642,389,157,143,True,False,19,19,0,0,0,0.0,0.0,0.0,0.0,0.0
1548,643,389,157,161,True,False,19,19,0,0,0,0.0,0.0,0.0,0.0,0.0
1548,644,389,157,167,True,False,19,19,0,0,0,0.0,0.0,0.0,0.0,0.0
1548,645,389,157,196,True,False,19,19,0,0,0,0.0,0.0,0.0,0.0,0.0
1548,646,389,157,229,True,False,19,19,0,0,0,0.0,0.0,0.0,0.0,0.0
1548,647,389,157,230,True,False,19,19,0,0,0,0.0,0.0,0.0,0.0,0.0
1548,648,389,157,279,True,False,19,19,0,0,0,0.0,0.0,0.0,0.0,0.0
1548,649,389,157,315,True,False,19,19,0,0,0,0.0,0.0,0.0,0.0,0.0
1548,650,389,157,375,True,False,19,19,0,0,0,0.0,0.0,0.0,0.0,0.0
1548,651,389,157,389,True,True,19,19,7,61,2,0.0,1.0,3.210526315789474,0.3684210526315789,3.210526315789474
1548,652,389,157,402,True,False,19,19,0,0,0,0.0,0.0,0.0,0.0,0.0
1548,653,389,157,432,True,False,19,19,0,0,0,0.0,0.0,0.0,0.0,0.0
1548,654,389,157,440,True,False,19,19,0,0,0,0.0,0.0,0.0,0.0,0.0
1548,655,389,157,474,True,False,19,19,0,0,0,0.0,0.0,0.0,0.0,0.0
1549,868,389,208,84,True,True,12,12,12,58,2,0.0,3.0,4.833333333333333,1.0,4.833333333333333
1549,869,389,208,98,True,False,12,12,0,0,0,0.0,0.0,0.0,0.0,0.0
1549,870,389,208,133,True,False,12,12,0,0,0,0.0,0.0,0.0,0.0,0.0
1549,871,389,208,143,True,False,12,12,0,0,0,0.0,0.0,0.0,0.0,0.0
1549,872,389,208,147,True,False,12,12,0,0,0,0.0,0.0,0.0,0.0,0.0
1549,873,389,208,240,True,False,12,12,0,0,0,0.0,0.0,0.0,0.0,0.0
1549,874,389,208,247,True,False,12,12,0,0,0,0.0,0.0,0.0,0.0,0.0
1549,875,389,208,402,True,False,12,12,0,0,0,0.0,0.0,0.0,0.0,0.0
1549,876,389,208,432,True,False,12,12,0,0,0,0.0,0.0,0.0,0.0,0.0
1550,1197,389,296,84,True,True,276,276,236,1354,12,0.0,3.0,4.905797101449275,0.855072463768116,4.905797101449275
1550,1198,389,296,98,True,False,276,276,0,0,0,0.0,0.0,0.0,0.0,0.0
1550,1199,389,296,147,True,False,276,276,0,0,0,0.0,0.0,0.0,0.0,0.0
1550,1200,389,296,208,True,True,276,276,216,1582,14,0.0,3.0,5.731884057971015,0.782608695652174,5.731884057971015
1550,1201,389,296,240,True,False,276,276,0,0,0,0.0,0.0,0.0,0.0,0.0
1551,1521,389,385,23,True,True,64,64,16,97,4,0.0,1.0,1.515625,0.25,1.515625
1551,1522,389,385,24,True,False,64,64,0,0,0,0.0,0.0,0.0,0.0,0.0
1551,1523,389,385,84,True,False,64,64,0,0,0,0.0,0.0,0.0,0.0,0.0
1551,1524,389,385,85,True,True,64,64,11,31,3,0.0,0.0,0.484375,0.171875,0.484375
1551,1525,389,385,157,True,True,64,64,14,93,3,0.0,4.0,1.453125,0.21875,1.453125
1551,1526,389,385,217,True,True,64,64,9,57,1,7.0,9.0,0.890625,0.140625,0.890625
1551,1527,389,385,224,True,False,64,64,0,0,0,0.0,0.0,0.0,0.0,0.0
1551,1528,389,385,243,True,False,64,64,0,0,0,0.0,0.0,0.0,0.0,0.0
1551,1529,389,385,296,True,True,64,64,33,436,3,0.0,3.0,6.8125,0.515625,6.8125
1551,1530,389,385,316,True,False,64,64,0,0,0,0.0,0.0,0.0,0.0,0.0
1551,1531,389,385,389,True,False,64,64,0,0,0,0.0,0.0,0.0,0.0,0.0
1551,1532,389,385,402,True,False,64,64,0,0,0,0.0,0.0,0.0,0.0,0.0
1551,1533,389,385,474,True,True,64,64,1,5,1,8.0,8.0,0.078125,0.015625,0.078125
1552,1782,389,474,7,True,False,21,21,0,0,0,0.0,0.0,0.0,0.0,0.0
1552,1783,389,474,37,True,False,21,21,0,0,0,0.0,0.0,0.0,0.0,0.0
1552,1784,389,474,39,True,False,21,21,0,0,0,0.0,0.0,0.0,0.0,0.0
1552,1785,389,474,58,True,True,21,21,12,165,1,0.0,2.0,7.857142857142857,0.5714285714285714,7.857142857142857
1552,1786,389,474,84,True,False,21,21,0,0,0,0.0,0.0,0.0,0.0,0.0
1552,1787,389,474,88,True,False,21,21,0,0,0,0.0,0.0,0.0,0.0,0.0
1552,1788,389,474,115,True,False,21,21,0,0,0,0.0,0.0,0.0,0.0,0.0
1552,1789,389,474,125,True,False,21,21,0,0,0,0.0,0.0,0.0,0.0,0.0
1552,1790,389,474,143,True,False,21,21,0,0,0,0.0,0.0,0.0,0.0,0.0
1552,1791,389,474,217,True,False,21,21,0,0,0,0.0,0.0,0.0,0.0,0.0
1552,1792,389,474,243,True,False,21,21,0,0,0,0.0,0.0,0.0,0.0,0.0
1552,1793,389,474,261,True,False,21,21,0,0,0,0.0,0.0,0.0,0.0,0.0
1552,1794,389,474,279,True,False,21,21,0,0,0,0.0,0.0,0.0,0.0,0.0
1552,1795,389,474,309,True,False,21,21,0,0,0,0.0,0.0,0.0,0.0,0.0
1552,1796,389,474,317,True,False,21,21,0,0,0,0.0,0.0,0.0,0.0,0.0
1552,1797,389,474,321,True,False,21,21,0,0,0,0.0,0.0,0.0,0.0,0.0
1552,1798,389,474,385,True,False,21,21,0,0,0,0.0,0.0,0.0,0.0,0.0
1552,1799,389,474,389,True,True,21,21,9,130,1,0.0,3.0,6.190476190476191,0.42857142857142855,6.190476190476191
1552,1800,389,474,402,True,False,21,21,0,0,0,0.0,0.0,0.0,0.0,0.0
1553,13,390,2,21,True,True,50,50,12,48,1,2.0,6.0,0.96,0.24,0.96
1553,14,390,2,31,True,True,50,50,22,86,2,3.0,6.0,1.72,0.44,1.72
1553,15,390,2,43,True,True,50,50,14,70,1,4.0,8.0,1.4,0.28,1.4
1553,16,390,2,61,True,True,50,50,22,110,2,1.0,5.0,2.2,0.44,2.2
1553,17,390,2,74,True,True,50,50,22,46,2,4.0,7.0,0.92,0.44,0.92
1553,18,390,2,126,True,False,50,50,0,0,0,0.0,0.0,0.0,0.0,0.0
1553,19,390,2,144,True,False,50,50,0,0,0,0.0,0.0,0.0,0.0,0.0
1553,20,390,2,175,True,False,50,50,0,0,0,0.0,0.0,0.0,0.0,0.0
1553,21,390,2,179,True,True,50,50,14,56,1,3.0,7.0,1.12,0.28,1.12
1553,22,390,2,186,True,False,50,50,0,0,0,0.0,0.0,0.0,0.0,0.0
1553,23,390,2,313,True,False,50,50,0,0,0,0.0,0.0,0.0,0.0,0.0
1553,24,390,2,488,True,True,50,50,14,84,1,3.0,7.0,1.68,0.28,1.68
1554,54,390,8,22,True,True,9,9,3,26,1,0.0,1.0,2.888888888888889,0.3333333333333333,2.888888888888889
1554,55,390,8,79,True,True,9,9,4,40,1,0.0,1.0,4.444444444444445,0.4444444444444444,4.444444444444445
1554,56,390,8,80,True,False,9,9,0,0,0,0.0,0.0,0.0,0.0,0.0
1554,57,390,8,100,True,False,9,9,0,0,0,0.0,0.0,0.0,0.0,0.0
1554,58,390,8,126,True,False,9,9,0,0,0,0.0,0.0,0.0,0.0,0.0
1554,59,390,8,144,True,False,9,9,0,0,0,0.0,0.0,0.0,0.0,0.0
1554,60,390,8,149,True,False,9,9,0,0,0,0.0,0.0,0.0,0.0,0.0
1554,61,390,8,171,True,False,9,9,0,0,0,0.0,0.0,0.0,0.0,0.0
1554,62,390,8,184,True,False,9,9,0,0,0,0.0,0.0,0.0,0.0,0.0
1554,63,390,8,229,True,False,9,9,0,0,0,0.0,0.0,0.0,0.0,0.0
1554,64,390,8,230,True,True,9,9,2,2,1,0.0,0.0,0.2222222222222222,0.2222222222222222,0.2222222222222222
1554,65,390,8,258,True,False,9,9,0,0,0,0.0,0.0,0.0,0.0,0.0
1554,66,390,8,311,True,False,9,9,0,0,0,0.0,0.0,0.0,0.0,0.0
1554,67,390,8,315,True,False,9,9,0,0,0,0.0,0.0,0.0,0.0,0.0
1554,68,390,8,390,True,True,9,9,2,8,1,0.0,0.0,0.8888888888888888,0.2222222222222222,0.8888888888888888
1555,129,390,22,21,True,True,193,193,40,150,4,0.0,4.0,0.7772020725388601,0.20725388601036268,0.7772020725388601
1555,130,390,22,31,True,True,193,193,89,329,8,1.0,5.0,1.7046632124352332,0.46113989637305697,1.7046632124352332
1555,131,390,22,43,True,True,193,193,101,439,9,1.0,6.0,2.2746113989637307,0.5233160621761658,2.2746113989637307
1555,132,390,22,61,True,True,193,193,92,512,8,0.0,4.0,2.6528497409326426,0.47668393782383417,2.6528497409326426
1555,133,390,22,74,True,True,193,193,25,25,3,4.0,7.0,0.12953367875647667,0.12953367875647667,0.12953367875647667
1555,134,390,22,79,True,False,193,193,0,0,0,0.0,0.0,0.0,0.0,0.0
1555,135,390,22,139,True,False,193,193,0,0,0,0.0,0.0,0.0,0.0,0.0
1555,136,390,22,144,True,False,193,193,0,0,0,0.0,0.0,0.0,0.0,0.0
1555,137,390,22,175,True,True,193,193,68,409,4,0.0,2.0,2.1191709844559585,0.35233160621761656,2.1191709844559585
1555,138,390,22,179,True,True,193,193,70,244,6,0.0,5.0,1.2642487046632125,0.3626943005181347,1.2642487046632125
1555,139,390,22,186,True,True,193,193,39,81,3,0.0,5.0,0.41968911917098445,0.20207253886010362,0.41968911917098445
1555,140,390,22,273,True,False,193,193,0,0,0,0.0,0.0,0.0,0.0,0.0
1556,339,390,79,8,True,False,20,20,0,0,0,0.0,0.0,0.0,0.0,0.0
1556,340,390,79,22,True,False,20,20,0,0,0,0.0,0.0,0.0,0.0,0.0
1556,341,390,79,100,True,False,20,20,0,0,0,0.0,0.0,0.0,0.0,0.0
1556,342,390,79,149,True,False,20,20,0,0,0,0.0,0.0,0.0,0.0,0.0
1556,343,390,79,164,True,False,20,20,0,0,0,0.0,0.0,0.0,0.0,0.0
1556,344,390,79,171,True,True,20,20,19,169,2,0.0,5.0,8.45,0.95,8.45
1556,345,390,79,184,True,False,20,20,0,0,0,0.0,0.0,0.0,0.0,0.0
1556,346,390,79,230,True,True,20,20,5,36,1,0.0,2.0,1.8,0.25,1.8
1556,347,390,79,271,True,False,20,20,0,0,0,0.0,0.0,0.0,0.0,0.0
1556,348,390,79,288,True,False,20,20,0,0,0,0.0,0.0,0.0,0.0,0.0
1556,349,390,79,311,True,False,20,20,0,0,0,0.0,0.0,0.0,0.0,0.0
1556,350,390,79,390,True,False,20,20,0,0,0,0.0,0.0,0.0,0.0,0.0
1556,351,390,79,485,True,False,20,20,0,0,0,0.0,0.0,0.0,0.0,0.0
1557,352,390,80,10,True,False,89,89,0,0,0,0.0,0.0,0.0,0.0,0.0
1557,353,390,80,79,True,False,89,89,0,0,0,0.0,0.0,0.0,0.0,0.0
1557,354,390,80,118,True,False,89,89,0,0,0,0.0,0.0,0.0,0.0,0.0
1557,355,390,80,138,True,True,89,89,12,12,1,0.0,2.5,0.1348314606741573,0.1348314606741573,0.1348314606741573
1557,356,390,80,149,True,True,89,89,5,30,2,0.0,1.0,0.33707865168539325,0.056179775280898875,0.33707865168539325
1557,357,390,80,151,True,True,89,89,1,5,1,0.0,0.0,0.056179775280898875,0.011235955056179775,0.056179775280898875
1557,358,390,80,171,True,True,89,89,23,275,4,0.0,4.0,3.0898876404494384,0.25842696629213485,3.0898876404494384
1557,359,390,80,230,True,False,89,89,0,0,0,0.0,0.0,0.0,0.0,0.0
1557,360,390,80,258,True,False,89,89,0,0,0,0.0,0.0,0.0,0.0,0.0
1557,361,390,80,268,True,True,89,89,33,372,6,0.0,4.0,4.179775280898877,0.3707865168539326,4.179775280898877
1557,362,390,80,297,True,False,89,89,0,0,0,0.0,0.0,0.0,0.0,0.0
1557,363,390,80,311,True,True,89,89,31,217,4,0.0,1.0,2.438202247191011,0.34831460674157305,2.438202247191011
1557,364,390,80,390,True,True,89,89,18,89,4,0.0,0.0,1.0,0.20224719101123595,1.0
1557,365,390,80,415,True,False,89,89,0,0,0,0.0,0.0,0.0,0.0,0.0
1558,506,390,138,42,True,False,14,14,0,0,0,0.0,0.0,0.0,0.0,0.0
1558,507,390,138,63,True,False,14,14,0,0,0,0.0,0.0,0.0,0.0,0.0
1558,508,390,138,151,True,False,14,14,0,0,0,0.0,0.0,0.0,0.0,0.0
1558,509,390,138,171,True,True,14,14,7,11,1,0.0,0.0,0.7857142857142857,0.5,0.7857142857142857
1558,510,390,138,258,True,False,14,14,0,0,0,0.0,0.0,0.0,0.0,0.0
1558,511,390,138,288,True,False,14,14,0,0,0,0.0,0.0,0.0,0.0,0.0
1558,512,390,138,340,True,False,14,14,0,0,0,0.0,0.0,0.0,0.0,0.0
1558,513,390,138,415,True,False,14,14,0,0,0,0.0,0.0,0.0,0.0,0.0
1559,591,390,149,8,True,False,21,21,0,0,0,0.0,0.0,0.0,0.0,0.0
1559,592,390,149,42,True,False,21,21,0,0,0,0.0,0.0,0.0,0.0,0.0
1559,593,390,149,79,True,False,21,21,0,0,0,0.0,0.0,0.0,0.0,0.0
1559,594,390,149,80,True,True,21,21,1,1,1,0.0,0.0,0.047619047619047616,0.047619047619047616,0.047619047619047616
1559,595,390,149,100,True,False,21,21,0,0,0,0.0,0.0,0.0,0.0,0.0
1559,596,390,149,151,True,False,21,21,0,0,0,0.0,0.0,0.0,0.0,0.0
1559,597,390,149,171,True,True,21,21,5,52,3,0.0,2.0,2.4761904761904763,0.23809523809523808,2.4761904761904763
1559,598,390,149,184,True,False,21,21,0,0,0,0.0,0.0,0.0,0.0,0.0
1559,599,390,149,230,True,False,21,21,0,0,0,0.0,0.0,0.0,0.0,0.0
1559,600,390,149,268,True,True,21,21,16,118,4,0.0,1.0,5.619047619047619,0.7619047619047619,5.619047619047619
1559,601,390,149,311,True,False,21,21,0,0,0,0.0,0.0,0.0,0.0,0.0
1559,602,390,149,315,True,False,21,21,0,0,0,0.0,0.0,0.0,0.0,0.0
1559,603,390,149,390,True,False,21,21,0,0,0,0.0,0.0,0.0,0.0,0.0
1559,604,390,149,415,True,False,21,21,0,0,0,0.0,0.0,0.0,0.0,0.0
1560,605,390,151,8,True,False,38,38,0,0,0,0.0,0.0,0.0,0.0,0.0
1560,606,390,151,10,True,False,38,38,0,0,0,0.0,0.0,0.0,0.0,0.0
1560,607,390,151,22,True,False,38,38,0,0,0,0.0,0.0,0.0,0.0,0.0
1560,608,390,151,79,True,False,38,38,0,0,0,0.0,0.0,0.0,0.0,0.0
1560,609,390,151,80,True,False,38,38,0,0,0,0.0,0.0,0.0,0.0,0.0
1560,610,390,151,117,True,False,38,38,0,0,0,0.0,0.0,0.0,0.0,0.0
1560,611,390,151,149,True,False,38,38,0,0,0,0.0,0.0,0.0,0.0,0.0
1560,612,390,151,171,True,True,38,38,4,40,1,0.0,3.5,1.0526315789473684,0.10526315789473684,1.0526315789473684
1560,613,390,151,184,True,False,38,38,0,0,0,0.0,0.0,0.0,0.0,0.0
1560,614,390,151,230,True,False,38,38,0,0,0,0.0,0.0,0.0,0.0,0.0
1560,615,390,151,258,True,False,38,38,0,0,0,0.0,0.0,0.0,0.0,0.0
1560,616,390,151,268,True,False,38,38,0,0,0,0.0,0.0,0.0,0.0,0.0
1560,617,390,151,311,True,True,38,38,30,264,4,0.0,2.0,6.947368421052632,0.7894736842105263,6.947368421052632
1560,618,390,151,390,True,True,38,38,7,17,1,0.0,1.0,0.4473684210526316,0.18421052631578946,0.4473684210526316
1560,619,390,151,494,True,False,38,38,0,0,0,0.0,0.0,0.0,0.0,0.0
1561,722,390,171,4,True,True,33,33,7,53,1,6.0,9.0,1.606060606060606,0.21212121212121213,1.606060606060606
1561,723,390,171,8,True,False,33,33,0,0,0,0.0,0.0,0.0,0.0,0.0
1561,724,390,171,26,True,False,33,33,0,0,0,0.0,0.0,0.0,0.0,0.0
1561,725,390,171,42,True,False,33,33,0,0,0,0.0,0.0,0.0,0.0,0.0
1561,726,390,171,109,True,False,33,33,0,0,0,0.0,0.0,0.0,0.0,0.0
1561,727,390,171,118,True,False,33,33,0,0,0,0.0,0.0,0.0,0.0,0.0
1561,728,390,171,138,True,True,33,33,7,55,1,0.0,0.0,1.6666666666666667,0.21212121212121213,1.6666666666666667
1561,729,390,171,151,True,False,33,33,0,0,0,0.0,0.0,0.0,0.0,0.0
1561,730,390,171,163,True,False,33,33,0,0,0,0.0,0.0,0.0,0.0,0.0
1561,731,390,171,164,True,False,33,33,0,0,0,0.0,0.0,0.0,0.0,0.0
1561,732,390,171,172,True,False,33,33,0,0,0,0.0,0.0,0.0,0.0,0.0
1561,733,390,171,173,True,True,33,33,15,121,1,0.0,2.0,3.6666666666666665,0.45454545454545453,3.6666666666666665
1561,734,390,171,180,True,False,33,33,0,0,0,0.0,0.0,0.0,0.0,0.0
1561,735,390,171,259,True,False,33,33,0,0,0,0.0,0.0,0.0,0.0,0.0
1561,736,390,171,271,True,False,33,33,0,0,0,0.0,0.0,0.0,0.0,0.0
1561,737,390,171,288,True,False,33,33,0,0,0,0.0,0.0,0.0,0.0,0.0
1561,738,390,171,297,True,False,33,33,0,0,0,0.0,0.0,0.0,0.0,0.0
1561,739,390,171,410,True,False,33,33,0,0,0,0.0,0.0,0.0,0.0,0.0
1562,758,390,175,2,True,False,73,73,0,0,0,0.0,0.0,0.0,0.0,0.0
1562,759,390,175,21,True,True,73,73,20,84,2,0.0,5.0,1.1506849315068493,0.273972602739726,1.1506849315068493
1562,760,390,175,31,True,True,73,73,33,162,4,0.0,5.0,2.219178082191781,0.4520547945205479,2.219178082191781
1562,761,390,175,43,True,True,73,73,40,195,4,2.0,6.0,2.671232876712329,0.547945205479452,2.671232876712329
1562,762,390,175,61,True,True,73,73,13,61,2,0.0,2.0,0.8356164383561644,0.1780821917808219,0.8356164383561644
1562,763,390,175,74,True,True,73,73,32,52,4,1.0,4.5,0.7123287671232876,0.4383561643835616,0.7123287671232876
1562,764,390,175,80,True,False,73,73,0,0,0,0.0,0.0,0.0,0.0,0.0
1562,765,390,175,126,True,False,73,73,0,0,0,0.0,0.0,0.0,0.0,0.0
1562,766,390,175,139,True,False,73,73,0,0,0,0.0,0.0,0.0,0.0,0.0
1562,767,390,175,179,True,True,73,73,26,89,3,1.0,5.0,1.2191780821917808,0.3561643835616438,1.2191780821917808
1562,768,390,175,186,True,True,73,73,13,51,2,0.0,3.0,0.6986301369863014,0.1780821917808219,0.6986301369863014
1562,769,390,175,248,True,False,73,73,0,0,0,0.0,0.0,0.0,0.0,0.0
1562,770,390,175,258,True,False,73,73,0,0,0,0.0,0.0,0.0,0.0,0.0
1562,771,390,175,273,True,False,73,73,0,0,0,0.0,0.0,0.0,0.0,0.0
1562,772,390,175,311,True,False,73,73,0,0,0,0.0,0.0,0.0,0.0,0.0
1562,773,390,175,390,True,False,73,73,0,0,0,0.0,0.0,0.0,0.0,0.0
1562,774,390,175,415,True,False,73,73,0,0,0,0.0,0.0,0.0,0.0,0.0
1562,775,390,175,488,True,False,73,73,0,0,0,0.0,0.0,0.0,0.0,0.0
1563,912,390,230,4,True,True,14,14,12,111,1,0.0,1.0,7.928571428571429,0.8571428571428571,7.928571428571429
1563,913,390,230,8,True,False,14,14,0,0,0,0.0,0.0,0.0,0.0,0.0
1563,914,390,230,22,True,False,14,14,0,0,0,0.0,0.0,0.0,0.0,0.0
1563,915,390,230,50,True,False,14,14,0,0,0,0.0,0.0,0.0,0.0,0.0
1563,916,390,230,79,True,False,14,14,0,0,0,0.0,0.0,0.0,0.0,0.0
1563,917,390,230,80,True,False,14,14,0,0,0,0.0,0.0,0.0,0.0,0.0
1563,918,390,230,100,True,False,14,14,0,0,0,0.0,0.0,0.0,0.0,0.0
1563,919,390,230,149,True,False,14,14,0,0,0,0.0,0.0,0.0,0.0,0.0
1563,920,390,230,151,True,False,14,14,0,0,0,0.0,0.0,0.0,0.0,0.0
1563,921,390,230,171,True,False,14,14,0,0,0,0.0,0.0,0.0,0.0,0.0
1563,922,390,230,184,True,False,14,14,0,0,0,0.0,0.0,0.0,0.0,0.0
1563,923,390,230,288,True,False,14,14,0,0,0,0.0,0.0,0.0,0.0,0.0
1563,924,390,230,311,True,False,14,14,0,0,0,0.0,0.0,0.0,0.0,0.0
1563,925,390,230,390,True,True,14,14,2,10,1,0.0,0.0,0.7142857142857143,0.14285714285714285,0.7142857142857143
1563,926,390,230,485,True,False,14,14,0,0,0,0.0,0.0,0.0,0.0,0.0
1564,1039,390,258,2,True,True,244,244,20,198,3,0.0,2.0,0.8114754098360656,0.08196721311475409,0.8114754098360656
1564,1040,390,258,22,True,True,244,244,54,436,7,0.0,1.0,1.7868852459016393,0.22131147540983606,1.7868852459016393
1564,1041,390,258,61,True,True,244,244,35,65,3,0.0,5.0,0.26639344262295084,0.14344262295081966,0.26639344262295084
1564,1042,390,258,80,True,True,244,244,6,22,3,0.0,0.0,0.09016393442622951,0.02459016393442623,0.09016393442622951
1564,1043,390,258,126,True,True,244,244,15,60,1,1.0,5.0,0.2459016393442623,0.06147540983606557,0.2459016393442623
1564,1044,390,258,151,True,False,244,244,0,0,0,0.0,0.0,0.0,0.0,0.0
1564,1045,390,258,175,True,True,244,244,184,1798,15,0.0,3.0,7.368852459016393,0.7540983606557377,7.368852459016393
1564,1046,390,258,311,True,True,244,244,1,3,1,0.0,0.0,0.012295081967213115,0.004098360655737705,0.012295081967213115
1564,1047,390,258,390,True,True,244,244,7,10,3,0.0,0.0,0.040983606557377046,0.028688524590163935,0.040983606557377046
1564,1048,390,258,415,True,False,244,244,0,0,0,0.0,0.0,0.0,0.0,0.0
1565,1099,390,268,112,True,False,47,47,0,0,0,0.0,0.0,0.0,0.0,0.0
1565,1100,390,268,171,True,False,47,47,0,0,0,0.0,0.0,0.0,0.0,0.0
1565,1101,390,268,173,True,False,47,47,0,0,0,0.0,0.0,0.0,0.0,0.0
1565,1102,390,268,205,True,False,47,47,0,0,0,0.0,0.0,0.0,0.0,0.0
1565,1103,390,268,271,True,True,47,47,39,165,7,1.0,7.0,3.5106382978723403,0.8297872340425532,3.5106382978723403
1565,1104,390,268,297,True,True,47,47,37,184,7,0.0,6.0,3.9148936170212765,0.7872340425531915,3.9148936170212765
1565,1105,390,268,371,True,False,47,47,0,0,0,0.0,0.0,0.0,0.0,0.0
1565,1106,390,268,390,True,True,47,47,4,4,1,0.0,0.0,0.0851063829787234,0.0851063829787234,0.0851063829787234
1565,1107,390,268,410,True,True,47,47,2,18,1,4.0,7.0,0.3829787234042553,0.0425531914893617,0.3829787234042553
1566,1184,390,294,21,True,False,44,44,0,0,0,0.0,0.0,0.0,0.0,0.0
1566,1185,390,294,22,True,True,44,44,39,326,4,0.0,1.0,7.409090909090909,0.8863636363636364,7.409090909090909
1566,1186,390,294,61,True,True,44,44,15,74,1,0.0,3.0,1.6818181818181819,0.3409090909090909,1.6818181818181819
1566,1187,390,294,117,True,False,44,44,0,0,0,0.0,0.0,0.0,0.0,0.0
1566,1188,390,294,141,True,False,44,44,0,0,0,0.0,0.0,0.0,0.0,0.0
1566,1189,390,294,169,True,False,44,44,0,0,0,0.0,0.0,0.0,0.0,0.0
1566,1190,390,294,175,True,True,44,44,5,25,1,0.0,0.0,0.5681818181818182,0.11363636363636363,0.5681818181818182
1566,1191,390,294,179,True,False,44,44,0,0,0,0.0,0.0,0.0,0.0,0.0
1566,1192,390,294,186,True,True,44,44,15,15,1,1.0,4.0,0.3409090909090909,0.3409090909090909,0.3409090909090909
1566,1193,390,294,281,True,False,44,44,0,0,0,0.0,0.0,0.0,0.0,0.0
1566,1194,390,294,313,True,False,44,44,0,0,0,0.0,0.0,0.0,0.0,0.0
1566,1195,390,294,433,True,False,44,44,0,0,0,0.0,0.0,0.0,0.0,0.0
1566,1196,390,294,455,True,False,44,44,0,0,0,0.0,0.0,0.0,0.0,0.0
1567,1240,390,311,4,True,True,198,198,38,264,3,0.0,9.0,1.3333333333333333,0.1919191919191919,1.3333333333333333
1567,1241,390,311,80,True,False,198,198,0,0,0,0.0,0.0,0.0,0.0,0.0
1567,1242,390,311,118,True,True,198,198,24,196,4,1.0,6.0,0.98989898989899,0.12121212121212122,0.98989898989899
1567,1243,390,311,138,True,True,198,198,55,503,4,0.0,7.0,2.54040404040404,0.2777777777777778,2.54040404040404
1567,1244,390,311,149,True,False,198,198,0,0,0,0.0,0.0,0.0,0.0,0.0
1567,1245,390,311,151,True,True,198,198,4,6,2,0.0,0.0,0.030303030303030304,0.020202020202020204,0.030303030303030304
1567,1246,390,311,163,True,True,198,198,2,6,1,6.0,7.0,0.030303030303030304,0.010101010101010102,0.030303030303030304
1567,1247,390,311,171,True,True,198,198,20,165,5,0.0,4.0,0.8333333333333334,0.10101010101010101,0.8333333333333334
1567,1248,390,311,288,True,True,198,198,20,139,3,1.0,6.0,0.702020202020202,0.10101010101010101,0.702020202020202
1567,1249,390,311,371,True,False,198,198,0,0,0,0.0,0.0,0.0,0.0,0.0
1567,1250,390,311,390,True,True,198,198,8,28,2,0.0,0.0,0.1414141414141414,0.04040404040404041,0.1414141414141414
1567,1251,390,311,415,True,False,198,198,0,0,0,0.0,0.0,0.0,0.0,0.0
1568,161,395,26,16,True,False,5,5,0,0,0,0.0,0.0,0.0,0.0,0.0
1568,162,395,26,46,True,False,5,5,0,0,0,0.0,0.0,0.0,0.0,0.0
1568,163,395,26,109,True,False,5,5,0,0,0,0.0,0.0,0.0,0.0,0.0
1568,164,395,26,213,True,False,5,5,0,0,0,0.0,0.0,0.0,0.0,0.0
1568,165,395,26,266,True,False,5,5,0,0,0,0.0,0.0,0.0,0.0,0.0
1568,166,395,26,378,True,False,5,5,0,0,0,0.0,0.0,0.0,0.0,0.0
1568,167,395,26,382,True,False,5,5,0,0,0,0.0,0.0,0.0,0.0,0.0
1568,168,395,26,430,True,False,5,5,0,0,0,0.0,0.0,0.0,0.0,0.0
1568,169,395,26,462,True,False,5,5,0,0,0,0.0,0.0,0.0,0.0,0.0
1568,170,395,26,487,True,False,5,5,0,0,0,0.0,0.0,0.0,0.0,0.0
1568,171,395,26,497,True,False,5,5,0,0,0,0.0,0.0,0.0,0.0,0.0
1569,172,395,28,1,True,True,37,37,4,13,1,0.0,2.0,0.35135135135135137,0.10810810810810811,0.35135135135135137
1569,173,395,28,56,True,False,37,37,0,0,0,0.0,0.0,0.0,0.0,0.0
1569,174,395,28,222,True,False,37,37,0,0,0,0.0,0.0,0.0,0.0,0.0
1569,175,395,28,271,True,True,37,37,7,43,1,0.0,2.0,1.162162162162162,0.1891891891891892,1.162162162162162
1569,176,395,28,318,True,False,37,37,0,0,0,0.0,0.0,0.0,0.0,0.0
1569,177,395,28,326,True,False,37,37,0,0,0,0.0,0.0,0.0,0.0,0.0
1569,178,395,28,347,True,False,37,37,0,0,0,0.0,0.0,0.0,0.0,0.0
1569,179,395,28,355,True,True,37,37,37,89,5,0.0,1.0,2.4054054054054053,1.0,2.4054054054054053
1569,180,395,28,369,True,True,37,37,7,25,1,0.0,2.0,0.6756756756756757,0.1891891891891892,0.6756756756756757
1569,181,395,28,410,True,True,37,37,11,33,1,0.0,3.0,0.8918918918918919,0.2972972972972973,0.8918918918918919
1569,182,395,28,429,True,True,37,37,30,212,4,0.0,2.0,5.72972972972973,0.8108108108108109,5.72972972972973
1570,462,395,118,63,True,False,38,38,0,0,0,0.0,0.0,0.0,0.0,0.0
1570,463,395,118,340,True,False,38,38,0,0,0,0.0,0.0,0.0,0.0,0.0
1571,665,395,163,259,True,False,7,7,0,0,0,0.0,0.0,0.0,0.0,0.0
1571,666,395,163,288,True,False,7,7,0,0,0,0.0,0.0,0.0,0.0,0.0
1571,667,395,163,371,True,False,7,7,0,0,0,0.0,0.0,0.0,0.0,0.0
1571,668,395,163,410,True,False,7,7,0,0,0,0.0,0.0,0.0,0.0,0.0
1572,1108,395,271,1,True,False,12,12,0,0,0,0.0,0.0,0.0,0.0,0.0
1572,1109,395,271,28,True,True,12,12,2,4,1,7.0,7.0,0.3333333333333333,0.16666666666666666,0.3333333333333333
1572,1110,395,271,42,True,False,12,12,0,0,0,0.0,0.0,0.0,0.0,0.0
1572,1111,395,271,56,True,True,12,12,2,6,1,7.0,7.0,0.5,0.16666666666666666,0.5
1572,1112,395,271,63,True,True,12,12,10,29,1,0.0,2.0,2.4166666666666665,0.8333333333333334,2.4166666666666665
1572,1113,395,271,146,True,False,12,12,0,0,0,0.0,0.0,0.0,0.0,0.0
1572,1114,395,271,164,True,False,12,12,0,0,0,0.0,0.0,0.0,0.0,0.0
1572,1115,395,271,171,True,False,12,12,0,0,0,0.0,0.0,0.0,0.0,0.0
1572,1116,395,271,173,True,False,12,12,0,0,0,0.0,0.0,0.0,0.0,0.0
1572,1117,395,271,180,True,False,12,12,0,0,0,0.0,0.0,0.0,0.0,0.0
1572,1118,395,271,196,True,False,12,12,0,0,0,0.0,0.0,0.0,0.0,0.0
1572,1119,395,271,207,True,False,12,12,0,0,0,0.0,0.0,0.0,0.0,0.0
1572,1120,395,271,222,True,False,12,12,0,0,0,0.0,0.0,0.0,0.0,0.0
1572,1121,395,271,297,True,False,12,12,0,0,0,0.0,0.0,0.0,0.0,0.0
1572,1122,395,271,355,True,False,12,12,0,0,0,0.0,0.0,0.0,0.0,0.0
1572,1123,395,271,369,True,False,12,12,0,0,0,0.0,0.0,0.0,0.0,0.0
1572,1124,395,271,410,True,False,12,12,0,0,0,0.0,0.0,0.0,0.0,0.0
1572,1125,395,271,429,True,False,12,12,0,0,0,0.0,0.0,0.0,0.0,0.0
1573,1126,395,272,120,True,True,30,30,7,17,1,7.0,9.0,0.5666666666666667,0.23333333333333334,0.5666666666666667
1574,1202,395,297,1,True,False,86,86,0,0,0,0.0,0.0,0.0,0.0,0.0
1574,1203,395,297,42,True,True,86,86,15,150,1,1.0,6.0,1.744186046511628,0.1744186046511628,1.744186046511628
1574,1204,395,297,56,True,False,86,86,0,0,0,0.0,0.0,0.0,0.0,0.0
1574,1205,395,297,63,True,True,86,86,45,405,3,0.0,6.0,4.709302325581396,0.5232558139534884,4.709302325581396
1574,1206,395,297,112,True,False,86,86,0,0,0,0.0,0.0,0.0,0.0,0.0
1574,1207,395,297,118,True,True,86,86,15,75,1,0.0,5.0,0.872093023255814,0.1744186046511628,0.872093023255814
1574,1208,395,297,151,True,True,86,86,15,45,1,4.0,8.0,0.5232558139534884,0.1744186046511628,0.5232558139534884
1574,1209,395,297,163,True,False,86,86,0,0,0,0.0,0.0,0.0,0.0,0.0
1574,1210,395,297,222,True,False,86,86,0,0,0,0.0,0.0,0.0,0.0,0.0
1574,1211,395,297,259,True,False,86,86,0,0,0,0.0,0.0,0.0,0.0,0.0
1574,1212,395,297,271,True,False,86,86,0,0,0,0.0,0.0,0.0,0.0,0.0
1574,1213,395,297,371,True,False,86,86,0,0,0,0.0,0.0,0.0,0.0,0.0
1574,1214,395,297,382,True,True,86,86,30,255,2,0.0,6.0,2.9651162790697674,0.3488372093023256,2.9651162790697674
1574,1215,395,297,410,True,False,86,86,0,0,0,0.0,0.0,0.0,0.0,0.0
1574,1216,395,297,414,True,False,86,86,0,0,0,0.0,0.0,0.0,0.0,0.0
1574,1217,395,297,497,True,False,86,86,0,0,0,0.0,0.0,0.0,0.0,0.0
1575,1330,395,326,56,True,True,41,41,15,225,1,1.0,6.0,5.487804878048781,0.36585365853658536,5.487804878048781
1576,1408,395,355,1,True,True,10,10,1,1,1,0.0,0.0,0.1,0.1,0.1
1576,1409,395,355,28,True,True,10,10,2,3,2,0.0,0.0,0.3,0.2,0.3
1576,1410,395,355,56,True,True,10,10,5,25,1,8.0,8.0,2.5,0.5,2.5
1576,1411,395,355,207,True,False,10,10,0,0,0,0.0,0.0,0.0,0.0,0.0
1576,1412,395,355,271,True,False,10,10,0,0,0,0.0,0.0,0.0,0.0,0.0
1576,1413,395,355,318,True,False,10,10,0,0,0,0.0,0.0,0.0,0.0,0.0
1576,1414,395,355,326,True,False,10,10,0,0,0,0.0,0.0,0.0,0.0,0.0
1576,1415,395,355,347,True,False,10,10,0,0,0,0.0,0.0,0.0,0.0,0.0
1576,1416,395,355,362,True,False,10,10,0,0,0,0.0,0.0,0.0,0.0,0.0
1576,1417,395,355,369,True,False,10,10,0,0,0,0.0,0.0,0.0,0.0,0.0
1576,1418,395,355,398,True,False,10,10,0,0,0,0.0,0.0,0.0,0.0,0.0
1576,1419,395,355,410,True,True,10,10,3,3,2,0.0,0.0,0.3,0.3,0.3
1576,1420,395,355,429,True,True,10,10,5,18,4,0.0,0.0,1.8,0.5,1.8
1577,1441,395,369,56,True,False,25,25,0,0,0,0.0,0.0,0.0,0.0,0.0
1577,1442,395,369,146,True,True,25,25,10,29,1,0.0,2.0,1.16,0.4,1.16
1577,1443,395,369,163,True,False,25,25,0,0,0,0.0,0.0,0.0,0.0,0.0
1577,1444,395,369,164,True,True,25,25,10,86,1,0.0,1.0,3.44,0.4,3.44
1577,1445,395,369,207,True,True,25,25,15,225,1,0.0,5.0,9.0,0.6,9.0
1577,1446,395,369,271,True,False,25,25,0,0,0,0.0,0.0,0.0,0.0,0.0
1577,1447,395,369,329,True,False,25,25,0,0,0,0.0,0.0,0.0,0.0,0.0
1577,1448,395,369,355,True,False,25,25,0,0,0,0.0,0.0,0.0,0.0,0.0
1577,1449,395,369,371,True,False,25,25,0,0,0,0.0,0.0,0.0,0.0,0.0
1577,1450,395,369,375,True,False,25,25,0,0,0,0.0,0.0,0.0,0.0,0.0
1577,1451,395,369,410,True,False,25,25,0,0,0,0.0,0.0,0.0,0.0,0.0
1577,1452,395,369,414,True,False,25,25,0,0,0,0.0,0.0,0.0,0.0,0.0
1577,1453,395,369,429,True,False,25,25,0,0,0,0.0,0.0,0.0,0.0,0.0
1578,1471,395,378,26,True,True,15,15,15,23,2,0.0,0.0,1.5333333333333334,1.0,1.5333333333333334
1578,1472,395,378,46,True,False,15,15,0,0,0,0.0,0.0,0.0,0.0,0.0
1578,1473,395,378,112,True,False,15,15,0,0,0,0.0,0.0,0.0,0.0,0.0
1578,1474,395,378,213,True,False,15,15,0,0,0,0.0,0.0,0.0,0.0,0.0
1578,1475,395,378,238,True,False,15,15,0,0,0,0.0,0.0,0.0,0.0,0.0
1578,1476,395,378,294,True,False,15,15,0,0,0,0.0,0.0,0.0,0.0,0.0
1578,1477,395,378,324,True,False,15,15,0,0,0,0.0,0.0,0.0,0.0,0.0
1578,1478,395,378,382,True,False,15,15,0,0,0,0.0,0.0,0.0,0.0,0.0
1578,1479,395,378,462,True,False,15,15,0,0,0,0.0,0.0,0.0,0.0,0.0
1579,1667,395,429,1,True,False,17,17,0,0,0,0.0,0.0,0.0,0.0,0.0
1579,1668,395,429,259,True,False,17,17,0,0,0,0.0,0.0,0.0,0.0,0.0
1579,1669,395,429,297,True,True,17,17,1,6,1,1.0,2.5,0.35294117647058826,0.058823529411764705,0.35294117647058826
1579,1670,395,429,369,True,False,17,17,0,0,0,0.0,0.0,0.0,0.0,0.0
1579,1671,395,429,410,True,True,17,17,1,8,1,0.0,1.5,0.47058823529411764,0.058823529411764705,0.47058823529411764
1579,1672,395,429,414,True,False,17,17,0,0,0,0.0,0.0,0.0,0.0,0.0
1580,271,398,56,7,True,False,56,56,0,0,0,0.0,0.0,0.0,0.0,0.0
1580,272,398,56,143,True,False,56,56,0,0,0,0.0,0.0,0.0,0.0,0.0
1580,273,398,56,167,True,True,56,56,9,9,1,4.0,6.0,0.16071428571428573,0.16071428571428573,0.16071428571428573
1580,274,398,56,207,True,False,56,56,0,0,0,0.0,0.0,0.0,0.0,0.0
1580,275,398,56,263,True,False,56,56,0,0,0,0.0,0.0,0.0,0.0,0.0
1580,276,398,56,415,True,False,56,56,0,0,0,0.0,0.0,0.0,0.0,0.0
1580,277,398,56,440,True,False,56,56,0,0,0,0.0,0.0,0.0,0.0,0.0
1580,278,398,56,509,True,False,56,56,0,0,0,0.0,0.0,0.0,0.0,0.0
1581,860,398,207,161,True,False,29,29,0,0,0,0.0,0.0,0.0,0.0,0.0
1581,861,398,207,167,True,True,29,29,10,40,1,1.0,4.5,1.3793103448275863,0.3448275862068966,1.3793103448275863
1581,862,398,207,196,True,False,29,29,0,0,0,0.0,0.0,0.0,0.0,0.0
1581,863,398,207,263,True,False,29,29,0,0,0,0.0,0.0,0.0,0.0,0.0
1581,864,398,207,375,True,False,29,29,0,0,0,0.0,0.0,0.0,0.0,0.0
1581,865,398,207,405,True,False,29,29,0,0,0,0.0,0.0,0.0,0.0,0.0
1581,866,398,207,440,True,False,29,29,0,0,0,0.0,0.0,0.0,0.0,0.0
1581,867,398,207,485,True,False,29,29,0,0,0,0.0,0.0,0.0,0.0,0.0
1582,1408,398,355,1,True,False,26,26,0,0,0,0.0,0.0,0.0,0.0,0.0
1582,1409,398,355,28,True,False,26,26,0,0,0,0.0,0.0,0.0,0.0,0.0
1582,1410,398,355,56,True,False,26,26,0,0,0,0.0,0.0,0.0,0.0,0.0
1582,1411,398,355,207,True,False,26,26,0,0,0,0.0,0.0,0.0,0.0,0.0
1582,1412,398,355,271,True,False,26,26,0,0,0,0.0,0.0,0.0,0.0,0.0
1582,1413,398,355,318,True,False,26,26,0,0,0,0.0,0.0,0.0,0.0,0.0
1582,1414,398,355,326,True,False,26,26,0,0,0,0.0,0.0,0.0,0.0,0.0
1582,1415,398,355,347,True,False,26,26,0,0,0,0.0,0.0,0.0,0.0,0.0
1582,1416,398,355,362,True,True,26,26,4,8,1,7.0,9.0,0.3076923076923077,0.15384615384615385,0.3076923076923077
1582,1417,398,355,369,True,False,26,26,0,0,0,0.0,0.0,0.0,0.0,0.0
1582,1418,398,355,398,True,False,26,26,0,0,0,0.0,0.0,0.0,0.0,0.0
1582,1419,398,355,410,True,False,26,26,0,0,0,0.0,0.0,0.0,0.0,0.0
1582,1420,398,355,429,True,False,26,26,0,0,0,0.0,0.0,0.0,0.0,0.0
1583,42,402,7,28,True,False,9,9,0,0,0,0.0,0.0,0.0,0.0,0.0
1583,43,402,7,77,True,False,9,9,0,0,0,0.0,0.0,0.0,0.0,0.0
1583,44,402,7,133,True,False,9,9,0,0,0,0.0,0.0,0.0,0.0,0.0
1583,45,402,7,143,True,False,9,9,0,0,0,0.0,0.0,0.0,0.0,0.0
1583,46,402,7,167,True,False,9,9,0,0,0,0.0,0.0,0.0,0.0,0.0
1583,47,402,7,196,True,False,9,9,0,0,0,0.0,0.0,0.0,0.0,0.0
1583,48,402,7,222,True,False,9,9,0,0,0,0.0,0.0,0.0,0.0,0.0
1583,49,402,7,290,True,False,9,9,0,0,0,0.0,0.0,0.0,0.0,0.0
1583,50,402,7,318,True,False,9,9,0,0,0,0.0,0.0,0.0,0.0,0.0
1583,51,402,7,347,True,False,9,9,0,0,0,0.0,0.0,0.0,0.0,0.0
1583,52,402,7,474,True,False,9,9,0,0,0,0.0,0.0,0.0,0.0,0.0
1583,53,402,7,509,True,False,9,9,0,0,0,0.0,0.0,0.0,0.0,0.0
1584,156,402,24,37,True,True,152,152,4,8,1,0.0,3.5,0.05263157894736842,0.02631578947368421,0.05263157894736842
1584,157,402,24,84,True,True,152,152,4,29,1,0.0,1.0,0.19078947368421054,0.02631578947368421,0.19078947368421054
1584,158,402,24,224,True,True,152,152,86,974,7,0.0,5.0,6.407894736842105,0.5657894736842105,6.407894736842105
1584,159,402,24,227,True,True,152,152,2,30,1,5.0,8.0,0.19736842105263158,0.013157894736842105,0.19736842105263158
1584,160,402,24,304,True,True,152,152,25,89,5,6.0,9.0,0.5855263157894737,0.16447368421052633,0.5855263157894737
1585,337,402,77,163,True,True,139,139,29,29,2,2.0,6.0,0.20863309352517986,0.20863309352517986,0.20863309352517986
1585,338,402,77,205,True,True,139,139,15,41,1,0.0,2.0,0.2949640287769784,0.1079136690647482,0.2949640287769784
1586,366,402,84,24,True,True,36,36,15,139,4,0.0,1.0,3.861111111111111,0.4166666666666667,3.861111111111111
1586,367,402,84,58,True,False,36,36,0,0,0,0.0,0.0,0.0,0.0,0.0
1586,368,402,84,115,True,True,36,36,6,27,3,0.0,0.0,0.75,0.16666666666666666,0.75
1586,369,402,84,316,True,False,36,36,0,0,0,0.0,0.0,0.0,0.0,0.0
1586,370,402,84,385,True,False,36,36,0,0,0,0.0,0.0,0.0,0.0,0.0
1586,371,402,84,389,True,False,36,36,0,0,0,0.0,0.0,0.0,0.0,0.0
1586,372,402,84,402,True,False,36,36,0,0,0,0.0,0.0,0.0,0.0,0.0
1586,373,402,84,474,True,False,36,36,0,0,0,0.0,0.0,0.0,0.0,0.0
1587,387,402,98,84,True,False,33,33,0,0,0,0.0,0.0,0.0,0.0,0.0
1587,388,402,98,85,True,False,33,33,0,0,0,0.0,0.0,0.0,0.0,0.0
1587,389,402,98,240,True,False,33,33,0,0,0,0.0,0.0,0.0,0.0,0.0
1587,390,402,98,252,True,False,33,33,0,0,0,0.0,0.0,0.0,0.0,0.0
1587,391,402,98,402,True,True,33,33,5,10,1,0.0,0.0,0.30303030303030304,0.15151515151515152,0.30303030303030304
1588,437,402,115,58,True,True,38,38,7,100,1,0.0,3.0,2.6315789473684212,0.18421052631578946,2.6315789473684212
1588,438,402,115,84,True,True,38,38,6,12,4,0.0,0.0,0.3157894736842105,0.15789473684210525,0.3157894736842105
1588,439,402,115,85,True,False,38,38,0,0,0,0.0,0.0,0.0,0.0,0.0
1588,440,402,115,217,True,True,38,38,9,37,1,0.0,0.0,0.9736842105263158,0.23684210526315788,0.9736842105263158
1588,441,402,115,316,True,True,38,38,9,28,1,0.0,0.0,0.7368421052631579,0.23684210526315788,0.7368421052631579
1588,442,402,115,375,True,False,38,38,0,0,0,0.0,0.0,0.0,0.0,0.0
1588,443,402,115,389,True,False,38,38,0,0,0,0.0,0.0,0.0,0.0,0.0
1588,444,402,115,402,True,True,38,38,4,16,1,0.0,0.0,0.42105263157894735,0.10526315789473684,0.42105263157894735
1588,445,402,115,474,True,True,38,38,1,3,1,0.0,0.0,0.07894736842105263,0.02631578947368421,0.07894736842105263
1589,582,402,147,6,True,True,50,50,9,9,1,0.0,2.0,0.18,0.18,0.18
1589,583,402,147,24,True,False,50,50,0,0,0,0.0,0.0,0.0,0.0,0.0
1589,584,402,147,217,True,True,50,50,15,15,1,1.0,4.0,0.3,0.3,0.3
1589,585,402,147,227,True,False,50,50,0,0,0,0.0,0.0,0.0,0.0,0.0
1589,586,402,147,309,True,True,50,50,9,96,1,0.0,1.0,1.92,0.18,1.92
1589,587,402,147,316,True,True,50,50,15,195,1,0.0,3.0,3.9,0.3,3.9
1589,588,402,147,387,True,False,50,50,0,0,0,0.0,0.0,0.0,0.0,0.0
1589,589,402,147,402,True,True,50,50,6,27,2,0.0,0.0,0.54,0.12,0.54
1589,590,402,147,474,True,False,50,50,0,0,0,0.0,0.0,0.0,0.0,0.0
1590,878,402,217,6,True,False,7,7,0,0,0,0.0,0.0,0.0,0.0,0.0
1590,879,402,217,13,True,False,7,7,0,0,0,0.0,0.0,0.0,0.0,0.0
1590,880,402,217,21,True,False,7,7,0,0,0,0.0,0.0,0.0,0.0,0.0
1590,881,402,217,58,True,False,7,7,0,0,0,0.0,0.0,0.0,0.0,0.0
1590,882,402,217,129,True,True,7,7,3,7,3,7.0,8.0,1.0,0.42857142857142855,1.0
1590,883,402,217,156,True,False,7,7,0,0,0,0.0,0.0,0.0,0.0,0.0
1590,884,402,217,179,True,True,7,7,3,8,3,6.0,7.0,1.1428571428571428,0.42857142857142855,1.1428571428571428
1590,885,402,217,186,True,False,7,7,0,0,0,0.0,0.0,0.0,0.0,0.0
1590,886,402,217,243,True,True,7,7,7,53,4,0.0,2.0,7.571428571428571,1.0,7.571428571428571
1590,887,402,217,319,True,False,7,7,0,0,0,0.0,0.0,0.0,0.0,0.0
1590,888,402,217,385,True,False,7,7,0,0,0,0.0,0.0,0.0,0.0,0.0
1591,973,402,247,125,True,False,35,35,0,0,0,0.0,0.0,0.0,0.0,0.0
1591,974,402,247,163,True,False,35,35,0,0,0,0.0,0.0,0.0,0.0,0.0
1591,975,402,247,259,True,False,35,35,0,0,0,0.0,0.0,0.0,0.0,0.0
1591,976,402,247,262,True,False,35,35,0,0,0,0.0,0.0,0.0,0.0,0.0
1591,977,402,247,371,True,False,35,35,0,0,0,0.0,0.0,0.0,0.0,0.0
1591,978,402,247,402,True,False,35,35,0,0,0,0.0,0.0,0.0,0.0,0.0
1591,979,402,247,432,True,False,35,35,0,0,0,0.0,0.0,0.0,0.0,0.0
1592,1228,402,309,6,True,False,19,19,0,0,0,0.0,0.0,0.0,0.0,0.0
1592,1229,402,309,24,True,True,19,19,7,91,1,0.0,2.0,4.7894736842105265,0.3684210526315789,4.7894736842105265
1592,1230,402,309,125,True,False,19,19,0,0,0,0.0,0.0,0.0,0.0,0.0
1592,1231,402,309,147,True,False,19,19,0,0,0,0.0,0.0,0.0,0.0,0.0
1592,1232,402,309,217,True,False,19,19,0,0,0,0.0,0.0,0.0,0.0,0.0
1592,1233,402,309,224,True,False,19,19,0,0,0,0.0,0.0,0.0,0.0,0.0
1592,1234,402,309,227,True,False,19,19,0,0,0,0.0,0.0,0.0,0.0,0.0
1592,1235,402,309,316,True,True,19,19,1,5,1,0.0,0.0,0.2631578947368421,0.05263157894736842,0.2631578947368421
1592,1236,402,309,352,True,False,19,19,0,0,0,0.0,0.0,0.0,0.0,0.0
1592,1237,402,309,361,True,False,19,19,0,0,0,0.0,0.0,0.0,0.0,0.0
1592,1238,402,309,387,True,False,19,19,0,0,0,0.0,0.0,0.0,0.0,0.0
1592,1239,402,309,474,True,True,19,19,6,20,1,0.0,0.0,1.0526315789473684,0.3157894736842105,1.0526315789473684
1593,1269,402,316,84,True,True,104,104,3,9,1,4.0,6.0,0.08653846153846154,0.028846153846153848,0.08653846153846154
1593,1270,402,316,115,True,False,104,104,0,0,0,0.0,0.0,0.0,0.0,0.0
1593,1271,402,316,125,True,True,104,104,4,56,1,0.0,2.0,0.5384615384615384,0.038461538461538464,0.5384615384615384
1593,1272,402,316,147,True,True,104,104,14,210,1,0.0,5.0,2.019230769230769,0.1346153846153846,2.019230769230769
1593,1273,402,316,217,True,True,104,104,52,607,8,0.0,2.0,5.836538461538462,0.5,5.836538461538462
1593,1274,402,316,309,True,True,104,104,2,10,1,0.0,0.0,0.09615384615384616,0.019230769230769232,0.09615384615384616
1593,1275,402,316,341,True,False,104,104,0,0,0,0.0,0.0,0.0,0.0,0.0
1593,1276,402,316,361,True,True,104,104,11,144,2,0.0,2.0,1.3846153846153846,0.10576923076923077,1.3846153846153846
1593,1277,402,316,385,True,True,104,104,3,45,1,2.0,6.0,0.4326923076923077,0.028846153846153848,0.4326923076923077
1593,1278,402,316,389,True,False,104,104,0,0,0,0.0,0.0,0.0,0.0,0.0
1593,1279,402,316,402,True,True,104,104,6,27,2,0.0,0.0,0.25961538461538464,0.057692307692307696,0.25961538461538464
1593,1280,402,316,404,True,False,104,104,0,0,0,0.0,0.0,0.0,0.0,0.0
1593,1281,402,316,474,True,True,104,104,9,65,1,0.0,0.0,0.625,0.08653846153846154,0.625
1594,1384,402,352,24,True,True,82,82,14,44,1,0.0,1.0,0.5365853658536586,0.17073170731707318,0.5365853658536586
1594,1385,402,352,85,True,False,82,82,0,0,0,0.0,0.0,0.0,0.0,0.0
1594,1386,402,352,98,True,False,82,82,0,0,0,0.0,0.0,0.0,0.0,0.0
1594,1387,402,352,115,True,False,82,82,0,0,0,0.0,0.0,0.0,0.0,0.0
1594,1388,402,352,167,True,False,82,82,0,0,0,0.0,0.0,0.0,0.0,0.0
1594,1389,402,352,217,True,True,82,82,18,18,2,0.0,2.5,0.21951219512195122,0.21951219512195122,0.21951219512195122
1594,1390,402,352,263,True,False,82,82,0,0,0,0.0,0.0,0.0,0.0,0.0
1594,1391,402,352,309,True,False,82,82,0,0,0,0.0,0.0,0.0,0.0,0.0
1594,1392,402,352,316,True,True,82,82,28,247,5,0.0,1.0,3.0121951219512195,0.34146341463414637,3.0121951219512195
1594,1393,402,352,361,True,True,82,82,8,40,1,0.0,1.0,0.4878048780487805,0.0975609756097561,0.4878048780487805
1594,1394,402,352,402,True,False,82,82,0,0,0,0.0,0.0,0.0,0.0,0.0
1594,1395,402,352,404,True,False,82,82,0,0,0,0.0,0.0,0.0,0.0,0.0
1594,1396,402,352,474,True,True,82,82,10,40,3,0.0,0.0,0.4878048780487805,0.12195121951219512,0.4878048780487805
1594,1397,402,352,494,True,False,82,82,0,0,0,0.0,0.0,0.0,0.0,0.0
1595,1462,402,375,28,True,False,13,13,0,0,0,0.0,0.0,0.0,0.0,0.0
1595,1463,402,375,161,True,False,13,13,0,0,0,0.0,0.0,0.0,0.0,0.0
1595,1464,402,375,163,True,True,13,13,3,6,1,2.0,3.5,0.46153846153846156,0.23076923076923078,0.46153846153846156
1595,1465,402,375,167,True,False,13,13,0,0,0,0.0,0.0,0.0,0.0,0.0
1595,1466,402,375,271,True,False,13,13,0,0,0,0.0,0.0,0.0,0.0,0.0
1595,1467,402,375,355,True,False,13,13,0,0,0,0.0,0.0,0.0,0.0,0.0
1595,1468,402,375,369,True,True,13,13,10,95,1,0.0,2.0,7.3076923076923075,0.7692307692307693,7.3076923076923075
1595,1469,402,375,410,True,False,13,13,0,0,0,0.0,0.0,0.0,0.0,0.0
1595,1470,402,375,429,True,False,13,13,0,0,0,0.0,0.0,0.0,0.0,0.0
1596,1521,402,385,23,True,False,7,7,0,0,0,0.0,0.0,0.0,0.0,0.0
1596,1522,402,385,24,True,False,7,7,0,0,0,0.0,0.0,0.0,0.0,0.0
1596,1523,402,385,84,True,False,7,7,0,0,0,0.0,0.0,0.0,0.0,0.0
1596,1524,402,385,85,True,False,7,7,0,0,0,0.0,0.0,0.0,0.0,0.0
1596,1525,402,385,157,True,False,7,7,0,0,0,0.0,0.0,0.0,0.0,0.0
1596,1526,402,385,217,True,True,7,7,4,32,1,0.0,4.0,4.571428571428571,0.5714285714285714,4.571428571428571
1596,1527,402,385,224,True,False,7,7,0,0,0,0.0,0.0,0.0,0.0,0.0
1596,1528,402,385,243,True,False,7,7,0,0,0,0.0,0.0,0.0,0.0,0.0
1596,1529,402,385,296,True,False,7,7,0,0,0,0.0,0.0,0.0,0.0,0.0
1596,1530,402,385,316,True,False,7,7,0,0,0,0.0,0.0,0.0,0.0,0.0
1596,1531,402,385,389,True,False,7,7,0,0,0,0.0,0.0,0.0,0.0,0.0
1596,1532,402,385,402,True,False,7,7,0,0,0,0.0,0.0,0.0,0.0,0.0
1596,1533,402,385,474,True,True,7,7,4,25,1,0.0,2.0,3.5714285714285716,0.5714285714285714,3.5714285714285716
1597,1782,402,474,7,True,False,45,45,0,0,0,0.0,0.0,0.0,0.0,0.0
1597,1783,402,474,37,True,False,45,45,0,0,0,0.0,0.0,0.0,0.0,0.0
1597,1784,402,474,39,True,False,45,45,0,0,0,0.0,0.0,0.0,0.0,0.0
1597,1785,402,474,58,True,False,45,45,0,0,0,0.0,0.0,0.0,0.0,0.0
1597,1786,402,474,84,True,False,45,45,0,0,0,0.0,0.0,0.0,0.0,0.0
1597,1787,402,474,88,True,False,45,45,0,0,0,0.0,0.0,0.0,0.0,0.0
1597,1788,402,474,115,True,False,45,45,0,0,0,0.0,0.0,0.0,0.0,0.0
1597,1789,402,474,125,True,True,45,45,2,24,1,0.0,1.0,0.5333333333333333,0.044444444444444446,0.5333333333333333
1597,1790,402,474,143,True,False,45,45,0,0,0,0.0,0.0,0.0,0.0,0.0
1597,1791,402,474,217,True,True,45,45,25,333,4,0.0,5.0,7.4,0.5555555555555556,7.4
1597,1792,402,474,243,True,False,45,45,0,0,0,0.0,0.0,0.0,0.0,0.0
1597,1793,402,474,261,True,False,45,45,0,0,0,0.0,0.0,0.0,0.0,0.0
1597,1794,402,474,279,True,False,45,45,0,0,0,0.0,0.0,0.0,0.0,0.0
1597,1795,402,474,309,True,False,45,45,0,0,0,0.0,0.0,0.0,0.0,0.0
1597,1796,402,474,317,True,False,45,45,0,0,0,0.0,0.0,0.0,0.0,0.0
1597,1797,402,474,321,True,False,45,45,0,0,0,0.0,0.0,0.0,0.0,0.0
1597,1798,402,474,385,True,True,45,45,16,205,4,0.0,5.0,4.555555555555555,0.35555555555555557,4.555555555555555
1597,1799,402,474,389,True,True,45,45,2,30,1,2.0,5.0,0.6666666666666666,0.044444444444444446,0.6666666666666666
1597,1800,402,474,402,True,False,45,45,0,0,0,0.0,0.0,0.0,0.0,0.0
1598,69,404,10,109,True,False,28,28,0,0,0,0.0,0.0,0.0,0.0,0.0
1598,70,404,10,112,True,False,28,28,0,0,0,0.0,0.0,0.0,0.0,0.0
1598,71,404,10,117,True,False,28,28,0,0,0,0.0,0.0,0.0,0.0,0.0
1598,72,404,10,173,True,False,28,28,0,0,0,0.0,0.0,0.0,0.0,0.0
1598,73,404,10,238,True,False,28,28,0,0,0,0.0,0.0,0.0,0.0,0.0
1598,74,404,10,268,True,False,28,28,0,0,0,0.0,0.0,0.0,0.0,0.0
1598,75,404,10,281,True,False,28,28,0,0,0,0.0,0.0,0.0,0.0,0.0
1598,76,404,10,294,True,False,28,28,0,0,0,0.0,0.0,0.0,0.0,0.0
1598,77,404,10,324,True,False,28,28,0,0,0,0.0,0.0,0.0,0.0,0.0
1598,78,404,10,378,True,False,28,28,0,0,0,0.0,0.0,0.0,0.0,0.0
1598,79,404,10,387,True,True,28,28,5,25,1,0.0,0.0,0.8928571428571429,0.17857142857142858,0.8928571428571429
1598,80,404,10,462,True,False,28,28,0,0,0,0.0,0.0,0.0,0.0,0.0
1598,81,404,10,497,True,True,28,28,17,65,2,7.0,10.0,2.3214285714285716,0.6071428571428571,2.3214285714285716
1599,232,404,39,117,True,True,180,180,1,3,1,0.0,0.0,0.016666666666666666,0.005555555555555556,0.016666666666666666
1599,233,404,39,169,True,True,180,180,42,375,4,0.0,1.0,2.0833333333333335,0.23333333333333334,2.0833333333333335
1599,234,404,39,176,True,True,180,180,75,899,3,0.0,5.0,4.9944444444444445,0.4166666666666667,4.9944444444444445
1599,235,404,39,199,True,True,180,180,16,165,2,0.0,1.0,0.9166666666666666,0.08888888888888889,0.9166666666666666
1599,236,404,39,252,True,False,180,180,0,0,0,0.0,0.0,0.0,0.0,0.0
1599,237,404,39,294,True,False,180,180,0,0,0,0.0,0.0,0.0,0.0,0.0
1599,238,404,39,317,True,True,180,180,30,362,3,0.0,2.0,2.011111111111111,0.16666666666666666,2.011111111111111
1599,239,404,39,371,True,False,180,180,0,0,0,0.0,0.0,0.0,0.0,0.0
1599,240,404,39,383,True,True,180,180,16,86,4,0.0,0.0,0.4777777777777778,0.08888888888888889,0.4777777777777778
1599,241,404,39,404,True,False,180,180,0,0,0,0.0,0.0,0.0,0.0,0.0
1599,242,404,39,455,True,False,180,180,0,0,0,0.0,0.0,0.0,0.0,0.0
1599,243,404,39,494,True,True,180,180,2,10,1,0.0,0.0,0.05555555555555555,0.011111111111111112,0.05555555555555555
1599,244,404,39,508,True,False,180,180,0,0,0,0.0,0.0,0.0,0.0,0.0
1600,366,404,84,24,True,False,7,7,0,0,0,0.0,0.0,0.0,0.0,0.0
1600,367,404,84,58,True,False,7,7,0,0,0,0.0,0.0,0.0,0.0,0.0
1600,368,404,84,115,True,False,7,7,0,0,0,0.0,0.0,0.0,0.0,0.0
1600,369,404,84,316,True,False,7,7,0,0,0,0.0,0.0,0.0,0.0,0.0
1600,370,404,84,385,True,False,7,7,0,0,0,0.0,0.0,0.0,0.0,0.0
1600,371,404,84,389,True,False,7,7,0,0,0,0.0,0.0,0.0,0.0,0.0
1600,372,404,84,402,True,False,7,7,0,0,0,0.0,0.0,0.0,0.0,0.0
1600,373,404,84,474,True,False,7,7,0,0,0,0.0,0.0,0.0,0.0,0.0
1601,437,404,115,58,True,False,92,92,0,0,0,0.0,0.0,0.0,0.0,0.0
1601,438,404,115,84,True,True,92,92,14,93,2,0.0,1.0,1.0108695652173914,0.15217391304347827,1.0108695652173914
1601,439,404,115,85,True,True,92,92,19,155,2,0.0,2.0,1.684782608695652,0.20652173913043478,1.684782608695652
1601,440,404,115,217,True,False,92,92,0,0,0,0.0,0.0,0.0,0.0,0.0
1601,441,404,115,316,True,False,92,92,0,0,0,0.0,0.0,0.0,0.0,0.0
1601,442,404,115,375,True,False,92,92,0,0,0,0.0,0.0,0.0,0.0,0.0
1601,443,404,115,389,True,False,92,92,0,0,0,0.0,0.0,0.0,0.0,0.0
1601,444,404,115,402,True,False,92,92,0,0,0,0.0,0.0,0.0,0.0,0.0
1601,445,404,115,474,True,False,92,92,0,0,0,0.0,0.0,0.0,0.0,0.0
1602,446,404,117,10,True,True,10,10,5,47,1,0.0,1.0,4.7,0.5,4.7
1602,447,404,117,16,True,False,10,10,0,0,0,0.0,0.0,0.0,0.0,0.0
1602,448,404,117,80,True,False,10,10,0,0,0,0.0,0.0,0.0,0.0,0.0
1602,449,404,117,199,True,False,10,10,0,0,0,0.0,0.0,0.0,0.0,0.0
1602,450,404,117,238,True,False,10,10,0,0,0,0.0,0.0,0.0,0.0,0.0
1602,451,404,117,268,True,False,10,10,0,0,0,0.0,0.0,0.0,0.0,0.0
1602,452,404,117,281,True,False,10,10,0,0,0,0.0,0.0,0.0,0.0,0.0
1602,453,404,117,294,True,False,10,10,0,0,0,0.0,0.0,0.0,0.0,0.0
1602,454,404,117,317,True,True,10,10,3,26,1,0.0,1.0,2.6,0.3,2.6
1602,455,404,117,324,True,False,10,10,0,0,0,0.0,0.0,0.0,0.0,0.0
1602,456,404,117,378,True,False,10,10,0,0,0,0.0,0.0,0.0,0.0,0.0
1602,457,404,117,383,True,False,10,10,0,0,0,0.0,0.0,0.0,0.0,0.0
1602,458,404,117,387,True,False,10,10,0,0,0,0.0,0.0,0.0,0.0,0.0
1602,459,404,117,455,True,False,10,10,0,0,0,0.0,0.0,0.0,0.0,0.0
1602,460,404,117,462,True,True,10,10,2,20,1,4.0,7.0,2.0,0.2,2.0
1602,461,404,117,494,True,False,10,10,0,0,0,0.0,0.0,0.0,0.0,0.0
1603,703,404,169,13,True,False,65,65,0,0,0,0.0,0.0,0.0,0.0,0.0
1603,704,404,169,21,True,True,65,65,4,16,2,1.0,4.0,0.24615384615384617,0.06153846153846154,0.24615384615384617
1603,705,404,169,39,True,False,65,65,0,0,0,0.0,0.0,0.0,0.0,0.0
1603,706,404,169,61,True,True,65,65,19,85,5,0.0,4.0,1.3076923076923077,0.2923076923076923,1.3076923076923077
1603,707,404,169,129,True,True,65,65,21,126,3,0.0,5.0,1.9384615384615385,0.3230769230769231,1.9384615384615385
1603,708,404,169,139,True,False,65,65,0,0,0,0.0,0.0,0.0,0.0,0.0
1603,709,404,169,141,True,True,65,65,44,171,8,2.0,6.0,2.6307692307692307,0.676923076923077,2.6307692307692307
1603,710,404,169,156,True,True,65,65,25,39,6,3.0,6.0,0.6,0.38461538461538464,0.6
1603,711,404,169,179,True,False,65,65,0,0,0,0.0,0.0,0.0,0.0,0.0
1603,712,404,169,186,True,True,65,65,40,147,6,1.0,5.0,2.2615384615384615,0.6153846153846154,2.2615384615384615
1603,713,404,169,199,True,False,65,65,0,0,0,0.0,0.0,0.0,0.0,0.0
1603,714,404,169,248,True,True,65,65,15,15,1,4.0,7.0,0.23076923076923078,0.23076923076923078,0.23076923076923078
1603,715,404,169,383,True,True,65,65,3,3,1,0.0,0.0,0.046153846153846156,0.046153846153846156,0.046153846153846156
1603,716,404,169,433,True,False,65,65,0,0,0,0.0,0.0,0.0,0.0,0.0
1603,717,404,169,455,True,False,65,65,0,0,0,0.0,0.0,0.0,0.0,0.0
1603,718,404,169,508,True,False,65,65,0,0,0,0.0,0.0,0.0,0.0,0.0
1604,831,404,199,10,True,False,10,10,0,0,0,0.0,0.0,0.0,0.0,0.0
1604,832,404,199,39,True,True,10,10,1,1,1,0.0,0.0,0.1,0.1,0.1
1604,833,404,199,77,True,False,10,10,0,0,0,0.0,0.0,0.0,0.0,0.0
1604,834,404,199,117,True,False,10,10,0,0,0,0.0,0.0,0.0,0.0,0.0
1604,835,404,199,170,True,False,10,10,0,0,0,0.0,0.0,0.0,0.0,0.0
1604,836,404,199,176,True,False,10,10,0,0,0,0.0,0.0,0.0,0.0,0.0
1604,837,404,199,238,True,False,10,10,0,0,0,0.0,0.0,0.0,0.0,0.0
1604,838,404,199,252,True,False,10,10,0,0,0,0.0,0.0,0.0,0.0,0.0
1604,839,404,199,317,True,True,10,10,2,2,1,0.0,0.0,0.2,0.2,0.2
1604,840,404,199,383,True,False,10,10,0,0,0,0.0,0.0,0.0,0.0,0.0
1604,841,404,199,387,True,False,10,10,0,0,0,0.0,0.0,0.0,0.0,0.0
1604,842,404,199,402,True,False,10,10,0,0,0,0.0,0.0,0.0,0.0,0.0
1604,843,404,199,404,True,True,10,10,1,1,1,0.0,0.0,0.1,0.1,0.1
1604,844,404,199,462,True,False,10,10,0,0,0,0.0,0.0,0.0,0.0,0.0
1604,845,404,199,494,True,True,10,10,3,11,2,0.0,0.0,1.1,0.3,1.1
1605,878,404,217,6,True,False,5,5,0,0,0,0.0,0.0,0.0,0.0,0.0
1605,879,404,217,13,True,False,5,5,0,0,0,0.0,0.0,0.0,0.0,0.0
1605,880,404,217,21,True,False,5,5,0,0,0,0.0,0.0,0.0,0.0,0.0
1605,881,404,217,58,True,False,5,5,0,0,0,0.0,0.0,0.0,0.0,0.0
1605,882,404,217,129,True,False,5,5,0,0,0,0.0,0.0,0.0,0.0,0.0
1605,883,404,217,156,True,False,5,5,0,0,0,0.0,0.0,0.0,0.0,0.0
1605,884,404,217,179,True,False,5,5,0,0,0,0.0,0.0,0.0,0.0,0.0
1605,885,404,217,186,True,False,5,5,0,0,0,0.0,0.0,0.0,0.0,0.0
1605,886,404,217,243,True,True,5,5,5,34,2,0.0,2.0,6.8,1.0,6.8
1605,887,404,217,319,True,False,5,5,0,0,0,0.0,0.0,0.0,0.0,0.0
1605,888,404,217,385,True,False,5,5,0,0,0,0.0,0.0,0.0,0.0,0.0
1606,1075,404,262,13,True,False,5,5,0,0,0,0.0,0.0,0.0,0.0,0.0
1606,1076,404,262,85,True,False,5,5,0,0,0,0.0,0.0,0.0,0.0,0.0
1606,1077,404,262,129,True,False,5,5,0,0,0,0.0,0.0,0.0,0.0,0.0
1606,1078,404,262,179,True,False,5,5,0,0,0,0.0,0.0,0.0,0.0,0.0
1606,1079,404,262,247,True,True,5,5,2,8,1,0.0,0.0,1.6,0.4,1.6
1606,1080,404,262,381,True,False,5,5,0,0,0,0.0,0.0,0.0,0.0,0.0
1606,1081,404,262,487,True,False,5,5,0,0,0,0.0,0.0,0.0,0.0,0.0
1607,1184,404,294,21,True,False,15,15,0,0,0,0.0,0.0,0.0,0.0,0.0
1607,1185,404,294,22,True,False,15,15,0,0,0,0.0,0.0,0.0,0.0,0.0
1607,1186,404,294,61,True,False,15,15,0,0,0,0.0,0.0,0.0,0.0,0.0
1607,1187,404,294,117,True,True,15,15,3,26,1,0.0,1.0,1.7333333333333334,0.2,1.7333333333333334
1607,1188,404,294,141,True,False,15,15,0,0,0,0.0,0.0,0.0,0.0,0.0
1607,1189,404,294,169,True,True,15,15,9,78,1,0.0,1.0,5.2,0.6,5.2
1607,1190,404,294,175,True,False,15,15,0,0,0,0.0,0.0,0.0,0.0,0.0
1607,1191,404,294,179,True,False,15,15,0,0,0,0.0,0.0,0.0,0.0,0.0
1607,1192,404,294,186,True,False,15,15,0,0,0,0.0,0.0,0.0,0.0,0.0
1607,1193,404,294,281,True,False,15,15,0,0,0,0.0,0.0,0.0,0.0,0.0
1607,1194,404,294,313,True,False,15,15,0,0,0,0.0,0.0,0.0,0.0,0.0
1607,1195,404,294,433,True,True,15,15,3,22,2,0.0,0.0,1.4666666666666666,0.2,1.4666666666666666
1607,1196,404,294,455,True,False,15,15,0,0,0,0.0,0.0,0.0,0.0,0.0
1608,1228,404,309,6,True,True,17,17,11,115,1,0.0,1.0,6.764705882352941,0.6470588235294118,6.764705882352941
1608,1229,404,309,24,True,False,17,17,0,0,0,0.0,0.0,0.0,0.0,0.0
1608,1230,404,309,125,True,True,17,17,6,70,2,0.0,2.0,4.117647058823529,0.35294117647058826,4.117647058823529
1608,1231,404,309,147,True,False,17,17,0,0,0,0.0,0.0,0.0,0.0,0.0
1608,1232,404,309,217,True,False,17,17,0,0,0,0.0,0.0,0.0,0.0,0.0
1608,1233,404,309,224,True,False,17,17,0,0,0,0.0,0.0,0.0,0.0,0.0
1608,1234,404,309,227,True,False,17,17,0,0,0,0.0,0.0,0.0,0.0,0.0
1608,1235,404,309,316,True,False,17,17,0,0,0,0.0,0.0,0.0,0.0,0.0
1608,1236,404,309,352,True,False,17,17,0,0,0,0.0,0.0,0.0,0.0,0.0
1608,1237,404,309,361,True,False,17,17,0,0,0,0.0,0.0,0.0,0.0,0.0
1608,1238,404,309,387,True,False,17,17,0,0,0,0.0,0.0,0.0,0.0,0.0
1608,1239,404,309,474,True,False,17,17,0,0,0,0.0,0.0,0.0,0.0,0.0
1609,1269,404,316,84,True,False,42,42,0,0,0,0.0,0.0,0.0,0.0,0.0
1609,1270,404,316,115,True,False,42,42,0,0,0,0.0,0.0,0.0,0.0,0.0
1609,1271,404,316,125,True,False,42,42,0,0,0,0.0,0.0,0.0,0.0,0.0
1609,1272,404,316,147,True,False,42,42,0,0,0,0.0,0.0,0.0,0.0,0.0
1609,1273,404,316,217,True,True,42,42,4,46,2,0.0,2.0,1.0952380952380953,0.09523809523809523,1.0952380952380953
1609,1274,404,316,309,True,False,42,42,0,0,0,0.0,0.0,0.0,0.0,0.0
1609,1275,404,316,341,True,False,42,42,0,0,0,0.0,0.0,0.0,0.0,0.0
1609,1276,404,316,361,True,False,42,42,0,0,0,0.0,0.0,0.0,0.0,0.0
1609,1277,404,316,385,True,True,42,42,30,308,4,0.0,7.0,7.333333333333333,0.7142857142857143,7.333333333333333
1609,1278,404,316,389,True,False,42,42,0,0,0,0.0,0.0,0.0,0.0,0.0
1609,1279,404,316,402,True,False,42,42,0,0,0,0.0,0.0,0.0,0.0,0.0
1609,1280,404,316,404,True,False,42,42,0,0,0,0.0,0.0,0.0,0.0,0.0
1609,1281,404,316,474,True,False,42,42,0,0,0,0.0,0.0,0.0,0.0,0.0
1610,1282,404,317,30,True,False,52,52,0,0,0,0.0,0.0,0.0,0.0,0.0
1610,1283,404,317,39,True,False,52,52,0,0,0,0.0,0.0,0.0,0.0,0.0
1610,1284,404,317,176,True,False,52,52,0,0,0,0.0,0.0,0.0,0.0,0.0
1610,1285,404,317,199,True,False,52,52,0,0,0,0.0,0.0,0.0,0.0,0.0
1610,1286,404,317,238,True,False,52,52,0,0,0,0.0,0.0,0.0,0.0,0.0
1610,1287,404,317,252,True,True,52,52,25,214,2,0.0,4.0,4.115384615384615,0.4807692307692308,4.115384615384615
1610,1288,404,317,294,True,False,52,52,0,0,0,0.0,0.0,0.0,0.0,0.0
1610,1289,404,317,371,True,False,52,52,0,0,0,0.0,0.0,0.0,0.0,0.0
1610,1290,404,317,383,True,False,52,52,0,0,0,0.0,0.0,0.0,0.0,0.0
1610,1291,404,317,387,True,False,52,52,0,0,0,0.0,0.0,0.0,0.0,0.0
1610,1292,404,317,404,True,True,52,52,5,5,1,0.0,0.0,0.09615384615384616,0.09615384615384616,0.09615384615384616
1610,1293,404,317,455,True,True,52,52,5,5,1,0.0,0.0,0.09615384615384616,0.09615384615384616,0.09615384615384616
1610,1294,404,317,462,True,True,52,52,17,254,3,0.0,5.0,4.884615384615385,0.3269230769230769,4.884615384615385
1610,1295,404,317,494,True,True,52,52,14,26,3,0.0,0.0,0.5,0.2692307692307692,0.5
1611,1505,404,383,21,True,False,27,27,0,0,0,0.0,0.0,0.0,0.0,0.0
1611,1506,404,383,39,True,True,27,27,8,12,1,0.0,0.0,0.4444444444444444,0.2962962962962963,0.4444444444444444
1611,1507,404,383,61,True,True,27,27,5,5,1,4.0,5.0,0.18518518518518517,0.18518518518518517,0.18518518518518517
1611,1508,404,383,129,True,True,27,27,3,9,1,8.0,9.0,0.3333333333333333,0.1111111111111111,0.3333333333333333
1611,1509,404,383,141,True,False,27,27,0,0,0,0.0,0.0,0.0,0.0,0.0
1611,1510,404,383,169,True,True,27,27,16,166,3,0.0,2.0,6.148148148148148,0.5925925925925926,6.148148148148148
1611,1511,404,383,179,True,False,27,27,0,0,0,0.0,0.0,0.0,0.0,0.0
1611,1512,404,383,186,True,False,27,27,0,0,0,0.0,0.0,0.0,0.0,0.0
1611,1513,404,383,273,True,False,27,27,0,0,0,0.0,0.0,0.0,0.0,0.0
1611,1514,404,383,281,True,False,27,27,0,0,0,0.0,0.0,0.0,0.0,0.0
1611,1515,404,383,313,True,False,27,27,0,0,0,0.0,0.0,0.0,0.0,0.0
1611,1516,404,383,317,True,False,27,27,0,0,0,0.0,0.0,0.0,0.0,0.0
1611,1517,404,383,335,True,False,27,27,0,0,0,0.0,0.0,0.0,0.0,0.0
1611,1518,404,383,433,True,False,27,27,0,0,0,0.0,0.0,0.0,0.0,0.0
1611,1519,404,383,455,True,False,27,27,0,0,0,0.0,0.0,0.0,0.0,0.0
1611,1520,404,383,508,True,False,27,27,0,0,0,0.0,0.0,0.0,0.0,0.0
1612,1521,404,385,23,True,False,22,22,0,0,0,0.0,0.0,0.0,0.0,0.0
1612,1522,404,385,24,True,False,22,22,0,0,0,0.0,0.0,0.0,0.0,0.0
1612,1523,404,385,84,True,False,22,22,0,0,0,0.0,0.0,0.0,0.0,0.0
1612,1524,404,385,85,True,False,22,22,0,0,0,0.0,0.0,0.0,0.0,0.0
1612,1525,404,385,157,True,False,22,22,0,0,0,0.0,0.0,0.0,0.0,0.0
1612,1526,404,385,217,True,False,22,22,0,0,0,0.0,0.0,0.0,0.0,0.0
1612,1527,404,385,224,True,True,22,22,2,6,1,7.0,8.0,0.2727272727272727,0.09090909090909091,0.2727272727272727
1612,1528,404,385,243,True,False,22,22,0,0,0,0.0,0.0,0.0,0.0,0.0
1612,1529,404,385,296,True,False,22,22,0,0,0,0.0,0.0,0.0,0.0,0.0
1612,1530,404,385,316,True,False,22,22,0,0,0,0.0,0.0,0.0,0.0,0.0
1612,1531,404,385,389,True,False,22,22,0,0,0,0.0,0.0,0.0,0.0,0.0
1612,1532,404,385,402,True,False,22,22,0,0,0,0.0,0.0,0.0,0.0,0.0
1612,1533,404,385,474,True,False,22,22,0,0,0,0.0,0.0,0.0,0.0,0.0
1613,1534,404,387,6,True,False,15,15,0,0,0,0.0,0.0,0.0,0.0,0.0
1613,1535,404,387,10,True,True,15,15,4,10,1,0.0,0.0,0.6666666666666666,0.26666666666666666,0.6666666666666666
1613,1536,404,387,117,True,True,15,15,4,18,1,0.0,0.0,1.2,0.26666666666666666,1.2
1613,1537,404,387,175,True,False,15,15,0,0,0,0.0,0.0,0.0,0.0,0.0
1613,1538,404,387,281,True,True,15,15,10,140,1,1.0,6.0,9.333333333333334,0.6666666666666666,9.333333333333334
1613,1539,404,387,294,True,False,15,15,0,0,0,0.0,0.0,0.0,0.0,0.0
1613,1540,404,387,309,True,True,15,15,1,5,1,0.0,0.0,0.3333333333333333,0.06666666666666667,0.3333333333333333
1613,1541,404,387,383,True,False,15,15,0,0,0,0.0,0.0,0.0,0.0,0.0
1613,1542,404,387,455,True,False,15,15,0,0,0,0.0,0.0,0.0,0.0,0.0
1614,1543,404,389,23,True,False,40,40,0,0,0,0.0,0.0,0.0,0.0,0.0
1614,1544,404,389,58,True,True,40,40,15,190,1,0.0,2.0,4.75,0.375,4.75
1614,1545,404,389,84,True,False,40,40,0,0,0,0.0,0.0,0.0,0.0,0.0
1614,1546,404,389,85,True,False,40,40,0,0,0,0.0,0.0,0.0,0.0,0.0
1614,1547,404,389,115,True,False,40,40,0,0,0,0.0,0.0,0.0,0.0,0.0
1614,1548,404,389,157,True,False,40,40,0,0,0,0.0,0.0,0.0,0.0,0.0
1614,1549,404,389,208,True,True,40,40,3,5,1,9.0,10.0,0.125,0.075,0.125
1614,1550,404,389,296,True,True,40,40,9,15,2,8.0,10.0,0.375,0.225,0.375
1614,1551,404,389,385,True,False,40,40,0,0,0,0.0,0.0,0.0,0.0,0.0
1614,1552,404,389,474,True,False,40,40,0,0,0,0.0,0.0,0.0,0.0,0.0
1615,1687,404,433,13,True,True,42,42,10,10,1,4.0,6.5,0.23809523809523808,0.23809523809523808,0.23809523809523808
1615,1688,404,433,21,True,False,42,42,0,0,0,0.0,0.0,0.0,0.0,0.0
1615,1689,404,433,39,True,False,42,42,0,0,0,0.0,0.0,0.0,0.0,0.0
1615,1690,404,433,61,True,True,42,42,7,35,2,1.0,4.0,0.8333333333333334,0.16666666666666666,0.8333333333333334
1615,1691,404,433,74,True,True,42,42,3,3,1,5.0,6.0,0.07142857142857142,0.07142857142857142,0.07142857142857142
1615,1692,404,433,129,True,True,42,42,13,38,2,3.0,7.0,0.9047619047619048,0.30952380952380953,0.9047619047619048
1615,1693,404,433,141,True,True,42,42,4,12,1,4.0,6.0,0.2857142857142857,0.09523809523809523,0.2857142857142857
1615,1694,404,433,156,True,False,42,42,0,0,0,0.0,0.0,0.0,0.0,0.0
1615,1695,404,433,169,True,False,42,42,0,0,0,0.0,0.0,0.0,0.0,0.0
1615,1696,404,433,179,True,True,42,42,13,52,2,1.0,5.5,1.2380952380952381,0.30952380952380953,1.2380952380952381
1615,1697,404,433,186,True,True,42,42,3,12,1,2.0,4.5,0.2857142857142857,0.07142857142857142,0.2857142857142857
1615,1698,404,433,199,True,False,42,42,0,0,0,0.0,0.0,0.0,0.0,0.0
1615,1699,404,433,245,True,True,42,42,27,132,3,1.0,5.0,3.142857142857143,0.6428571428571429,3.142857142857143
1615,1700,404,433,248,True,False,42,42,0,0,0,0.0,0.0,0.0,0.0,0.0
1615,1701,404,433,381,True,True,42,42,7,27,2,3.0,5.0,0.6428571428571429,0.16666666666666666,0.6428571428571429
1615,1702,404,433,508,True,False,42,42,0,0,0,0.0,0.0,0.0,0.0,0.0
1616,1782,404,474,7,True,False,8,8,0,0,0,0.0,0.0,0.0,0.0,0.0
1616,1783,404,474,37,True,False,8,8,0,0,0,0.0,0.0,0.0,0.0,0.0
1616,1784,404,474,39,True,False,8,8,0,0,0,0.0,0.0,0.0,0.0,0.0
1616,1785,404,474,58,True,False,8,8,0,0,0,0.0,0.0,0.0,0.0,0.0
1616,1786,404,474,84,True,False,8,8,0,0,0,0.0,0.0,0.0,0.0,0.0
1616,1787,404,474,88,True,False,8,8,0,0,0,0.0,0.0,0.0,0.0,0.0
1616,1788,404,474,115,True,False,8,8,0,0,0,0.0,0.0,0.0,0.0,0.0
1616,1789,404,474,125,True,False,8,8,0,0,0,0.0,0.0,0.0,0.0,0.0
1616,1790,404,474,143,True,False,8,8,0,0,0,0.0,0.0,0.0,0.0,0.0
1616,1791,404,474,217,True,True,8,8,4,6,1,0.0,0.0,0.75,0.5,0.75
1616,1792,404,474,243,True,True,8,8,4,6,1,0.0,0.0,0.75,0.5,0.75
1616,1793,404,474,261,True,False,8,8,0,0,0,0.0,0.0,0.0,0.0,0.0
1616,1794,404,474,279,True,False,8,8,0,0,0,0.0,0.0,0.0,0.0,0.0
1616,1795,404,474,309,True,False,8,8,0,0,0,0.0,0.0,0.0,0.0,0.0
1616,1796,404,474,317,True,False,8,8,0,0,0,0.0,0.0,0.0,0.0,0.0
1616,1797,404,474,321,True,False,8,8,0,0,0,0.0,0.0,0.0,0.0,0.0
1616,1798,404,474,385,True,False,8,8,0,0,0,0.0,0.0,0.0,0.0,0.0
1616,1799,404,474,389,True,True,8,8,4,20,1,0.0,0.0,2.5,0.5,2.5
1616,1800,404,474,402,True,False,8,8,0,0,0,0.0,0.0,0.0,0.0,0.0
1617,1844,404,494,16,True,False,24,24,0,0,0,0.0,0.0,0.0,0.0,0.0
1617,1845,404,494,39,True,True,24,24,1,1,1,0.0,0.0,0.041666666666666664,0.041666666666666664,0.041666666666666664
1617,1846,404,494,109,True,False,24,24,0,0,0,0.0,0.0,0.0,0.0,0.0
1617,1847,404,494,117,True,False,24,24,0,0,0,0.0,0.0,0.0,0.0,0.0
1617,1848,404,494,169,True,True,24,24,8,34,2,0.0,0.0,1.4166666666666667,0.3333333333333333,1.4166666666666667
1617,1849,404,494,170,True,False,24,24,0,0,0,0.0,0.0,0.0,0.0,0.0
1617,1850,404,494,176,True,True,24,24,6,90,1,0.0,5.0,3.75,0.25,3.75
1617,1851,404,494,199,True,True,24,24,1,3,1,0.0,0.0,0.125,0.041666666666666664,0.125
1617,1852,404,494,238,True,False,24,24,0,0,0,0.0,0.0,0.0,0.0,0.0
1617,1853,404,494,252,True,True,24,24,3,9,1,0.0,0.0,0.375,0.125,0.375
1617,1854,404,494,294,True,False,24,24,0,0,0,0.0,0.0,0.0,0.0,0.0
1617,1855,404,494,311,True,False,24,24,0,0,0,0.0,0.0,0.0,0.0,0.0
1617,1856,404,494,317,True,True,24,24,9,96,2,0.0,4.0,4.0,0.375,4.0
1617,1857,404,494,383,True,False,24,24,0,0,0,0.0,0.0,0.0,0.0,0.0
1617,1858,404,494,404,True,True,24,24,8,12,2,0.0,0.0,0.5,0.3333333333333333,0.5
1617,1859,404,494,455,True,True,24,24,7,11,1,0.0,0.0,0.4583333333333333,0.2916666666666667,0.4583333333333333
1617,1860,404,494,462,True,True,24,24,6,6,1,5.0,6.0,0.25,0.25,0.25
1617,1861,404,494,474,True,False,24,24,0,0,0,0.0,0.0,0.0,0.0,0.0
1618,69,405,10,109,True,False,19,19,0,0,0,0.0,0.0,0.0,0.0,0.0
1618,70,405,10,112,True,False,19,19,0,0,0,0.0,0.0,0.0,0.0,0.0
1618,71,405,10,117,True,True,19,19,1,2,1,0.0,0.0,0.10526315789473684,0.05263157894736842,0.10526315789473684
1618,72,405,10,173,True,False,19,19,0,0,0,0.0,0.0,0.0,0.0,0.0
1618,73,405,10,238,True,False,19,19,0,0,0,0.0,0.0,0.0,0.0,0.0
1618,74,405,10,268,True,False,19,19,0,0,0,0.0,0.0,0.0,0.0,0.0
1618,75,405,10,281,True,True,19,19,15,90,1,1.0,5.0,4.7368421052631575,0.7894736842105263,4.7368421052631575
1618,76,405,10,294,True,False,19,19,0,0,0,0.0,0.0,0.0,0.0,0.0
1618,77,405,10,324,True,True,19,19,3,45,1,4.0,8.0,2.3684210526315788,0.15789473684210525,2.3684210526315788
1618,78,405,10,378,True,False,19,19,0,0,0,0.0,0.0,0.0,0.0,0.0
1618,79,405,10,387,True,True,19,19,15,134,1,0.0,4.0,7.052631578947368,0.7894736842105263,7.052631578947368
1618,80,405,10,462,True,False,19,19,0,0,0,0.0,0.0,0.0,0.0,0.0
1618,81,405,10,497,True,False,19,19,0,0,0,0.0,0.0,0.0,0.0,0.0
1619,352,405,80,10,True,False,19,19,0,0,0,0.0,0.0,0.0,0.0,0.0
1619,353,405,80,79,True,False,19,19,0,0,0,0.0,0.0,0.0,0.0,0.0
1619,354,405,80,118,True,False,19,19,0,0,0,0.0,0.0,0.0,0.0,0.0
1619,355,405,80,138,True,False,19,19,0,0,0,0.0,0.0,0.0,0.0,0.0
1619,356,405,80,149,True,False,19,19,0,0,0,0.0,0.0,0.0,0.0,0.0
1619,357,405,80,151,True,False,19,19,0,0,0,0.0,0.0,0.0,0.0,0.0
1619,358,405,80,171,True,False,19,19,0,0,0,0.0,0.0,0.0,0.0,0.0
1619,359,405,80,230,True,False,19,19,0,0,0,0.0,0.0,0.0,0.0,0.0
1619,360,405,80,258,True,False,19,19,0,0,0,0.0,0.0,0.0,0.0,0.0
1619,361,405,80,268,True,True,19,19,5,74,1,0.0,3.0,3.8947368421052633,0.2631578947368421,3.8947368421052633
1619,362,405,80,297,True,False,19,19,0,0,0,0.0,0.0,0.0,0.0,0.0
1619,363,405,80,311,True,True,19,19,14,185,1,0.0,2.0,9.736842105263158,0.7368421052631579,9.736842105263158
1619,364,405,80,390,True,False,19,19,0,0,0,0.0,0.0,0.0,0.0,0.0
1619,365,405,80,415,True,False,19,19,0,0,0,0.0,0.0,0.0,0.0,0.0
1620,392,405,100,8,True,False,35,35,0,0,0,0.0,0.0,0.0,0.0,0.0
1620,393,405,100,50,True,False,35,35,0,0,0,0.0,0.0,0.0,0.0,0.0
1620,394,405,100,109,True,False,35,35,0,0,0,0.0,0.0,0.0,0.0,0.0
1620,395,405,100,146,True,False,35,35,0,0,0,0.0,0.0,0.0,0.0,0.0
1620,396,405,100,164,True,True,35,35,5,15,1,7.0,9.0,0.42857142857142855,0.14285714285714285,0.42857142857142855
1620,397,405,100,171,True,False,35,35,0,0,0,0.0,0.0,0.0,0.0,0.0
1620,398,405,100,173,True,False,35,35,0,0,0,0.0,0.0,0.0,0.0,0.0
1620,399,405,100,180,True,True,35,35,2,4,1,9.0,10.0,0.11428571428571428,0.05714285714285714,0.11428571428571428
1620,400,405,100,271,True,False,35,35,0,0,0,0.0,0.0,0.0,0.0,0.0
1620,401,405,100,315,True,True,35,35,7,12,2,0.0,0.0,0.34285714285714286,0.2,0.34285714285714286
1620,402,405,100,405,True,False,35,35,0,0,0,0.0,0.0,0.0,0.0,0.0
1620,403,405,100,410,True,False,35,35,0,0,0,0.0,0.0,0.0,0.0,0.0
1621,446,405,117,10,True,True,10,10,10,75,2,0.0,0.0,7.5,1.0,7.5
1621,447,405,117,16,True,False,10,10,0,0,0,0.0,0.0,0.0,0.0,0.0
1621,448,405,117,80,True,False,10,10,0,0,0,0.0,0.0,0.0,0.0,0.0
1621,449,405,117,199,True,False,10,10,0,0,0,0.0,0.0,0.0,0.0,0.0
1621,450,405,117,238,True,False,10,10,0,0,0,0.0,0.0,0.0,0.0,0.0
1621,451,405,117,268,True,False,10,10,0,0,0,0.0,0.0,0.0,0.0,0.0
1621,452,405,117,281,True,False,10,10,0,0,0,0.0,0.0,0.0,0.0,0.0
1621,453,405,117,294,True,False,10,10,0,0,0,0.0,0.0,0.0,0.0,0.0
1621,454,405,117,317,True,False,10,10,0,0,0,0.0,0.0,0.0,0.0,0.0
1621,455,405,117,324,True,True,10,10,3,9,1,0.0,1.0,0.9,0.3,0.9
1621,456,405,117,378,True,False,10,10,0,0,0,0.0,0.0,0.0,0.0,0.0
1621,457,405,117,383,True,False,10,10,0,0,0,0.0,0.0,0.0,0.0,0.0
1621,458,405,117,387,True,False,10,10,0,0,0,0.0,0.0,0.0,0.0,0.0
1621,459,405,117,455,True,False,10,10,0,0,0,0.0,0.0,0.0,0.0,0.0
1621,460,405,117,462,True,False,10,10,0,0,0,0.0,0.0,0.0,0.0,0.0
1621,461,405,117,494,True,False,10,10,0,0,0,0.0,0.0,0.0,0.0,0.0
1622,1039,405,258,2,True,False,75,75,0,0,0,0.0,0.0,0.0,0.0,0.0
1622,1040,405,258,22,True,False,75,75,0,0,0,0.0,0.0,0.0,0.0,0.0
1622,1041,405,258,61,True,False,75,75,0,0,0,0.0,0.0,0.0,0.0,0.0
1622,1042,405,258,80,True,True,75,75,2,8,1,0.0,0.0,0.10666666666666667,0.02666666666666667,0.10666666666666667
1622,1043,405,258,126,True,False,75,75,0,0,0,0.0,0.0,0.0,0.0,0.0
1622,1044,405,258,151,True,False,75,75,0,0,0,0.0,0.0,0.0,0.0,0.0
1622,1045,405,258,175,True,True,75,75,45,473,6,0.0,5.0,6.306666666666667,0.6,6.306666666666667
1622,1046,405,258,311,True,False,75,75,0,0,0,0.0,0.0,0.0,0.0,0.0
1622,1047,405,258,390,True,True,75,75,11,69,2,0.0,2.0,0.92,0.14666666666666667,0.92
1622,1048,405,258,415,True,False,75,75,0,0,0,0.0,0.0,0.0,0.0,0.0
1623,1240,405,311,4,True,False,6,6,0,0,0,0.0,0.0,0.0,0.0,0.0
1623,1241,405,311,80,True,True,6,6,1,1,1,0.0,0.0,0.16666666666666666,0.16666666666666666,0.16666666666666666
1623,1242,405,311,118,True,True,6,6,1,1,1,10.0,10.0,0.16666666666666666,0.16666666666666666,0.16666666666666666
1623,1243,405,311,138,True,False,6,6,0,0,0,0.0,0.0,0.0,0.0,0.0
1623,1244,405,311,149,True,False,6,6,0,0,0,0.0,0.0,0.0,0.0,0.0
1623,1245,405,311,151,True,False,6,6,0,0,0,0.0,0.0,0.0,0.0,0.0
1623,1246,405,311,163,True,False,6,6,0,0,0,0.0,0.0,0.0,0.0,0.0
1623,1247,405,311,171,True,False,6,6,0,0,0,0.0,0.0,0.0,0.0,0.0
1623,1248,405,311,288,True,False,6,6,0,0,0,0.0,0.0,0.0,0.0,0.0
1623,1249,405,311,371,True,False,6,6,0,0,0,0.0,0.0,0.0,0.0,0.0
1623,1250,405,311,390,True,False,6,6,0,0,0,0.0,0.0,0.0,0.0,0.0
1623,1251,405,311,415,True,False,6,6,0,0,0,0.0,0.0,0.0,0.0,0.0
1624,1263,405,315,50,True,False,220,220,0,0,0,0.0,0.0,0.0,0.0,0.0
1624,1264,405,315,100,True,True,220,220,123,1656,10,0.0,5.0,7.527272727272727,0.5590909090909091,7.527272727272727
1624,1265,405,315,184,True,False,220,220,0,0,0,0.0,0.0,0.0,0.0,0.0
1624,1266,405,315,229,True,False,220,220,0,0,0,0.0,0.0,0.0,0.0,0.0
1624,1267,405,315,230,True,False,220,220,0,0,0,0.0,0.0,0.0,0.0,0.0
1624,1268,405,315,485,True,False,220,220,0,0,0,0.0,0.0,0.0,0.0,0.0
1625,1553,405,390,2,True,False,16,16,0,0,0,0.0,0.0,0.0,0.0,0.0
1625,1554,405,390,8,True,False,16,16,0,0,0,0.0,0.0,0.0,0.0,0.0
1625,1555,405,390,22,True,False,16,16,0,0,0,0.0,0.0,0.0,0.0,0.0
1625,1556,405,390,79,True,False,16,16,0,0,0,0.0,0.0,0.0,0.0,0.0
1625,1557,405,390,80,True,False,16,16,0,0,0,0.0,0.0,0.0,0.0,0.0
1625,1558,405,390,138,True,False,16,16,0,0,0,0.0,0.0,0.0,0.0,0.0
1625,1559,405,390,149,True,False,16,16,0,0,0,0.0,0.0,0.0,0.0,0.0
1625,1560,405,390,151,True,False,16,16,0,0,0,0.0,0.0,0.0,0.0,0.0
1625,1561,405,390,171,True,False,16,16,0,0,0,0.0,0.0,0.0,0.0,0.0
1625,1562,405,390,175,True,True,16,16,11,35,2,0.0,3.0,2.1875,0.6875,2.1875
1625,1563,405,390,230,True,False,16,16,0,0,0,0.0,0.0,0.0,0.0,0.0
1625,1564,405,390,258,True,True,16,16,10,105,1,0.0,2.0,6.5625,0.625,6.5625
1625,1565,405,390,268,True,False,16,16,0,0,0,0.0,0.0,0.0,0.0,0.0
1625,1566,405,390,294,True,False,16,16,0,0,0,0.0,0.0,0.0,0.0,0.0
1625,1567,405,390,311,True,False,16,16,0,0,0,0.0,0.0,0.0,0.0,0.0
1626,1598,405,404,10,True,False,7,7,0,0,0,0.0,0.0,0.0,0.0,0.0
1626,1599,405,404,39,True,False,7,7,0,0,0,0.0,0.0,0.0,0.0,0.0
1626,1600,405,404,84,True,False,7,7,0,0,0,0.0,0.0,0.0,0.0,0.0
1626,1601,405,404,115,True,False,7,7,0,0,0,0.0,0.0,0.0,0.0,0.0
1626,1602,405,404,117,True,False,7,7,0,0,0,0.0,0.0,0.0,0.0,0.0
1626,1603,405,404,169,True,False,7,7,0,0,0,0.0,0.0,0.0,0.0,0.0
1626,1604,405,404,199,True,False,7,7,0,0,0,0.0,0.0,0.0,0.0,0.0
1626,1605,405,404,217,True,False,7,7,0,0,0,0.0,0.0,0.0,0.0,0.0
1626,1606,405,404,262,True,False,7,7,0,0,0,0.0,0.0,0.0,0.0,0.0
1626,1607,405,404,294,True,False,7,7,0,0,0,0.0,0.0,0.0,0.0,0.0
1626,1608,405,404,309,True,False,7,7,0,0,0,0.0,0.0,0.0,0.0,0.0
1626,1609,405,404,316,True,False,7,7,0,0,0,0.0,0.0,0.0,0.0,0.0
1626,1610,405,404,317,True,False,7,7,0,0,0,0.0,0.0,0.0,0.0,0.0
1626,1611,405,404,383,True,False,7,7,0,0,0,0.0,0.0,0.0,0.0,0.0
1626,1612,405,404,385,True,False,7,7,0,0,0,0.0,0.0,0.0,0.0,0.0
1626,1613,405,404,387,True,False,7,7,0,0,0,0.0,0.0,0.0,0.0,0.0
1626,1614,405,404,389,True,False,7,7,0,0,0,0.0,0.0,0.0,0.0,0.0
1626,1615,405,404,433,True,False,7,7,0,0,0,0.0,0.0,0.0,0.0,0.0
1626,1616,405,404,474,True,False,7,7,0,0,0,0.0,0.0,0.0,0.0,0.0
1626,1617,405,404,494,True,False,7,7,0,0,0,0.0,0.0,0.0,0.0,0.0
1627,1808,405,485,8,True,False,5,5,0,0,0,0.0,0.0,0.0,0.0,0.0
1627,1809,405,485,79,True,False,5,5,0,0,0,0.0,0.0,0.0,0.0,0.0
1627,1810,405,485,100,True,False,5,5,0,0,0,0.0,0.0,0.0,0.0,0.0
1627,1811,405,485,149,True,False,5,5,0,0,0,0.0,0.0,0.0,0.0,0.0
1627,1812,405,485,151,True,False,5,5,0,0,0,0.0,0.0,0.0,0.0,0.0
1627,1813,405,485,161,True,False,5,5,0,0,0,0.0,0.0,0.0,0.0,0.0
1627,1814,405,485,167,True,False,5,5,0,0,0,0.0,0.0,0.0,0.0,0.0
1627,1815,405,485,170,True,False,5,5,0,0,0,0.0,0.0,0.0,0.0,0.0
1627,1816,405,485,230,True,False,5,5,0,0,0,0.0,0.0,0.0,0.0,0.0
1627,1817,405,485,315,True,True,5,5,4,13,2,0.0,0.0,2.6,0.8,2.6
1627,1818,405,485,405,True,True,5,5,5,12,3,0.0,0.0,2.4,1.0,2.4
1628,858,406,206,262,True,False,526,526,0,0,0,0.0,0.0,0.0,0.0,0.0
1628,859,406,206,487,True,True,526,526,60,328,4,0.0,4.0,0.623574144486692,0.11406844106463879,0.623574144486692
1629,573,410,146,8,True,True,127,127,7,72,1,0.0,3.0,0.5669291338582677,0.05511811023622047,0.5669291338582677
1629,574,410,146,42,True,False,127,127,0,0,0,0.0,0.0,0.0,0.0,0.0
1629,575,410,146,100,True,False,127,127,0,0,0,0.0,0.0,0.0,0.0,0.0
1629,576,410,146,151,True,False,127,127,0,0,0,0.0,0.0,0.0,0.0,0.0
1629,577,410,146,230,True,True,127,127,21,147,2,1.0,7.0,1.1574803149606299,0.16535433070866143,1.1574803149606299
1629,578,410,146,315,True,True,127,127,5,5,1,2.0,4.0,0.03937007874015748,0.03937007874015748,0.03937007874015748
1629,579,410,146,404,True,False,127,127,0,0,0,0.0,0.0,0.0,0.0,0.0
1629,580,410,146,405,True,True,127,127,63,393,8,0.0,2.0,3.094488188976378,0.49606299212598426,3.094488188976378
1629,581,410,146,485,True,True,127,127,102,808,10,0.0,1.0,6.362204724409449,0.8031496062992126,6.362204724409449
1630,605,410,151,8,True,False,5,5,0,0,0,0.0,0.0,0.0,0.0,0.0
1630,606,410,151,10,True,False,5,5,0,0,0,0.0,0.0,0.0,0.0,0.0
1630,607,410,151,22,True,False,5,5,0,0,0,0.0,0.0,0.0,0.0,0.0
1630,608,410,151,79,True,False,5,5,0,0,0,0.0,0.0,0.0,0.0,0.0
1630,609,410,151,80,True,True,5,5,3,16,3,2.0,4.0,3.2,0.6,3.2
1630,610,410,151,117,True,False,5,5,0,0,0,0.0,0.0,0.0,0.0,0.0
1630,611,410,151,149,True,False,5,5,0,0,0,0.0,0.0,0.0,0.0,0.0
1630,612,410,151,171,True,False,5,5,0,0,0,0.0,0.0,0.0,0.0,0.0
1630,613,410,151,184,True,False,5,5,0,0,0,0.0,0.0,0.0,0.0,0.0
1630,614,410,151,230,True,False,5,5,0,0,0,0.0,0.0,0.0,0.0,0.0
1630,615,410,151,258,True,True,5,5,1,5,1,0.0,2.0,1.0,0.2,1.0
1630,616,410,151,268,True,False,5,5,0,0,0,0.0,0.0,0.0,0.0,0.0
1630,617,410,151,311,True,False,5,5,0,0,0,0.0,0.0,0.0,0.0,0.0
1630,618,410,151,390,True,True,5,5,4,39,3,0.0,3.0,7.8,0.8,7.8
1630,619,410,151,494,True,False,5,5,0,0,0,0.0,0.0,0.0,0.0,0.0
1631,669,410,164,4,True,False,6,6,0,0,0,0.0,0.0,0.0,0.0,0.0
1631,670,410,164,8,True,False,6,6,0,0,0,0.0,0.0,0.0,0.0,0.0
1631,671,410,164,42,True,False,6,6,0,0,0,0.0,0.0,0.0,0.0,0.0
1631,672,410,164,50,True,False,6,6,0,0,0,0.0,0.0,0.0,0.0,0.0
1631,673,410,164,63,True,False,6,6,0,0,0,0.0,0.0,0.0,0.0,0.0
1631,674,410,164,100,True,False,6,6,0,0,0,0.0,0.0,0.0,0.0,0.0
1631,675,410,164,146,True,False,6,6,0,0,0,0.0,0.0,0.0,0.0,0.0
1631,676,410,164,151,True,False,6,6,0,0,0,0.0,0.0,0.0,0.0,0.0
1631,677,410,164,171,True,False,6,6,0,0,0,0.0,0.0,0.0,0.0,0.0
1631,678,410,164,172,True,False,6,6,0,0,0,0.0,0.0,0.0,0.0,0.0
1631,679,410,164,180,True,True,6,6,1,1,1,0.0,0.0,0.16666666666666666,0.16666666666666666,0.16666666666666666
1631,680,410,164,271,True,False,6,6,0,0,0,0.0,0.0,0.0,0.0,0.0
1631,681,410,164,288,True,False,6,6,0,0,0,0.0,0.0,0.0,0.0,0.0
1631,682,410,164,410,True,True,6,6,1,3,1,0.0,0.0,0.5,0.16666666666666666,0.5
1632,791,410,180,146,True,True,72,72,14,65,3,0.0,2.0,0.9027777777777778,0.19444444444444445,0.9027777777777778
1632,792,410,180,297,True,False,72,72,0,0,0,0.0,0.0,0.0,0.0,0.0
1632,793,410,180,410,True,True,72,72,67,410,15,0.0,1.0,5.694444444444445,0.9305555555555556,5.694444444444445
1632,794,410,180,414,True,True,72,72,48,188,11,0.0,2.0,2.611111111111111,0.6666666666666666,2.611111111111111
1633,846,410,205,8,True,False,3,3,0,0,0,0.0,0.0,0.0,0.0,0.0
1633,847,410,205,42,True,False,3,3,0,0,0,0.0,0.0,0.0,0.0,0.0
1633,848,410,205,109,True,False,3,3,0,0,0,0.0,0.0,0.0,0.0,0.0
1633,849,410,205,146,True,False,3,3,0,0,0,0.0,0.0,0.0,0.0,0.0
1633,850,410,205,151,True,False,3,3,0,0,0,0.0,0.0,0.0,0.0,0.0
1633,851,410,205,259,True,False,3,3,0,0,0,0.0,0.0,0.0,0.0,0.0
1633,852,410,205,290,True,False,3,3,0,0,0,0.0,0.0,0.0,0.0,0.0
1633,853,410,205,297,True,False,3,3,0,0,0,0.0,0.0,0.0,0.0,0.0
1633,854,410,205,328,True,False,3,3,0,0,0,0.0,0.0,0.0,0.0,0.0
1633,855,410,205,352,True,False,3,3,0,0,0,0.0,0.0,0.0,0.0,0.0
1633,856,410,205,405,True,False,3,3,0,0,0,0.0,0.0,0.0,0.0,0.0
1633,857,410,205,494,True,False,3,3,0,0,0,0.0,0.0,0.0,0.0,0.0
1634,860,410,207,161,True,False,39,39,0,0,0,0.0,0.0,0.0,0.0,0.0
1634,861,410,207,167,True,True,39,39,13,105,1,0.0,1.0,2.6923076923076925,0.3333333333333333,2.6923076923076925
1634,862,410,207,196,True,False,39,39,0,0,0,0.0,0.0,0.0,0.0,0.0
1634,863,410,207,263,True,False,39,39,0,0,0,0.0,0.0,0.0,0.0,0.0
1634,864,410,207,375,True,False,39,39,0,0,0,0.0,0.0,0.0,0.0,0.0
1634,865,410,207,405,True,False,39,39,0,0,0,0.0,0.0,0.0,0.0,0.0
1634,866,410,207,440,True,False,39,39,0,0,0,0.0,0.0,0.0,0.0,0.0
1634,867,410,207,485,True,True,39,39,20,250,2,0.0,2.0,6.410256410256411,0.5128205128205128,6.410256410256411
1635,1108,410,271,1,True,False,6,6,0,0,0,0.0,0.0,0.0,0.0,0.0
1635,1109,410,271,28,True,False,6,6,0,0,0,0.0,0.0,0.0,0.0,0.0
1635,1110,410,271,42,True,True,6,6,1,14,1,5.0,7.0,2.3333333333333335,0.16666666666666666,2.3333333333333335
1635,1111,410,271,56,True,False,6,6,0,0,0,0.0,0.0,0.0,0.0,0.0
1635,1112,410,271,63,True,False,6,6,0,0,0,0.0,0.0,0.0,0.0,0.0
1635,1113,410,271,146,True,True,6,6,1,9,1,6.0,7.0,1.5,0.16666666666666666,1.5
1635,1114,410,271,164,True,False,6,6,0,0,0,0.0,0.0,0.0,0.0,0.0
1635,1115,410,271,171,True,False,6,6,0,0,0,0.0,0.0,0.0,0.0,0.0
1635,1116,410,271,173,True,False,6,6,0,0,0,0.0,0.0,0.0,0.0,0.0
1635,1117,410,271,180,True,False,6,6,0,0,0,0.0,0.0,0.0,0.0,0.0
1635,1118,410,271,196,True,False,6,6,0,0,0,0.0,0.0,0.0,0.0,0.0
1635,1119,410,271,207,True,False,6,6,0,0,0,0.0,0.0,0.0,0.0,0.0
1635,1120,410,271,222,True,False,6,6,0,0,0,0.0,0.0,0.0,0.0,0.0
1635,1121,410,271,297,True,False,6,6,0,0,0,0.0,0.0,0.0,0.0,0.0
1635,1122,410,271,355,True,False,6,6,0,0,0,0.0,0.0,0.0,0.0,0.0
1635,1123,410,271,369,True,False,6,6,0,0,0,0.0,0.0,0.0,0.0,0.0
1635,1124,410,271,410,True,False,6,6,0,0,0,0.0,0.0,0.0,0.0,0.0
1635,1125,410,271,429,True,False,6,6,0,0,0,0.0,0.0,0.0,0.0,0.0
1636,1202,410,297,1,True,False,70,70,0,0,0,0.0,0.0,0.0,0.0,0.0
1636,1203,410,297,42,True,True,70,70,5,15,1,5.0,8.0,0.21428571428571427,0.07142857142857142,0.21428571428571427
1636,1204,410,297,56,True,True,70,70,9,85,2,0.0,2.0,1.2142857142857142,0.12857142857142856,1.2142857142857142
1636,1205,410,297,63,True,True,70,70,19,261,3,0.0,5.0,3.7285714285714286,0.2714285714285714,3.7285714285714286
1636,1206,410,297,112,True,False,70,70,0,0,0,0.0,0.0,0.0,0.0,0.0
1636,1207,410,297,118,True,False,70,70,0,0,0,0.0,0.0,0.0,0.0,0.0
1636,1208,410,297,151,True,True,70,70,15,15,4,0.0,5.0,0.21428571428571427,0.21428571428571427,0.21428571428571427
1636,1209,410,297,163,True,False,70,70,0,0,0,0.0,0.0,0.0,0.0,0.0
1636,1210,410,297,222,True,True,70,70,9,36,2,0.0,2.0,0.5142857142857142,0.12857142857142856,0.5142857142857142
1636,1211,410,297,259,True,False,70,70,0,0,0,0.0,0.0,0.0,0.0,0.0
1636,1212,410,297,271,True,True,70,70,1,1,1,0.0,0.0,0.014285714285714285,0.014285714285714285,0.014285714285714285
1636,1213,410,297,371,True,False,70,70,0,0,0,0.0,0.0,0.0,0.0,0.0
1636,1214,410,297,382,True,False,70,70,0,0,0,0.0,0.0,0.0,0.0,0.0
1636,1215,410,297,410,True,False,70,70,0,0,0,0.0,0.0,0.0,0.0,0.0
1636,1216,410,297,414,True,True,70,70,8,24,2,0.0,0.0,0.34285714285714286,0.11428571428571428,0.34285714285714286
1636,1217,410,297,497,True,False,70,70,0,0,0,0.0,0.0,0.0,0.0,0.0
1637,1408,410,355,1,True,False,17,17,0,0,0,0.0,0.0,0.0,0.0,0.0
1637,1409,410,355,28,True,False,17,17,0,0,0,0.0,0.0,0.0,0.0,0.0
1637,1410,410,355,56,True,True,17,17,1,9,1,7.0,8.0,0.5294117647058824,0.058823529411764705,0.5294117647058824
1637,1411,410,355,207,True,False,17,17,0,0,0,0.0,0.0,0.0,0.0,0.0
1637,1412,410,355,271,True,False,17,17,0,0,0,0.0,0.0,0.0,0.0,0.0
1637,1413,410,355,318,True,False,17,17,0,0,0,0.0,0.0,0.0,0.0,0.0
1637,1414,410,355,326,True,False,17,17,0,0,0,0.0,0.0,0.0,0.0,0.0
1637,1415,410,355,347,True,False,17,17,0,0,0,0.0,0.0,0.0,0.0,0.0
1637,1416,410,355,362,True,False,17,17,0,0,0,0.0,0.0,0.0,0.0,0.0
1637,1417,410,355,369,True,False,17,17,0,0,0,0.0,0.0,0.0,0.0,0.0
1637,1418,410,355,398,True,False,17,17,0,0,0,0.0,0.0,0.0,0.0,0.0
1637,1419,410,355,410,True,False,17,17,0,0,0,0.0,0.0,0.0,0.0,0.0
1637,1420,410,355,429,True,False,17,17,0,0,0,0.0,0.0,0.0,0.0,0.0
1638,1441,410,369,56,True,False,53,53,0,0,0,0.0,0.0,0.0,0.0,0.0
1638,1442,410,369,146,True,True,53,53,8,63,2,0.0,3.0,1.1886792452830188,0.1509433962264151,1.1886792452830188
1638,1443,410,369,163,True,False,53,53,0,0,0,0.0,0.0,0.0,0.0,0.0
1638,1444,410,369,164,True,False,53,53,0,0,0,0.0,0.0,0.0,0.0,0.0
1638,1445,410,369,207,True,True,53,53,31,309,5,0.0,4.0,5.830188679245283,0.5849056603773585,5.830188679245283
1638,1446,410,369,271,True,False,53,53,0,0,0,0.0,0.0,0.0,0.0,0.0
1638,1447,410,369,329,True,False,53,53,0,0,0,0.0,0.0,0.0,0.0,0.0
1638,1448,410,369,355,True,False,53,53,0,0,0,0.0,0.0,0.0,0.0,0.0
1638,1449,410,369,371,True,False,53,53,0,0,0,0.0,0.0,0.0,0.0,0.0
1638,1450,410,369,375,True,False,53,53,0,0,0,0.0,0.0,0.0,0.0,0.0
1638,1451,410,369,410,True,False,53,53,0,0,0,0.0,0.0,0.0,0.0,0.0
1638,1452,410,369,414,True,True,53,53,5,25,2,0.0,0.0,0.4716981132075472,0.09433962264150944,0.4716981132075472
1638,1453,410,369,429,True,False,53,53,0,0,0,0.0,0.0,0.0,0.0,0.0
1639,1618,410,405,10,True,False,4,4,0,0,0,0.0,0.0,0.0,0.0,0.0
1639,1619,410,405,80,True,False,4,4,0,0,0,0.0,0.0,0.0,0.0,0.0
1639,1620,410,405,100,True,False,4,4,0,0,0,0.0,0.0,0.0,0.0,0.0
1639,1621,410,405,117,True,False,4,4,0,0,0,0.0,0.0,0.0,0.0,0.0
1639,1622,410,405,258,True,False,4,4,0,0,0,0.0,0.0,0.0,0.0,0.0
1639,1623,410,405,311,True,False,4,4,0,0,0,0.0,0.0,0.0,0.0,0.0
1639,1624,410,405,315,True,True,4,4,3,34,3,2.0,5.0,8.5,0.75,8.5
1639,1625,410,405,390,True,False,4,4,0,0,0,0.0,0.0,0.0,0.0,0.0
1639,1626,410,405,404,True,False,4,4,0,0,0,0.0,0.0,0.0,0.0,0.0
1639,1627,410,405,485,True,True,4,4,1,1,1,0.0,0.0,0.25,0.25,0.25
1640,1643,410,414,8,True,True,720,720,136,1028,15,0.0,3.0,1.4277777777777778,0.18888888888888888,1.4277777777777778
1640,1644,410,414,146,True,True,720,720,11,75,2,0.0,4.0,0.10416666666666667,0.015277777777777777,0.10416666666666667
1640,1645,410,414,151,True,True,720,720,89,679,13,0.0,2.0,0.9430555555555555,0.12361111111111112,0.9430555555555555
1640,1646,410,414,161,True,True,720,720,35,204,3,0.0,4.0,0.2833333333333333,0.04861111111111111,0.2833333333333333
1640,1647,410,414,167,True,True,720,720,51,358,5,0.0,4.0,0.49722222222222223,0.07083333333333333,0.49722222222222223
1640,1648,410,414,230,True,True,720,720,112,1017,11,0.0,4.0,1.4125,0.15555555555555556,1.4125
1640,1649,410,414,375,True,True,720,720,41,122,4,1.0,7.0,0.16944444444444445,0.05694444444444444,0.16944444444444445
1640,1650,410,414,485,True,True,720,720,218,2256,22,0.0,1.0,3.1333333333333333,0.30277777777777776,3.1333333333333333
1641,1667,410,429,1,True,False,104,104,0,0,0,0.0,0.0,0.0,0.0,0.0
1641,1668,410,429,259,True,False,104,104,0,0,0,0.0,0.0,0.0,0.0,0.0
1641,1669,410,429,297,True,False,104,104,0,0,0,0.0,0.0,0.0,0.0,0.0
1641,1670,410,429,369,True,True,104,104,3,8,1,0.0,1.0,0.07692307692307693,0.028846153846153848,0.07692307692307693
1641,1671,410,429,410,True,True,104,104,99,609,20,0.0,1.0,5.855769230769231,0.9519230769230769,5.855769230769231
1641,1672,410,429,414,True,True,104,104,64,263,14,0.0,2.0,2.5288461538461537,0.6153846153846154,2.5288461538461537
1642,1808,410,485,8,True,True,29,29,1,3,1,2.0,3.0,0.10344827586206896,0.034482758620689655,0.10344827586206896
1642,1809,410,485,79,True,True,29,29,6,38,3,1.0,4.0,1.3103448275862069,0.20689655172413793,1.3103448275862069
1642,1810,410,485,100,True,False,29,29,0,0,0,0.0,0.0,0.0,0.0,0.0
1642,1811,410,485,149,True,True,29,29,1,3,1,4.0,5.0,0.10344827586206896,0.034482758620689655,0.10344827586206896
1642,1812,410,485,151,True,True,29,29,3,25,3,0.0,2.0,0.8620689655172413,0.10344827586206896,0.8620689655172413
1642,1813,410,485,161,True,True,29,29,5,29,3,1.0,3.0,1.0,0.1724137931034483,1.0
1642,1814,410,485,167,True,False,29,29,0,0,0,0.0,0.0,0.0,0.0,0.0
1642,1815,410,485,170,True,False,29,29,0,0,0,0.0,0.0,0.0,0.0,0.0
1642,1816,410,485,230,True,True,29,29,11,74,7,2.0,4.0,2.5517241379310347,0.3793103448275862,2.5517241379310347
1642,1817,410,485,315,True,True,29,29,7,43,3,1.0,4.0,1.4827586206896552,0.2413793103448276,1.4827586206896552
1642,1818,410,485,405,True,True,29,29,4,35,4,0.0,2.0,1.206896551724138,0.13793103448275862,1.206896551724138
1643,54,414,8,22,True,True,123,123,3,32,2,0.0,2.0,0.2601626016260163,0.024390243902439025,0.2601626016260163
1643,55,414,8,79,True,True,123,123,89,701,10,0.0,2.0,5.699186991869919,0.7235772357723578,5.699186991869919
1643,56,414,8,80,True,False,123,123,0,0,0,0.0,0.0,0.0,0.0,0.0
1643,57,414,8,100,True,False,123,123,0,0,0,0.0,0.0,0.0,0.0,0.0
1643,58,414,8,126,True,False,123,123,0,0,0,0.0,0.0,0.0,0.0,0.0
1643,59,414,8,144,True,False,123,123,0,0,0,0.0,0.0,0.0,0.0,0.0
1643,60,414,8,149,True,False,123,123,0,0,0,0.0,0.0,0.0,0.0,0.0
1643,61,414,8,171,True,False,123,123,0,0,0,0.0,0.0,0.0,0.0,0.0
1643,62,414,8,184,True,True,123,123,30,108,4,0.0,1.0,0.8780487804878049,0.24390243902439024,0.8780487804878049
1643,63,414,8,229,True,False,123,123,0,0,0,0.0,0.0,0.0,0.0,0.0
1643,64,414,8,230,True,True,123,123,56,349,9,0.0,1.0,2.83739837398374,0.45528455284552843,2.83739837398374
1643,65,414,8,258,True,False,123,123,0,0,0,0.0,0.0,0.0,0.0,0.0
1643,66,414,8,311,True,False,123,123,0,0,0,0.0,0.0,0.0,0.0,0.0
1643,67,414,8,315,True,False,123,123,0,0,0,0.0,0.0,0.0,0.0,0.0
1643,68,414,8,390,True,False,123,123,0,0,0,0.0,0.0,0.0,0.0,0.0
1644,573,414,146,8,True,True,10,10,2,12,1,0.0,0.0,1.2,0.2,1.2
1644,574,414,146,42,True,False,10,10,0,0,0,0.0,0.0,0.0,0.0,0.0
1644,575,414,146,100,True,False,10,10,0,0,0,0.0,0.0,0.0,0.0,0.0
1644,576,414,146,151,True,False,10,10,0,0,0,0.0,0.0,0.0,0.0,0.0
1644,577,414,146,230,True,True,10,10,10,62,2,0.0,0.0,6.2,1.0,6.2
1644,578,414,146,315,True,False,10,10,0,0,0,0.0,0.0,0.0,0.0,0.0
1644,579,414,146,404,True,False,10,10,0,0,0,0.0,0.0,0.0,0.0,0.0
1644,580,414,146,405,True,False,10,10,0,0,0,0.0,0.0,0.0,0.0,0.0
1644,581,414,146,485,True,False,10,10,0,0,0,0.0,0.0,0.0,0.0,0.0
1645,605,414,151,8,True,True,139,139,29,81,4,0.0,0.0,0.5827338129496403,0.20863309352517986,0.5827338129496403
1645,606,414,151,10,True,False,139,139,0,0,0,0.0,0.0,0.0,0.0,0.0
1645,607,414,151,22,True,True,139,139,20,28,2,0.0,1.5,0.2014388489208633,0.14388489208633093,0.2014388489208633
1645,608,414,151,79,True,True,139,139,87,491,7,0.0,2.0,3.5323741007194243,0.6258992805755396,3.5323741007194243
1645,609,414,151,80,True,False,139,139,0,0,0,0.0,0.0,0.0,0.0,0.0
1645,610,414,151,117,True,False,139,139,0,0,0,0.0,0.0,0.0,0.0,0.0
1645,611,414,151,149,True,True,139,139,24,170,2,0.0,4.0,1.223021582733813,0.17266187050359713,1.223021582733813
1645,612,414,151,171,True,False,139,139,0,0,0,0.0,0.0,0.0,0.0,0.0
1645,613,414,151,184,True,False,139,139,0,0,0,0.0,0.0,0.0,0.0,0.0
1645,614,414,151,230,True,True,139,139,84,475,8,0.0,3.0,3.41726618705036,0.60431654676259,3.41726618705036
1645,615,414,151,258,True,False,139,139,0,0,0,0.0,0.0,0.0,0.0,0.0
1645,616,414,151,268,True,False,139,139,0,0,0,0.0,0.0,0.0,0.0,0.0
1645,617,414,151,311,True,False,139,139,0,0,0,0.0,0.0,0.0,0.0,0.0
1645,618,414,151,390,True,True,139,139,55,271,4,0.0,2.0,1.9496402877697843,0.39568345323741005,1.9496402877697843
1645,619,414,151,494,True,False,139,139,0,0,0,0.0,0.0,0.0,0.0,0.0
1646,656,414,161,28,True,False,17,17,0,0,0,0.0,0.0,0.0,0.0,0.0
1646,657,414,161,143,True,False,17,17,0,0,0,0.0,0.0,0.0,0.0,0.0
1646,658,414,161,157,True,False,17,17,0,0,0,0.0,0.0,0.0,0.0,0.0
1646,659,414,161,167,True,True,17,17,12,33,1,0.0,1.0,1.9411764705882353,0.7058823529411765,1.9411764705882353
1646,660,414,161,369,True,False,17,17,0,0,0,0.0,0.0,0.0,0.0,0.0
1646,661,414,161,375,True,True,17,17,16,30,2,0.0,0.0,1.7647058823529411,0.9411764705882353,1.7647058823529411
1646,662,414,161,398,True,False,17,17,0,0,0,0.0,0.0,0.0,0.0,0.0
1646,663,414,161,440,True,False,17,17,0,0,0,0.0,0.0,0.0,0.0,0.0
1646,664,414,161,485,True,True,17,17,12,26,1,0.0,1.0,1.5294117647058822,0.7058823529411765,1.5294117647058822
1647,688,414,167,7,True,False,46,46,0,0,0,0.0,0.0,0.0,0.0,0.0
1647,689,414,167,88,True,False,46,46,0,0,0,0.0,0.0,0.0,0.0,0.0
1647,690,414,167,133,True,False,46,46,0,0,0,0.0,0.0,0.0,0.0,0.0
1647,691,414,167,143,True,False,46,46,0,0,0,0.0,0.0,0.0,0.0,0.0
1647,692,414,167,157,True,False,46,46,0,0,0,0.0,0.0,0.0,0.0,0.0
1647,693,414,167,161,True,True,46,46,45,371,5,0.0,2.0,8.065217391304348,0.9782608695652174,8.065217391304348
1647,694,414,167,196,True,False,46,46,0,0,0,0.0,0.0,0.0,0.0,0.0
1647,695,414,167,261,True,False,46,46,0,0,0,0.0,0.0,0.0,0.0,0.0
1647,696,414,167,279,True,True,46,46,1,15,1,1.0,4.0,0.32608695652173914,0.021739130434782608,0.32608695652173914
1647,697,414,167,290,True,False,46,46,0,0,0,0.0,0.0,0.0,0.0,0.0
1647,698,414,167,316,True,False,46,46,0,0,0,0.0,0.0,0.0,0.0,0.0
1647,699,414,167,432,True,False,46,46,0,0,0,0.0,0.0,0.0,0.0,0.0
1647,700,414,167,440,True,False,46,46,0,0,0,0.0,0.0,0.0,0.0,0.0
1647,701,414,167,474,True,False,46,46,0,0,0,0.0,0.0,0.0,0.0,0.0
1647,702,414,167,509,True,False,46,46,0,0,0,0.0,0.0,0.0,0.0,0.0
1648,912,414,230,4,True,True,120,120,13,57,2,7.0,10.0,0.475,0.10833333333333334,0.475
1648,913,414,230,8,True,True,120,120,58,401,6,0.0,2.0,3.341666666666667,0.48333333333333334,3.341666666666667
1648,914,414,230,22,True,True,120,120,8,22,2,0.0,4.0,0.18333333333333332,0.06666666666666667,0.18333333333333332
1648,915,414,230,50,True,False,120,120,0,0,0,0.0,0.0,0.0,0.0,0.0
1648,916,414,230,79,True,True,120,120,18,124,3,0.0,4.0,1.0333333333333334,0.15,1.0333333333333334
1648,917,414,230,80,True,False,120,120,0,0,0,0.0,0.0,0.0,0.0,0.0
1648,918,414,230,100,True,False,120,120,0,0,0,0.0,0.0,0.0,0.0,0.0
1648,919,414,230,149,True,False,120,120,0,0,0,0.0,0.0,0.0,0.0,0.0
1648,920,414,230,151,True,True,120,120,29,95,1,0.0,1.0,0.7916666666666666,0.24166666666666667,0.7916666666666666
1648,921,414,230,171,True,False,120,120,0,0,0,0.0,0.0,0.0,0.0,0.0
1648,922,414,230,184,True,True,120,120,27,326,2,0.0,4.0,2.716666666666667,0.225,2.716666666666667
1648,923,414,230,288,True,True,120,120,2,2,1,10.0,10.0,0.016666666666666666,0.016666666666666666,0.016666666666666666
1648,924,414,230,311,True,False,120,120,0,0,0,0.0,0.0,0.0,0.0,0.0
1648,925,414,230,390,True,False,120,120,0,0,0,0.0,0.0,0.0,0.0,0.0
1648,926,414,230,485,True,True,120,120,5,25,1,2.0,5.0,0.20833333333333334,0.041666666666666664,0.20833333333333334
1649,1462,414,375,28,True,False,16,16,0,0,0,0.0,0.0,0.0,0.0,0.0
1649,1463,414,375,161,True,False,16,16,0,0,0,0.0,0.0,0.0,0.0,0.0
1649,1464,414,375,163,True,False,16,16,0,0,0,0.0,0.0,0.0,0.0,0.0
1649,1465,414,375,167,True,True,16,16,2,6,1,0.0,0.0,0.375,0.125,0.375
1649,1466,414,375,271,True,False,16,16,0,0,0,0.0,0.0,0.0,0.0,0.0
1649,1467,414,375,355,True,False,16,16,0,0,0,0.0,0.0,0.0,0.0,0.0
1649,1468,414,375,369,True,True,16,16,11,68,2,6.0,9.0,4.25,0.6875,4.25
1649,1469,414,375,410,True,True,16,16,10,39,1,5.0,8.0,2.4375,0.625,2.4375
1649,1470,414,375,429,True,False,16,16,0,0,0,0.0,0.0,0.0,0.0,0.0
1650,1808,414,485,8,True,True,374,374,35,163,3,0.0,1.0,0.4358288770053476,0.09358288770053476,0.4358288770053476
1650,1809,414,485,79,True,True,374,374,103,631,6,0.0,3.0,1.6871657754010696,0.27540106951871657,1.6871657754010696
1650,1810,414,485,100,True,True,374,374,1,2,1,10.0,10.0,0.0053475935828877,0.00267379679144385,0.0053475935828877
1650,1811,414,485,149,True,True,374,374,29,87,2,0.0,4.0,0.232620320855615,0.07754010695187166,0.232620320855615
1650,1812,414,485,151,True,True,374,374,70,358,6,0.0,1.0,0.9572192513368984,0.18716577540106952,0.9572192513368984
1650,1813,414,485,161,True,True,374,374,52,292,4,0.0,2.0,0.7807486631016043,0.13903743315508021,0.7807486631016043
1650,1814,414,485,167,True,False,374,374,0,0,0,0.0,0.0,0.0,0.0,0.0
1650,1815,414,485,170,True,False,374,374,0,0,0,0.0,0.0,0.0,0.0,0.0
1650,1816,414,485,230,True,True,374,374,221,1675,15,0.0,3.0,4.478609625668449,0.5909090909090909,4.478609625668449
1650,1817,414,485,315,True,False,374,374,0,0,0,0.0,0.0,0.0,0.0,0.0
1650,1818,414,485,405,True,False,374,374,0,0,0,0.0,0.0,0.0,0.0,0.0
1651,42,415,7,28,True,False,20,20,0,0,0,0.0,0.0,0.0,0.0,0.0
1651,43,415,7,77,True,False,20,20,0,0,0,0.0,0.0,0.0,0.0,0.0
1651,44,415,7,133,True,False,20,20,0,0,0,0.0,0.0,0.0,0.0,0.0
1651,45,415,7,143,True,False,20,20,0,0,0,0.0,0.0,0.0,0.0,0.0
1651,46,415,7,167,True,False,20,20,0,0,0,0.0,0.0,0.0,0.0,0.0
1651,47,415,7,196,True,False,20,20,0,0,0,0.0,0.0,0.0,0.0,0.0
1651,48,415,7,222,True,False,20,20,0,0,0,0.0,0.0,0.0,0.0,0.0
1651,49,415,7,290,True,False,20,20,0,0,0,0.0,0.0,0.0,0.0,0.0
1651,50,415,7,318,True,False,20,20,0,0,0,0.0,0.0,0.0,0.0,0.0
1651,51,415,7,347,True,False,20,20,0,0,0,0.0,0.0,0.0,0.0,0.0
1651,52,415,7,474,True,False,20,20,0,0,0,0.0,0.0,0.0,0.0,0.0
1651,53,415,7,509,True,True,20,20,2,2,1,0.0,0.0,0.1,0.1,0.1
1652,352,415,80,10,True,False,65,65,0,0,0,0.0,0.0,0.0,0.0,0.0
1652,353,415,80,79,True,False,65,65,0,0,0,0.0,0.0,0.0,0.0,0.0
1652,354,415,80,118,True,False,65,65,0,0,0,0.0,0.0,0.0,0.0,0.0
1652,355,415,80,138,True,False,65,65,0,0,0,0.0,0.0,0.0,0.0,0.0
1652,356,415,80,149,True,True,65,65,6,60,2,0.0,1.0,0.9230769230769231,0.09230769230769231,0.9230769230769231
1652,357,415,80,151,True,False,65,65,0,0,0,0.0,0.0,0.0,0.0,0.0
1652,358,415,80,171,True,True,65,65,21,217,3,1.0,6.0,3.3384615384615386,0.3230769230769231,3.3384615384615386
1652,359,415,80,230,True,True,65,65,4,4,1,0.0,0.0,0.06153846153846154,0.06153846153846154,0.06153846153846154
1652,360,415,80,258,True,True,65,65,5,13,2,0.0,0.0,0.2,0.07692307692307693,0.2
1652,361,415,80,268,True,True,65,65,22,213,4,0.0,2.0,3.276923076923077,0.3384615384615385,3.276923076923077
1652,362,415,80,297,True,False,65,65,0,0,0,0.0,0.0,0.0,0.0,0.0
1652,363,415,80,311,True,True,65,65,6,46,3,0.0,1.0,0.7076923076923077,0.09230769230769231,0.7076923076923077
1652,364,415,80,390,True,False,65,65,0,0,0,0.0,0.0,0.0,0.0,0.0
1652,365,415,80,415,True,True,65,65,3,3,1,4.0,5.0,0.046153846153846156,0.046153846153846156,0.046153846153846156
1653,446,415,117,10,True,False,8,8,0,0,0,0.0,0.0,0.0,0.0,0.0
1653,447,415,117,16,True,False,8,8,0,0,0,0.0,0.0,0.0,0.0,0.0
1653,448,415,117,80,True,False,8,8,0,0,0,0.0,0.0,0.0,0.0,0.0
1653,449,415,117,199,True,False,8,8,0,0,0,0.0,0.0,0.0,0.0,0.0
1653,450,415,117,238,True,False,8,8,0,0,0,0.0,0.0,0.0,0.0,0.0
1653,451,415,117,268,True,False,8,8,0,0,0,0.0,0.0,0.0,0.0,0.0
1653,452,415,117,281,True,False,8,8,0,0,0,0.0,0.0,0.0,0.0,0.0
1653,453,415,117,294,True,False,8,8,0,0,0,0.0,0.0,0.0,0.0,0.0
1653,454,415,117,317,True,False,8,8,0,0,0,0.0,0.0,0.0,0.0,0.0
1653,455,415,117,324,True,False,8,8,0,0,0,0.0,0.0,0.0,0.0,0.0
1653,456,415,117,378,True,False,8,8,0,0,0,0.0,0.0,0.0,0.0,0.0
1653,457,415,117,383,True,False,8,8,0,0,0,0.0,0.0,0.0,0.0,0.0
1653,458,415,117,387,True,False,8,8,0,0,0,0.0,0.0,0.0,0.0,0.0
1653,459,415,117,455,True,False,8,8,0,0,0,0.0,0.0,0.0,0.0,0.0
1653,460,415,117,462,True,False,8,8,0,0,0,0.0,0.0,0.0,0.0,0.0
1653,461,415,117,494,True,False,8,8,0,0,0,0.0,0.0,0.0,0.0,0.0
1654,500,415,133,7,True,False,71,71,0,0,0,0.0,0.0,0.0,0.0,0.0
1654,501,415,133,157,True,False,71,71,0,0,0,0.0,0.0,0.0,0.0,0.0
1654,502,415,133,196,True,False,71,71,0,0,0,0.0,0.0,0.0,0.0,0.0
1654,503,415,133,222,True,True,71,71,15,160,1,4.0,9.0,2.2535211267605635,0.2112676056338028,2.2535211267605635
1654,504,415,133,415,True,True,71,71,2,6,1,0.0,0.0,0.08450704225352113,0.028169014084507043,0.08450704225352113
1654,505,415,133,432,True,False,71,71,0,0,0,0.0,0.0,0.0,0.0,0.0
1655,591,415,149,8,True,False,20,20,0,0,0,0.0,0.0,0.0,0.0,0.0
1655,592,415,149,42,True,False,20,20,0,0,0,0.0,0.0,0.0,0.0,0.0
1655,593,415,149,79,True,False,20,20,0,0,0,0.0,0.0,0.0,0.0,0.0
1655,594,415,149,80,True,True,20,20,4,12,1,0.0,0.0,0.6,0.2,0.6
1655,595,415,149,100,True,False,20,20,0,0,0,0.0,0.0,0.0,0.0,0.0
1655,596,415,149,151,True,False,20,20,0,0,0,0.0,0.0,0.0,0.0,0.0
1655,597,415,149,171,True,False,20,20,0,0,0,0.0,0.0,0.0,0.0,0.0
1655,598,415,149,184,True,False,20,20,0,0,0,0.0,0.0,0.0,0.0,0.0
1655,599,415,149,230,True,False,20,20,0,0,0,0.0,0.0,0.0,0.0,0.0
1655,600,415,149,268,True,True,20,20,8,32,2,0.0,0.0,1.6,0.4,1.6
1655,601,415,149,311,True,False,20,20,0,0,0,0.0,0.0,0.0,0.0,0.0
1655,602,415,149,315,True,False,20,20,0,0,0,0.0,0.0,0.0,0.0,0.0
1655,603,415,149,390,True,True,20,20,15,96,2,0.0,0.0,4.8,0.75,4.8
1655,604,415,149,415,True,True,20,20,1,5,1,0.0,0.0,0.25,0.05,0.25
1656,605,415,151,8,True,False,7,7,0,0,0,0.0,0.0,0.0,0.0,0.0
1656,606,415,151,10,True,False,7,7,0,0,0,0.0,0.0,0.0,0.0,0.0
1656,607,415,151,22,True,False,7,7,0,0,0,0.0,0.0,0.0,0.0,0.0
1656,608,415,151,79,True,False,7,7,0,0,0,0.0,0.0,0.0,0.0,0.0
1656,609,415,151,80,True,False,7,7,0,0,0,0.0,0.0,0.0,0.0,0.0
1656,610,415,151,117,True,False,7,7,0,0,0,0.0,0.0,0.0,0.0,0.0
1656,611,415,151,149,True,False,7,7,0,0,0,0.0,0.0,0.0,0.0,0.0
1656,612,415,151,171,True,True,7,7,6,6,1,2.0,3.5,0.8571428571428571,0.8571428571428571,0.8571428571428571
1656,613,415,151,184,True,False,7,7,0,0,0,0.0,0.0,0.0,0.0,0.0
1656,614,415,151,230,True,True,7,7,1,1,1,0.0,0.0,0.14285714285714285,0.14285714285714285,0.14285714285714285
1656,615,415,151,258,True,False,7,7,0,0,0,0.0,0.0,0.0,0.0,0.0
1656,616,415,151,268,True,False,7,7,0,0,0,0.0,0.0,0.0,0.0,0.0
1656,617,415,151,311,True,True,7,7,7,88,2,0.0,2.0,12.571428571428571,1.0,12.571428571428571
1656,618,415,151,390,True,False,7,7,0,0,0,0.0,0.0,0.0,0.0,0.0
1656,619,415,151,494,True,False,7,7,0,0,0,0.0,0.0,0.0,0.0,0.0
1657,758,415,175,2,True,False,9,9,0,0,0,0.0,0.0,0.0,0.0,0.0
1657,759,415,175,21,True,True,9,9,1,4,1,6.0,7.5,0.4444444444444444,0.1111111111111111,0.4444444444444444
1657,760,415,175,31,True,True,9,9,6,31,2,4.0,7.0,3.4444444444444446,0.6666666666666666,3.4444444444444446
1657,761,415,175,43,True,False,9,9,0,0,0,0.0,0.0,0.0,0.0,0.0
1657,762,415,175,61,True,True,9,9,6,30,2,2.0,5.5,3.3333333333333335,0.6666666666666666,3.3333333333333335
1657,763,415,175,74,True,True,9,9,5,5,1,6.0,7.0,0.5555555555555556,0.5555555555555556,0.5555555555555556
1657,764,415,175,80,True,False,9,9,0,0,0,0.0,0.0,0.0,0.0,0.0
1657,765,415,175,126,True,False,9,9,0,0,0,0.0,0.0,0.0,0.0,0.0
1657,766,415,175,139,True,False,9,9,0,0,0,0.0,0.0,0.0,0.0,0.0
1657,767,415,175,179,True,False,9,9,0,0,0,0.0,0.0,0.0,0.0,0.0
1657,768,415,175,186,True,True,9,9,5,20,1,3.0,6.0,2.2222222222222223,0.5555555555555556,2.2222222222222223
1657,769,415,175,248,True,False,9,9,0,0,0,0.0,0.0,0.0,0.0,0.0
1657,770,415,175,258,True,True,9,9,1,1,1,0.0,0.0,0.1111111111111111,0.1111111111111111,0.1111111111111111
1657,771,415,175,273,True,False,9,9,0,0,0,0.0,0.0,0.0,0.0,0.0
1657,772,415,175,311,True,False,9,9,0,0,0,0.0,0.0,0.0,0.0,0.0
1657,773,415,175,390,True,False,9,9,0,0,0,0.0,0.0,0.0,0.0,0.0
1657,774,415,175,415,True,False,9,9,0,0,0,0.0,0.0,0.0,0.0,0.0
1657,775,415,175,488,True,False,9,9,0,0,0,0.0,0.0,0.0,0.0,0.0
1658,820,415,196,1,True,False,8,8,0,0,0,0.0,0.0,0.0,0.0,0.0
1658,821,415,196,28,True,False,8,8,0,0,0,0.0,0.0,0.0,0.0,0.0
1658,822,415,196,133,True,False,8,8,0,0,0,0.0,0.0,0.0,0.0,0.0
1658,823,415,196,207,True,False,8,8,0,0,0,0.0,0.0,0.0,0.0,0.0
1658,824,415,196,222,True,True,8,8,3,5,1,9.0,10.0,0.625,0.375,0.625
1658,825,415,196,263,True,False,8,8,0,0,0,0.0,0.0,0.0,0.0,0.0
1658,826,415,196,271,True,False,8,8,0,0,0,0.0,0.0,0.0,0.0,0.0
1658,827,415,196,299,True,False,8,8,0,0,0,0.0,0.0,0.0,0.0,0.0
1658,828,415,196,318,True,False,8,8,0,0,0,0.0,0.0,0.0,0.0,0.0
1658,829,415,196,429,True,False,8,8,0,0,0,0.0,0.0,0.0,0.0,0.0
1658,830,415,196,509,True,True,8,8,1,2,1,0.0,0.0,0.25,0.125,0.25
1659,1039,415,258,2,True,False,98,98,0,0,0,0.0,0.0,0.0,0.0,0.0
1659,1040,415,258,22,True,False,98,98,0,0,0,0.0,0.0,0.0,0.0,0.0
1659,1041,415,258,61,True,True,98,98,17,17,3,5.0,8.0,0.17346938775510204,0.17346938775510204,0.17346938775510204
1659,1042,415,258,80,True,True,98,98,20,69,5,0.0,0.0,0.7040816326530612,0.20408163265306123,0.7040816326530612
1659,1043,415,258,126,True,True,98,98,5,41,1,0.0,1.0,0.41836734693877553,0.05102040816326531,0.41836734693877553
1659,1044,415,258,151,True,False,98,98,0,0,0,0.0,0.0,0.0,0.0,0.0
1659,1045,415,258,175,True,True,98,98,68,700,11,0.0,5.0,7.142857142857143,0.6938775510204082,7.142857142857143
1659,1046,415,258,311,True,True,98,98,10,28,3,0.0,1.0,0.2857142857142857,0.10204081632653061,0.2857142857142857
1659,1047,415,258,390,True,False,98,98,0,0,0,0.0,0.0,0.0,0.0,0.0
1659,1048,415,258,415,True,True,98,98,11,11,3,0.0,0.0,0.11224489795918367,0.11224489795918367,0.11224489795918367
1660,1082,415,263,7,True,False,7,7,0,0,0,0.0,0.0,0.0,0.0,0.0
1660,1083,415,263,133,True,True,7,7,4,4,1,0.0,0.0,0.5714285714285714,0.5714285714285714,0.5714285714285714
1660,1084,415,263,167,True,False,7,7,0,0,0,0.0,0.0,0.0,0.0,0.0
1660,1085,415,263,196,True,False,7,7,0,0,0,0.0,0.0,0.0,0.0,0.0
1660,1086,415,263,258,True,False,7,7,0,0,0,0.0,0.0,0.0,0.0,0.0
1660,1087,415,263,309,True,False,7,7,0,0,0,0.0,0.0,0.0,0.0,0.0
1660,1088,415,263,405,True,False,7,7,0,0,0,0.0,0.0,0.0,0.0,0.0
1660,1089,415,263,440,True,False,7,7,0,0,0,0.0,0.0,0.0,0.0,0.0
1660,1090,415,263,509,True,False,7,7,0,0,0,0.0,0.0,0.0,0.0,0.0
1661,1099,415,268,112,True,False,32,32,0,0,0,0.0,0.0,0.0,0.0,0.0
1661,1100,415,268,171,True,False,32,32,0,0,0,0.0,0.0,0.0,0.0,0.0
1661,1101,415,268,173,True,False,32,32,0,0,0,0.0,0.0,0.0,0.0,0.0
1661,1102,415,268,205,True,False,32,32,0,0,0,0.0,0.0,0.0,0.0,0.0
1661,1103,415,268,271,True,True,32,32,12,79,2,0.0,3.0,2.46875,0.375,2.46875
1661,1104,415,268,297,True,True,32,32,5,60,1,0.0,4.0,1.875,0.15625,1.875
1661,1105,415,268,371,True,False,32,32,0,0,0,0.0,0.0,0.0,0.0,0.0
1661,1106,415,268,390,True,False,32,32,0,0,0,0.0,0.0,0.0,0.0,0.0
1661,1107,415,268,410,True,False,32,32,0,0,0,0.0,0.0,0.0,0.0,0.0
1662,1240,415,311,4,True,False,68,68,0,0,0,0.0,0.0,0.0,0.0,0.0
1662,1241,415,311,80,True,True,68,68,4,12,1,0.0,0.0,0.17647058823529413,0.058823529411764705,0.17647058823529413
1662,1242,415,311,118,True,True,68,68,15,160,1,4.0,9.0,2.3529411764705883,0.22058823529411764,2.3529411764705883
1662,1243,415,311,138,True,True,68,68,14,154,1,4.0,9.0,2.264705882352941,0.20588235294117646,2.264705882352941
1662,1244,415,311,149,True,True,68,68,4,4,1,0.0,0.0,0.058823529411764705,0.058823529411764705,0.058823529411764705
1662,1245,415,311,151,True,False,68,68,0,0,0,0.0,0.0,0.0,0.0,0.0
1662,1246,415,311,163,True,False,68,68,0,0,0,0.0,0.0,0.0,0.0,0.0
1662,1247,415,311,171,True,False,68,68,0,0,0,0.0,0.0,0.0,0.0,0.0
1662,1248,415,311,288,True,False,68,68,0,0,0,0.0,0.0,0.0,0.0,0.0
1662,1249,415,311,371,True,False,68,68,0,0,0,0.0,0.0,0.0,0.0,0.0
1662,1250,415,311,390,True,False,68,68,0,0,0,0.0,0.0,0.0,0.0,0.0
1662,1251,415,311,415,True,False,68,68,0,0,0,0.0,0.0,0.0,0.0,0.0
1663,1263,415,315,50,True,False,5,5,0,0,0,0.0,0.0,0.0,0.0,0.0
1663,1264,415,315,100,True,False,5,5,0,0,0,0.0,0.0,0.0,0.0,0.0
1663,1265,415,315,184,True,True,5,5,1,5,1,0.0,0.0,1.0,0.2,1.0
1663,1266,415,315,229,True,False,5,5,0,0,0,0.0,0.0,0.0,0.0,0.0
1663,1267,415,315,230,True,False,5,5,0,0,0,0.0,0.0,0.0,0.0,0.0
1663,1268,415,315,485,True,False,5,5,0,0,0,0.0,0.0,0.0,0.0,0.0
1664,1534,415,387,6,True,False,31,31,0,0,0,0.0,0.0,0.0,0.0,0.0
1664,1535,415,387,10,True,False,31,31,0,0,0,0.0,0.0,0.0,0.0,0.0
1664,1536,415,387,117,True,True,31,31,6,18,2,0.0,0.0,0.5806451612903226,0.1935483870967742,0.5806451612903226
1664,1537,415,387,175,True,True,31,31,6,75,1,0.0,1.0,2.4193548387096775,0.1935483870967742,2.4193548387096775
1664,1538,415,387,281,True,True,31,31,6,84,1,3.0,7.0,2.7096774193548385,0.1935483870967742,2.7096774193548385
1664,1539,415,387,294,True,False,31,31,0,0,0,0.0,0.0,0.0,0.0,0.0
1664,1540,415,387,309,True,False,31,31,0,0,0,0.0,0.0,0.0,0.0,0.0
1664,1541,415,387,383,True,False,31,31,0,0,0,0.0,0.0,0.0,0.0,0.0
1664,1542,415,387,455,True,False,31,31,0,0,0,0.0,0.0,0.0,0.0,0.0
1665,1553,415,390,2,True,False,32,32,0,0,0,0.0,0.0,0.0,0.0,0.0
1665,1554,415,390,8,True,False,32,32,0,0,0,0.0,0.0,0.0,0.0,0.0
1665,1555,415,390,22,True,False,32,32,0,0,0,0.0,0.0,0.0,0.0,0.0
1665,1556,415,390,79,True,False,32,32,0,0,0,0.0,0.0,0.0,0.0,0.0
1665,1557,415,390,80,True,True,32,32,9,37,2,0.0,0.0,1.15625,0.28125,1.15625
1665,1558,415,390,138,True,False,32,32,0,0,0,0.0,0.0,0.0,0.0,0.0
1665,1559,415,390,149,True,False,32,32,0,0,0,0.0,0.0,0.0,0.0,0.0
1665,1560,415,390,151,True,False,32,32,0,0,0,0.0,0.0,0.0,0.0,0.0
1665,1561,415,390,171,True,False,32,32,0,0,0,0.0,0.0,0.0,0.0,0.0
1665,1562,415,390,175,True,True,32,32,12,93,2,2.0,6.0,2.90625,0.375,2.90625
1665,1563,415,390,230,True,False,32,32,0,0,0,0.0,0.0,0.0,0.0,0.0
1665,1564,415,390,258,True,True,32,32,5,52,2,0.0,4.0,1.625,0.15625,1.625
1665,1565,415,390,268,True,True,32,32,4,8,1,0.0,0.0,0.25,0.125,0.25
1665,1566,415,390,294,True,True,32,32,9,45,1,1.0,5.0,1.40625,0.28125,1.40625
1665,1567,415,390,311,True,True,32,32,6,53,2,0.0,1.0,1.65625,0.1875,1.65625
1666,1887,415,509,7,True,True,14,14,3,6,1,0.0,0.0,0.42857142857142855,0.21428571428571427,0.42857142857142855
1666,1888,415,509,113,True,False,14,14,0,0,0,0.0,0.0,0.0,0.0,0.0
1666,1889,415,509,161,True,False,14,14,0,0,0,0.0,0.0,0.0,0.0,0.0
1666,1890,415,509,196,True,True,14,14,9,78,1,0.0,1.0,5.571428571428571,0.6428571428571429,5.571428571428571
1666,1891,415,509,251,True,False,14,14,0,0,0,0.0,0.0,0.0,0.0,0.0
1666,1892,415,509,279,True,False,14,14,0,0,0,0.0,0.0,0.0,0.0,0.0
1666,1893,415,509,321,True,False,14,14,0,0,0,0.0,0.0,0.0,0.0,0.0
1666,1894,415,509,361,True,False,14,14,0,0,0,0.0,0.0,0.0,0.0,0.0
1666,1895,415,509,440,True,False,14,14,0,0,0,0.0,0.0,0.0,0.0,0.0
1666,1896,415,509,481,True,False,14,14,0,0,0,0.0,0.0,0.0,0.0,0.0
1667,0,429,1,56,True,False,18,18,0,0,0,0.0,0.0,0.0,0.0,0.0
1667,1,429,1,196,True,False,18,18,0,0,0,0.0,0.0,0.0,0.0,0.0
1667,2,429,1,203,True,True,18,18,10,100,1,3.0,7.0,5.555555555555555,0.5555555555555556,5.555555555555555
1667,3,429,1,207,True,False,18,18,0,0,0,0.0,0.0,0.0,0.0,0.0
1667,4,429,1,222,True,False,18,18,0,0,0,0.0,0.0,0.0,0.0,0.0
1667,5,429,1,263,True,False,18,18,0,0,0,0.0,0.0,0.0,0.0,0.0
1667,6,429,1,271,True,False,18,18,0,0,0,0.0,0.0,0.0,0.0,0.0
1667,7,429,1,297,True,False,18,18,0,0,0,0.0,0.0,0.0,0.0,0.0
1667,8,429,1,299,True,False,18,18,0,0,0,0.0,0.0,0.0,0.0,0.0
1667,9,429,1,303,True,False,18,18,0,0,0,0.0,0.0,0.0,0.0,0.0
1667,10,429,1,355,True,False,18,18,0,0,0,0.0,0.0,0.0,0.0,0.0
1667,11,429,1,362,True,True,18,18,10,50,1,2.0,6.0,2.7777777777777777,0.5555555555555556,2.7777777777777777
1667,12,429,1,429,True,False,18,18,0,0,0,0.0,0.0,0.0,0.0,0.0
1668,1049,429,259,1,True,True,5,5,3,3,1,0.0,0.0,0.6,0.6,0.6
1668,1050,429,259,30,True,False,5,5,0,0,0,0.0,0.0,0.0,0.0,0.0
1668,1051,429,259,109,True,False,5,5,0,0,0,0.0,0.0,0.0,0.0,0.0
1668,1052,429,259,146,True,False,5,5,0,0,0,0.0,0.0,0.0,0.0,0.0
1668,1053,429,259,149,True,False,5,5,0,0,0,0.0,0.0,0.0,0.0,0.0
1668,1054,429,259,163,True,False,5,5,0,0,0,0.0,0.0,0.0,0.0,0.0
1668,1055,429,259,247,True,False,5,5,0,0,0,0.0,0.0,0.0,0.0,0.0
1668,1056,429,259,252,True,False,5,5,0,0,0,0.0,0.0,0.0,0.0,0.0
1668,1057,429,259,263,True,False,5,5,0,0,0,0.0,0.0,0.0,0.0,0.0
1668,1058,429,259,288,True,False,5,5,0,0,0,0.0,0.0,0.0,0.0,0.0
1668,1059,429,259,297,True,False,5,5,0,0,0,0.0,0.0,0.0,0.0,0.0
1668,1060,429,259,328,True,False,5,5,0,0,0,0.0,0.0,0.0,0.0,0.0
1668,1061,429,259,346,True,False,5,5,0,0,0,0.0,0.0,0.0,0.0,0.0
1668,1062,429,259,352,True,False,5,5,0,0,0,0.0,0.0,0.0,0.0,0.0
1668,1063,429,259,371,True,False,5,5,0,0,0,0.0,0.0,0.0,0.0,0.0
1668,1064,429,259,382,True,False,5,5,0,0,0,0.0,0.0,0.0,0.0,0.0
1668,1065,429,259,398,True,False,5,5,0,0,0,0.0,0.0,0.0,0.0,0.0
1668,1066,429,259,404,True,False,5,5,0,0,0,0.0,0.0,0.0,0.0,0.0
1668,1067,429,259,405,True,False,5,5,0,0,0,0.0,0.0,0.0,0.0,0.0
1668,1068,429,259,410,True,True,5,5,2,3,1,0.0,0.0,0.6,0.4,0.6
1668,1069,429,259,494,True,False,5,5,0,0,0,0.0,0.0,0.0,0.0,0.0
1669,1202,429,297,1,True,False,15,15,0,0,0,0.0,0.0,0.0,0.0,0.0
1669,1203,429,297,42,True,False,15,15,0,0,0,0.0,0.0,0.0,0.0,0.0
1669,1204,429,297,56,True,False,15,15,0,0,0,0.0,0.0,0.0,0.0,0.0
1669,1205,429,297,63,True,False,15,15,0,0,0,0.0,0.0,0.0,0.0,0.0
1669,1206,429,297,112,True,False,15,15,0,0,0,0.0,0.0,0.0,0.0,0.0
1669,1207,429,297,118,True,False,15,15,0,0,0,0.0,0.0,0.0,0.0,0.0
1669,1208,429,297,151,True,False,15,15,0,0,0,0.0,0.0,0.0,0.0,0.0
1669,1209,429,297,163,True,False,15,15,0,0,0,0.0,0.0,0.0,0.0,0.0
1669,1210,429,297,222,True,False,15,15,0,0,0,0.0,0.0,0.0,0.0,0.0
1669,1211,429,297,259,True,False,15,15,0,0,0,0.0,0.0,0.0,0.0,0.0
1669,1212,429,297,271,True,False,15,15,0,0,0,0.0,0.0,0.0,0.0,0.0
1669,1213,429,297,371,True,False,15,15,0,0,0,0.0,0.0,0.0,0.0,0.0
1669,1214,429,297,382,True,False,15,15,0,0,0,0.0,0.0,0.0,0.0,0.0
1669,1215,429,297,410,True,False,15,15,0,0,0,0.0,0.0,0.0,0.0,0.0
1669,1216,429,297,414,True,True,15,15,6,14,1,0.0,1.0,0.9333333333333333,0.4,0.9333333333333333
1669,1217,429,297,497,True,False,15,15,0,0,0,0.0,0.0,0.0,0.0,0.0
1670,1441,429,369,56,True,False,19,19,0,0,0,0.0,0.0,0.0,0.0,0.0
1670,1442,429,369,146,True,False,19,19,0,0,0,0.0,0.0,0.0,0.0,0.0
1670,1443,429,369,163,True,False,19,19,0,0,0,0.0,0.0,0.0,0.0,0.0
1670,1444,429,369,164,True,False,19,19,0,0,0,0.0,0.0,0.0,0.0,0.0
1670,1445,429,369,207,True,True,19,19,4,29,2,0.0,0.0,1.5263157894736843,0.21052631578947367,1.5263157894736843
1670,1446,429,369,271,True,False,19,19,0,0,0,0.0,0.0,0.0,0.0,0.0
1670,1447,429,369,329,True,False,19,19,0,0,0,0.0,0.0,0.0,0.0,0.0
1670,1448,429,369,355,True,False,19,19,0,0,0,0.0,0.0,0.0,0.0,0.0
1670,1449,429,369,371,True,False,19,19,0,0,0,0.0,0.0,0.0,0.0,0.0
1670,1450,429,369,375,True,False,19,19,0,0,0,0.0,0.0,0.0,0.0,0.0
1670,1451,429,369,410,True,False,19,19,0,0,0,0.0,0.0,0.0,0.0,0.0
1670,1452,429,369,414,True,True,19,19,5,25,2,0.0,0.0,1.3157894736842106,0.2631578947368421,1.3157894736842106
1670,1453,429,369,429,True,False,19,19,0,0,0,0.0,0.0,0.0,0.0,0.0
1671,1629,429,410,146,True,False,716,716,0,0,0,0.0,0.0,0.0,0.0,0.0
1671,1630,429,410,151,True,False,716,716,0,0,0,0.0,0.0,0.0,0.0,0.0
1671,1631,429,410,164,True,False,716,716,0,0,0,0.0,0.0,0.0,0.0,0.0
1671,1632,429,410,180,True,False,716,716,0,0,0,0.0,0.0,0.0,0.0,0.0
1671,1633,429,410,205,True,False,716,716,0,0,0,0.0,0.0,0.0,0.0,0.0
1671,1634,429,410,207,True,True,716,716,45,347,4,0.0,1.0,0.48463687150837986,0.06284916201117319,0.48463687150837986
1671,1635,429,410,271,True,False,716,716,0,0,0,0.0,0.0,0.0,0.0,0.0
1671,1636,429,410,297,True,True,716,716,13,41,2,0.0,0.0,0.05726256983240224,0.018156424581005588,0.05726256983240224
1671,1637,429,410,355,True,True,716,716,13,79,2,0.0,2.0,0.11033519553072625,0.018156424581005588,0.11033519553072625
1671,1638,429,410,369,True,True,716,716,57,187,6,0.0,1.0,0.2611731843575419,0.07960893854748603,0.2611731843575419
1671,1639,429,410,405,True,False,716,716,0,0,0,0.0,0.0,0.0,0.0,0.0
1671,1640,429,410,414,True,True,716,716,358,2756,30,0.0,1.0,3.8491620111731844,0.5,3.8491620111731844
1671,1641,429,410,429,True,True,716,716,4,8,4,0.0,0.0,0.0111731843575419,0.00558659217877095,0.0111731843575419
1671,1642,429,410,485,True,True,716,716,46,65,5,0.0,1.0,0.09078212290502793,0.06424581005586592,0.09078212290502793
1672,1643,429,414,8,True,False,252,252,0,0,0,0.0,0.0,0.0,0.0,0.0
1672,1644,429,414,146,True,False,252,252,0,0,0,0.0,0.0,0.0,0.0,0.0
1672,1645,429,414,151,True,False,252,252,0,0,0,0.0,0.0,0.0,0.0,0.0
1672,1646,429,414,161,True,True,252,252,5,41,3,1.0,4.0,0.1626984126984127,0.01984126984126984,0.1626984126984127
1672,1647,429,414,167,True,True,252,252,19,180,5,0.0,4.0,0.7142857142857143,0.07539682539682539,0.7142857142857143
1672,1648,429,414,230,True,False,252,252,0,0,0,0.0,0.0,0.0,0.0,0.0
1672,1649,429,414,375,True,True,252,252,19,118,4,4.0,8.0,0.46825396825396826,0.07539682539682539,0.46825396825396826
1672,1650,429,414,485,True,True,252,252,49,492,8,0.0,2.0,1.9523809523809523,0.19444444444444445,1.9523809523809523
1673,25,430,3,57,True,True,958,958,15,74,1,0.0,4.0,0.07724425887265135,0.015657620041753653,0.07724425887265135
1673,26,430,3,206,True,True,958,958,586,4722,25,0.0,5.0,4.92901878914405,0.6116910229645094,4.92901878914405
1673,27,430,3,406,True,True,958,958,327,3431,16,0.0,4.0,3.581419624217119,0.34133611691022964,3.581419624217119
1674,161,430,26,16,True,False,3,3,0,0,0,0.0,0.0,0.0,0.0,0.0
1674,162,430,26,46,True,False,3,3,0,0,0,0.0,0.0,0.0,0.0,0.0
1674,163,430,26,109,True,False,3,3,0,0,0,0.0,0.0,0.0,0.0,0.0
1674,164,430,26,213,True,False,3,3,0,0,0,0.0,0.0,0.0,0.0,0.0
1674,165,430,26,266,True,True,3,3,2,14,1,0.0,0.0,4.666666666666667,0.6666666666666666,4.666666666666667
1674,166,430,26,378,True,False,3,3,0,0,0,0.0,0.0,0.0,0.0,0.0
1674,167,430,26,382,True,False,3,3,0,0,0,0.0,0.0,0.0,0.0,0.0
1674,168,430,26,430,True,False,3,3,0,0,0,0.0,0.0,0.0,0.0,0.0
1674,169,430,26,462,True,True,3,3,1,5,1,0.0,0.0,1.6666666666666667,0.3333333333333333,1.6666666666666667
1674,170,430,26,487,True,False,3,3,0,0,0,0.0,0.0,0.0,0.0,0.0
1674,171,430,26,497,True,False,3,3,0,0,0,0.0,0.0,0.0,0.0,0.0
1675,261,430,46,3,True,True,54,54,42,250,6,0.0,0.0,4.62962962962963,0.7777777777777778,4.62962962962963
1675,262,430,46,26,True,False,54,54,0,0,0,0.0,0.0,0.0,0.0,0.0
1675,263,430,46,57,True,False,54,54,0,0,0,0.0,0.0,0.0,0.0,0.0
1675,264,430,46,238,True,False,54,54,0,0,0,0.0,0.0,0.0,0.0,0.0
1675,265,430,46,317,True,False,54,54,0,0,0,0.0,0.0,0.0,0.0,0.0
1675,266,430,46,371,True,False,54,54,0,0,0,0.0,0.0,0.0,0.0,0.0
1675,267,430,46,406,True,True,54,54,5,10,1,0.0,2.0,0.18518518518518517,0.09259259259259259,0.18518518518518517
1676,1091,430,266,26,True,True,139,139,1,1,1,0.0,0.0,0.007194244604316547,0.007194244604316547,0.007194244604316547
1676,1092,430,266,30,True,True,139,139,132,1734,13,0.0,2.0,12.474820143884893,0.9496402877697842,12.474820143884893
1676,1093,430,266,176,True,False,139,139,0,0,0,0.0,0.0,0.0,0.0,0.0
1676,1094,430,266,252,True,False,139,139,0,0,0,0.0,0.0,0.0,0.0,0.0
1676,1095,430,266,328,True,True,139,139,4,57,1,0.0,3.0,0.41007194244604317,0.02877697841726619,0.41007194244604317
1676,1096,430,266,430,True,True,139,139,3,15,2,0.0,0.0,0.1079136690647482,0.02158273381294964,0.1079136690647482
1676,1097,430,266,462,True,False,139,139,0,0,0,0.0,0.0,0.0,0.0,0.0
1676,1098,430,266,487,True,False,139,139,0,0,0,0.0,0.0,0.0,0.0,0.0
1677,1819,430,487,3,True,True,14,14,11,41,2,0.0,0.0,2.9285714285714284,0.7857142857142857,2.9285714285714284
1677,1820,430,487,16,True,False,14,14,0,0,0,0.0,0.0,0.0,0.0,0.0
1677,1821,430,487,26,True,False,14,14,0,0,0,0.0,0.0,0.0,0.0,0.0
1677,1822,430,487,46,True,True,14,14,4,10,1,0.0,0.0,0.7142857142857143,0.2857142857142857,0.7142857142857143
1677,1823,430,487,109,True,False,14,14,0,0,0,0.0,0.0,0.0,0.0,0.0
1677,1824,430,487,140,True,False,14,14,0,0,0,0.0,0.0,0.0,0.0,0.0
1677,1825,430,487,163,True,False,14,14,0,0,0,0.0,0.0,0.0,0.0,0.0
1677,1826,430,487,262,True,False,14,14,0,0,0,0.0,0.0,0.0,0.0,0.0
1677,1827,430,487,266,True,True,14,14,2,10,2,0.0,0.0,0.7142857142857143,0.14285714285714285,0.7142857142857143
1677,1828,430,487,297,True,False,14,14,0,0,0,0.0,0.0,0.0,0.0,0.0
1677,1829,430,487,328,True,False,14,14,0,0,0,0.0,0.0,0.0,0.0,0.0
1677,1830,430,487,371,True,False,14,14,0,0,0,0.0,0.0,0.0,0.0,0.0
1677,1831,430,487,430,True,True,14,14,3,15,2,0.0,0.0,1.0714285714285714,0.21428571428571427,1.0714285714285714
1677,1832,430,487,462,True,False,14,14,0,0,0,0.0,0.0,0.0,0.0,0.0
1678,42,432,7,28,True,False,35,35,0,0,0,0.0,0.0,0.0,0.0,0.0
1678,43,432,7,77,True,False,35,35,0,0,0,0.0,0.0,0.0,0.0,0.0
1678,44,432,7,133,True,False,35,35,0,0,0,0.0,0.0,0.0,0.0,0.0
1678,45,432,7,143,True,True,35,35,14,39,2,0.0,0.0,1.1142857142857143,0.4,1.1142857142857143
1678,46,432,7,167,True,False,35,35,0,0,0,0.0,0.0,0.0,0.0,0.0
1678,47,432,7,196,True,False,35,35,0,0,0,0.0,0.0,0.0,0.0,0.0
1678,48,432,7,222,True,False,35,35,0,0,0,0.0,0.0,0.0,0.0,0.0
1678,49,432,7,290,True,False,35,35,0,0,0,0.0,0.0,0.0,0.0,0.0
1678,50,432,7,318,True,True,35,35,9,27,1,3.0,7.0,0.7714285714285715,0.2571428571428571,0.7714285714285715
1678,51,432,7,347,True,True,35,35,9,34,1,7.0,10.0,0.9714285714285714,0.2571428571428571,0.9714285714285714
1678,52,432,7,474,True,False,35,35,0,0,0,0.0,0.0,0.0,0.0,0.0
1678,53,432,7,509,True,False,35,35,0,0,0,0.0,0.0,0.0,0.0,0.0
1679,384,432,88,23,True,False,15,15,0,0,0,0.0,0.0,0.0,0.0,0.0
1679,385,432,88,157,True,False,15,15,0,0,0,0.0,0.0,0.0,0.0,0.0
1679,386,432,88,161,True,True,15,15,6,14,1,0.0,1.0,0.9333333333333333,0.4,0.9333333333333333
1680,548,432,143,7,True,False,165,165,0,0,0,0.0,0.0,0.0,0.0,0.0
1680,549,432,143,88,True,False,165,165,0,0,0,0.0,0.0,0.0,0.0,0.0
1680,550,432,143,133,True,False,165,165,0,0,0,0.0,0.0,0.0,0.0,0.0
1680,551,432,143,161,True,True,165,165,17,36,3,0.0,0.0,0.21818181818181817,0.10303030303030303,0.21818181818181817
1680,552,432,143,163,True,False,165,165,0,0,0,0.0,0.0,0.0,0.0,0.0
1680,553,432,143,233,True,False,165,165,0,0,0,0.0,0.0,0.0,0.0,0.0
1680,554,432,143,279,True,False,165,165,0,0,0,0.0,0.0,0.0,0.0,0.0
1680,555,432,143,432,True,True,165,165,69,641,8,0.0,6.0,3.8848484848484848,0.41818181818181815,3.8848484848484848
1680,556,432,143,440,True,True,165,165,5,10,1,0.0,0.0,0.06060606060606061,0.030303030303030304,0.06060606060606061
1680,557,432,143,474,True,False,165,165,0,0,0,0.0,0.0,0.0,0.0,0.0
1681,636,432,157,28,True,True,78,78,14,75,1,0.0,1.0,0.9615384615384616,0.1794871794871795,0.9615384615384616
1681,637,432,157,77,True,False,78,78,0,0,0,0.0,0.0,0.0,0.0,0.0
1681,638,432,157,79,True,False,78,78,0,0,0,0.0,0.0,0.0,0.0,0.0
1681,639,432,157,84,True,False,78,78,0,0,0,0.0,0.0,0.0,0.0,0.0
1681,640,432,157,85,True,False,78,78,0,0,0,0.0,0.0,0.0,0.0,0.0
1681,641,432,157,88,True,False,78,78,0,0,0,0.0,0.0,0.0,0.0,0.0
1681,642,432,157,143,True,False,78,78,0,0,0,0.0,0.0,0.0,0.0,0.0
1681,643,432,157,161,True,False,78,78,0,0,0,0.0,0.0,0.0,0.0,0.0
1681,644,432,157,167,True,False,78,78,0,0,0,0.0,0.0,0.0,0.0,0.0
1681,645,432,157,196,True,False,78,78,0,0,0,0.0,0.0,0.0,0.0,0.0
1681,646,432,157,229,True,False,78,78,0,0,0,0.0,0.0,0.0,0.0,0.0
1681,647,432,157,230,True,False,78,78,0,0,0,0.0,0.0,0.0,0.0,0.0
1681,648,432,157,279,True,False,78,78,0,0,0,0.0,0.0,0.0,0.0,0.0
1681,649,432,157,315,True,False,78,78,0,0,0,0.0,0.0,0.0,0.0,0.0
1681,650,432,157,375,True,True,78,78,34,73,3,0.0,3.0,0.9358974358974359,0.4358974358974359,0.9358974358974359
1681,651,432,157,389,True,False,78,78,0,0,0,0.0,0.0,0.0,0.0,0.0
1681,652,432,157,402,True,False,78,78,0,0,0,0.0,0.0,0.0,0.0,0.0
1681,653,432,157,432,True,True,78,78,9,43,3,0.0,1.0,0.5512820512820513,0.11538461538461539,0.5512820512820513
1681,654,432,157,440,True,False,78,78,0,0,0,0.0,0.0,0.0,0.0,0.0
1681,655,432,157,474,True,False,78,78,0,0,0,0.0,0.0,0.0,0.0,0.0
1682,656,432,161,28,True,False,18,18,0,0,0,0.0,0.0,0.0,0.0,0.0
1682,657,432,161,143,True,True,18,18,2,10,1,0.0,0.0,0.5555555555555556,0.1111111111111111,0.5555555555555556
1682,658,432,161,157,True,True,18,18,4,16,1,0.0,0.0,0.8888888888888888,0.2222222222222222,0.8888888888888888
1682,659,432,161,167,True,False,18,18,0,0,0,0.0,0.0,0.0,0.0,0.0
1682,660,432,161,369,True,False,18,18,0,0,0,0.0,0.0,0.0,0.0,0.0
1682,661,432,161,375,True,False,18,18,0,0,0,0.0,0.0,0.0,0.0,0.0
1682,662,432,161,398,True,False,18,18,0,0,0,0.0,0.0,0.0,0.0,0.0
1682,663,432,161,440,True,True,18,18,3,6,1,0.0,0.0,0.3333333333333333,0.16666666666666666,0.3333333333333333
1682,664,432,161,485,True,False,18,18,0,0,0,0.0,0.0,0.0,0.0,0.0
1683,927,432,233,23,True,True,4,4,2,2,1,2.0,2.5,0.5,0.5,0.5
1683,928,432,233,88,True,True,4,4,4,42,2,0.0,3.0,10.5,1.0,10.5
1683,929,432,233,157,True,False,4,4,0,0,0,0.0,0.0,0.0,0.0,0.0
1683,930,432,233,261,True,False,4,4,0,0,0,0.0,0.0,0.0,0.0,0.0
1683,931,432,233,279,True,False,4,4,0,0,0,0.0,0.0,0.0,0.0,0.0
1684,1145,432,279,23,True,False,20,20,0,0,0,0.0,0.0,0.0,0.0,0.0
1684,1146,432,279,143,True,True,20,20,9,31,2,0.0,0.0,1.55,0.45,1.55
1684,1147,432,279,157,True,False,20,20,0,0,0,0.0,0.0,0.0,0.0,0.0
1684,1148,432,279,161,True,True,20,20,4,4,1,0.0,0.0,0.2,0.2,0.2
1684,1149,432,279,208,True,False,20,20,0,0,0,0.0,0.0,0.0,0.0,0.0
1684,1150,432,279,440,True,False,20,20,0,0,0,0.0,0.0,0.0,0.0,0.0
1684,1151,432,279,474,True,False,20,20,0,0,0,0.0,0.0,0.0,0.0,0.0
1684,1152,432,279,509,True,False,20,20,0,0,0,0.0,0.0,0.0,0.0,0.0
1685,1703,432,440,7,True,False,23,23,0,0,0,0.0,0.0,0.0,0.0,0.0
1685,1704,432,440,28,True,True,23,23,15,160,1,0.0,3.0,6.956521739130435,0.6521739130434783,6.956521739130435
1685,1705,432,440,143,True,False,23,23,0,0,0,0.0,0.0,0.0,0.0,0.0
1685,1706,432,440,161,True,True,23,23,4,4,1,0.0,0.0,0.17391304347826086,0.17391304347826086,0.17391304347826086
1685,1707,432,440,167,True,False,23,23,0,0,0,0.0,0.0,0.0,0.0,0.0
1685,1708,432,440,261,True,False,23,23,0,0,0,0.0,0.0,0.0,0.0,0.0
1685,1709,432,440,263,True,False,23,23,0,0,0,0.0,0.0,0.0,0.0,0.0
1685,1710,432,440,318,True,False,23,23,0,0,0,0.0,0.0,0.0,0.0,0.0
1685,1711,432,440,321,True,False,23,23,0,0,0,0.0,0.0,0.0,0.0,0.0
1685,1712,432,440,509,True,False,23,23,0,0,0,0.0,0.0,0.0,0.0,0.0
1686,1782,432,474,7,True,False,22,22,0,0,0,0.0,0.0,0.0,0.0,0.0
1686,1783,432,474,37,True,False,22,22,0,0,0,0.0,0.0,0.0,0.0,0.0
1686,1784,432,474,39,True,False,22,22,0,0,0,0.0,0.0,0.0,0.0,0.0
1686,1785,432,474,58,True,False,22,22,0,0,0,0.0,0.0,0.0,0.0,0.0
1686,1786,432,474,84,True,False,22,22,0,0,0,0.0,0.0,0.0,0.0,0.0
1686,1787,432,474,88,True,False,22,22,0,0,0,0.0,0.0,0.0,0.0,0.0
1686,1788,432,474,115,True,False,22,22,0,0,0,0.0,0.0,0.0,0.0,0.0
1686,1789,432,474,125,True,False,22,22,0,0,0,0.0,0.0,0.0,0.0,0.0
1686,1790,432,474,143,True,False,22,22,0,0,0,0.0,0.0,0.0,0.0,0.0
1686,1791,432,474,217,True,False,22,22,0,0,0,0.0,0.0,0.0,0.0,0.0
1686,1792,432,474,243,True,False,22,22,0,0,0,0.0,0.0,0.0,0.0,0.0
1686,1793,432,474,261,True,False,22,22,0,0,0,0.0,0.0,0.0,0.0,0.0
1686,1794,432,474,279,True,True,22,22,5,14,1,0.0,1.0,0.6363636363636364,0.22727272727272727,0.6363636363636364
1686,1795,432,474,309,True,False,22,22,0,0,0,0.0,0.0,0.0,0.0,0.0
1686,1796,432,474,317,True,False,22,22,0,0,0,0.0,0.0,0.0,0.0,0.0
1686,1797,432,474,321,True,False,22,22,0,0,0,0.0,0.0,0.0,0.0,0.0
1686,1798,432,474,385,True,False,22,22,0,0,0,0.0,0.0,0.0,0.0,0.0
1686,1799,432,474,389,True,False,22,22,0,0,0,0.0,0.0,0.0,0.0,0.0
1686,1800,432,474,402,True,False,22,22,0,0,0,0.0,0.0,0.0,0.0,0.0
1687,93,433,13,6,True,False,5,5,0,0,0,0.0,0.0,0.0,0.0,0.0
1687,94,433,13,34,True,True,5,5,5,16,4,0.0,0.0,3.2,1.0,3.2
1687,95,433,13,58,True,True,5,5,1,2,1,0.0,0.0,0.4,0.2,0.4
1687,96,433,13,169,True,False,5,5,0,0,0,0.0,0.0,0.0,0.0,0.0
1687,97,433,13,243,True,False,5,5,0,0,0,0.0,0.0,0.0,0.0,0.0
1687,98,433,13,256,True,False,5,5,0,0,0,0.0,0.0,0.0,0.0,0.0
1687,99,433,13,262,True,False,5,5,0,0,0,0.0,0.0,0.0,0.0,0.0
1687,100,433,13,281,True,False,5,5,0,0,0,0.0,0.0,0.0,0.0,0.0
1687,101,433,13,335,True,False,5,5,0,0,0,0.0,0.0,0.0,0.0,0.0
1687,102,433,13,353,True,False,5,5,0,0,0,0.0,0.0,0.0,0.0,0.0
1687,103,433,13,361,True,False,5,5,0,0,0,0.0,0.0,0.0,0.0,0.0
1687,104,433,13,433,True,False,5,5,0,0,0,0.0,0.0,0.0,0.0,0.0
1687,105,433,13,455,True,False,5,5,0,0,0,0.0,0.0,0.0,0.0,0.0
1687,106,433,13,472,True,True,5,5,5,8,4,0.0,0.0,1.6,1.0,1.6
1687,107,433,13,508,True,False,5,5,0,0,0,0.0,0.0,0.0,0.0,0.0
1688,117,433,21,12,True,False,29,29,0,0,0,0.0,0.0,0.0,0.0,0.0
1688,118,433,21,31,True,False,29,29,0,0,0,0.0,0.0,0.0,0.0,0.0
1688,119,433,21,74,True,True,29,29,20,20,5,0.0,0.0,0.6896551724137931,0.6896551724137931,0.6896551724137931
1688,120,433,21,121,True,True,29,29,25,32,6,0.0,0.0,1.103448275862069,0.8620689655172413,1.103448275862069
1688,121,433,21,141,True,True,29,29,13,13,3,0.0,0.0,0.4482758620689655,0.4482758620689655,0.4482758620689655
1688,122,433,21,156,True,True,29,29,2,2,1,0.0,0.0,0.06896551724137931,0.06896551724137931,0.06896551724137931
1688,123,433,21,186,True,True,29,29,2,2,1,0.0,0.0,0.06896551724137931,0.06896551724137931,0.06896551724137931
1688,124,433,21,248,True,True,29,29,29,29,7,0.0,0.0,1.0,1.0,1.0
1688,125,433,21,319,True,False,29,29,0,0,0,0.0,0.0,0.0,0.0,0.0
1688,126,433,21,381,True,True,29,29,27,47,6,0.0,0.0,1.6206896551724137,0.9310344827586207,1.6206896551724137
1688,127,433,21,449,True,False,29,29,0,0,0,0.0,0.0,0.0,0.0,0.0
1688,128,433,21,463,True,False,29,29,0,0,0,0.0,0.0,0.0,0.0,0.0
1689,232,433,39,117,True,False,37,37,0,0,0,0.0,0.0,0.0,0.0,0.0
1689,233,433,39,169,True,False,37,37,0,0,0,0.0,0.0,0.0,0.0,0.0
1689,234,433,39,176,True,True,37,37,4,36,1,4.0,8.0,0.972972972972973,0.10810810810810811,0.972972972972973
1689,235,433,39,199,True,True,37,37,11,98,1,0.0,4.0,2.6486486486486487,0.2972972972972973,2.6486486486486487
1689,236,433,39,252,True,True,37,37,5,5,1,0.0,0.0,0.13513513513513514,0.13513513513513514,0.13513513513513514
1689,237,433,39,294,True,False,37,37,0,0,0,0.0,0.0,0.0,0.0,0.0
1689,238,433,39,317,True,False,37,37,0,0,0,0.0,0.0,0.0,0.0,0.0
1689,239,433,39,371,True,False,37,37,0,0,0,0.0,0.0,0.0,0.0,0.0
1689,240,433,39,383,True,False,37,37,0,0,0,0.0,0.0,0.0,0.0,0.0
1689,241,433,39,404,True,False,37,37,0,0,0,0.0,0.0,0.0,0.0,0.0
1689,242,433,39,455,True,False,37,37,0,0,0,0.0,0.0,0.0,0.0,0.0
1689,243,433,39,494,True,False,37,37,0,0,0,0.0,0.0,0.0,0.0,0.0
1689,244,433,39,508,True,True,37,37,3,6,1,0.0,0.0,0.16216216216216217,0.08108108108108109,0.16216216216216217
1690,293,433,61,12,True,False,79,79,0,0,0,0.0,0.0,0.0,0.0,0.0
1690,294,433,61,21,True,True,79,79,14,14,3,0.0,0.0,0.17721518987341772,0.17721518987341772,0.17721518987341772
1690,295,433,61,31,True,False,79,79,0,0,0,0.0,0.0,0.0,0.0,0.0
1690,296,433,61,74,True,True,79,79,20,25,4,0.0,0.0,0.31645569620253167,0.25316455696202533,0.31645569620253167
1690,297,433,61,121,True,True,79,79,8,8,2,0.0,0.0,0.10126582278481013,0.10126582278481013,0.10126582278481013
1690,298,433,61,141,True,True,79,79,50,90,9,0.0,0.0,1.139240506329114,0.6329113924050633,1.139240506329114
1690,299,433,61,156,True,True,79,79,43,62,7,0.0,0.0,0.7848101265822784,0.5443037974683544,0.7848101265822784
1690,300,433,61,186,True,True,79,79,65,77,13,0.0,0.0,0.9746835443037974,0.8227848101265823,0.9746835443037974
1690,301,433,61,248,True,True,79,79,36,36,8,0.0,0.0,0.45569620253164556,0.45569620253164556,0.45569620253164556
1690,302,433,61,381,True,True,79,79,54,93,10,0.0,0.0,1.1772151898734178,0.6835443037974683,1.1772151898734178
1690,303,433,61,463,True,False,79,79,0,0,0,0.0,0.0,0.0,0.0,0.0
1691,318,433,74,2,True,False,6,6,0,0,0,0.0,0.0,0.0,0.0,0.0
1691,319,433,74,6,True,False,6,6,0,0,0,0.0,0.0,0.0,0.0,0.0
1691,320,433,74,12,True,False,6,6,0,0,0,0.0,0.0,0.0,0.0,0.0
1691,321,433,74,58,True,False,6,6,0,0,0,0.0,0.0,0.0,0.0,0.0
1691,322,433,74,121,True,True,6,6,6,11,5,0.0,0.0,1.8333333333333333,1.0,1.8333333333333333
1691,323,433,74,139,True,False,6,6,0,0,0,0.0,0.0,0.0,0.0,0.0
1691,324,433,74,169,True,False,6,6,0,0,0,0.0,0.0,0.0,0.0,0.0
1691,325,433,74,175,True,False,6,6,0,0,0,0.0,0.0,0.0,0.0,0.0
1691,326,433,74,243,True,False,6,6,0,0,0,0.0,0.0,0.0,0.0,0.0
1691,327,433,74,248,True,True,6,6,6,8,5,0.0,0.0,1.3333333333333333,1.0,1.3333333333333333
1691,328,433,74,281,True,False,6,6,0,0,0,0.0,0.0,0.0,0.0,0.0
1691,329,433,74,335,True,False,6,6,0,0,0,0.0,0.0,0.0,0.0,0.0
1691,330,433,74,361,True,False,6,6,0,0,0,0.0,0.0,0.0,0.0,0.0
1691,331,433,74,383,True,False,6,6,0,0,0,0.0,0.0,0.0,0.0,0.0
1691,332,433,74,433,True,False,6,6,0,0,0,0.0,0.0,0.0,0.0,0.0
1691,333,433,74,449,True,False,6,6,0,0,0,0.0,0.0,0.0,0.0,0.0
1691,334,433,74,455,True,False,6,6,0,0,0,0.0,0.0,0.0,0.0,0.0
1691,335,433,74,463,True,False,6,6,0,0,0,0.0,0.0,0.0,0.0,0.0
1691,336,433,74,508,True,False,6,6,0,0,0,0.0,0.0,0.0,0.0,0.0
1692,489,433,129,13,True,True,27,27,21,45,7,0.0,0.0,1.6666666666666667,0.7777777777777778,1.6666666666666667
1692,490,433,129,34,True,True,27,27,27,80,8,0.0,1.0,2.962962962962963,1.0,2.962962962962963
1692,491,433,129,58,True,True,27,27,18,24,5,0.0,1.0,0.8888888888888888,0.6666666666666666,0.8888888888888888
1692,492,433,129,169,True,False,27,27,0,0,0,0.0,0.0,0.0,0.0,0.0
1692,493,433,129,217,True,False,27,27,0,0,0,0.0,0.0,0.0,0.0,0.0
1692,494,433,129,243,True,False,27,27,0,0,0,0.0,0.0,0.0,0.0,0.0
1692,495,433,129,256,True,False,27,27,0,0,0,0.0,0.0,0.0,0.0,0.0
1692,496,433,129,262,True,False,27,27,0,0,0,0.0,0.0,0.0,0.0,0.0
1692,497,433,129,433,True,False,27,27,0,0,0,0.0,0.0,0.0,0.0,0.0
1692,498,433,129,455,True,False,27,27,0,0,0,0.0,0.0,0.0,0.0,0.0
1692,499,433,129,472,True,True,27,27,27,62,8,0.0,1.0,2.2962962962962963,1.0,2.2962962962962963
1693,537,433,141,2,True,False,27,27,0,0,0,0.0,0.0,0.0,0.0,0.0
1693,538,433,141,12,True,False,27,27,0,0,0,0.0,0.0,0.0,0.0,0.0
1693,539,433,141,22,True,False,27,27,0,0,0,0.0,0.0,0.0,0.0,0.0
1693,540,433,141,74,True,True,27,27,3,3,2,0.0,0.0,0.1111111111111111,0.1111111111111111,0.1111111111111111
1693,541,433,141,121,True,True,27,27,27,64,10,0.0,0.0,2.3703703703703702,1.0,2.3703703703703702
1693,542,433,141,139,True,True,27,27,3,3,1,0.0,1.0,0.1111111111111111,0.1111111111111111,0.1111111111111111
1693,543,433,141,144,True,True,27,27,5,5,2,0.0,0.0,0.18518518518518517,0.18518518518518517,0.18518518518518517
1693,544,433,141,156,True,True,27,27,20,35,7,0.0,0.0,1.2962962962962963,0.7407407407407407,1.2962962962962963
1693,545,433,141,175,True,False,27,27,0,0,0,0.0,0.0,0.0,0.0,0.0
1693,546,433,141,248,True,True,27,27,22,34,8,0.0,0.0,1.2592592592592593,0.8148148148148148,1.2592592592592593
1693,547,433,141,273,True,True,27,27,11,21,4,0.0,0.0,0.7777777777777778,0.4074074074074074,0.7777777777777778
1694,620,433,156,12,True,False,5,5,0,0,0,0.0,0.0,0.0,0.0,0.0
1694,621,433,156,22,True,False,5,5,0,0,0,0.0,0.0,0.0,0.0,0.0
1694,622,433,156,58,True,False,5,5,0,0,0,0.0,0.0,0.0,0.0,0.0
1694,623,433,156,113,True,False,5,5,0,0,0,0.0,0.0,0.0,0.0,0.0
1694,624,433,156,121,True,True,5,5,5,10,5,0.0,0.0,2.0,1.0,2.0
1694,625,433,156,139,True,False,5,5,0,0,0,0.0,0.0,0.0,0.0,0.0
1694,626,433,156,144,True,True,5,5,1,2,1,0.0,0.0,0.4,0.2,0.4
1694,627,433,156,243,True,False,5,5,0,0,0,0.0,0.0,0.0,0.0,0.0
1694,628,433,156,248,True,True,5,5,4,6,4,0.0,0.0,1.2,0.8,1.2
1694,629,433,156,251,True,False,5,5,0,0,0,0.0,0.0,0.0,0.0,0.0
1694,630,433,156,262,True,False,5,5,0,0,0,0.0,0.0,0.0,0.0,0.0
1694,631,433,156,273,True,True,5,5,1,2,1,0.0,0.0,0.4,0.2,0.4
1694,632,433,156,321,True,False,5,5,0,0,0,0.0,0.0,0.0,0.0,0.0
1694,633,433,156,449,True,False,5,5,0,0,0,0.0,0.0,0.0,0.0,0.0
1694,634,433,156,463,True,False,5,5,0,0,0,0.0,0.0,0.0,0.0,0.0
1694,635,433,156,481,True,False,5,5,0,0,0,0.0,0.0,0.0,0.0,0.0
1695,703,433,169,13,True,False,21,21,0,0,0,0.0,0.0,0.0,0.0,0.0
1695,704,433,169,21,True,False,21,21,0,0,0,0.0,0.0,0.0,0.0,0.0
1695,705,433,169,39,True,True,21,21,3,9,1,0.0,0.0,0.42857142857142855,0.14285714285714285,0.42857142857142855
1695,706,433,169,61,True,True,21,21,13,17,2,0.0,0.0,0.8095238095238095,0.6190476190476191,0.8095238095238095
1695,707,433,169,129,True,False,21,21,0,0,0,0.0,0.0,0.0,0.0,0.0
1695,708,433,169,139,True,False,21,21,0,0,0,0.0,0.0,0.0,0.0,0.0
1695,709,433,169,141,True,True,21,21,13,30,2,0.0,0.0,1.4285714285714286,0.6190476190476191,1.4285714285714286
1695,710,433,169,156,True,False,21,21,0,0,0,0.0,0.0,0.0,0.0,0.0
1695,711,433,169,179,True,False,21,21,0,0,0,0.0,0.0,0.0,0.0,0.0
1695,712,433,169,186,True,True,21,21,13,29,2,0.0,0.0,1.380952380952381,0.6190476190476191,1.380952380952381
1695,713,433,169,199,True,False,21,21,0,0,0,0.0,0.0,0.0,0.0,0.0
1695,714,433,169,248,True,True,21,21,5,5,1,0.0,0.0,0.23809523809523808,0.23809523809523808,0.23809523809523808
1695,715,433,169,383,True,False,21,21,0,0,0,0.0,0.0,0.0,0.0,0.0
1695,716,433,169,433,True,True,21,21,5,71,1,0.0,3.0,3.380952380952381,0.23809523809523808,3.380952380952381
1695,717,433,169,455,True,False,21,21,0,0,0,0.0,0.0,0.0,0.0,0.0
1695,718,433,169,508,True,True,21,21,3,6,1,0.0,0.0,0.2857142857142857,0.14285714285714285,0.2857142857142857
1696,780,433,179,13,True,True,33,33,25,40,8,0.0,0.0,1.2121212121212122,0.7575757575757576,1.2121212121212122
1696,781,433,179,34,True,False,33,33,0,0,0,0.0,0.0,0.0,0.0,0.0
1696,782,433,179,43,True,False,33,33,0,0,0,0.0,0.0,0.0,0.0,0.0
1696,783,433,179,129,True,True,33,33,18,45,6,0.0,0.0,1.3636363636363635,0.5454545454545454,1.3636363636363635
1696,784,433,179,245,True,True,33,33,23,53,6,0.0,0.0,1.606060606060606,0.696969696969697,1.606060606060606
1696,785,433,179,253,True,False,33,33,0,0,0,0.0,0.0,0.0,0.0,0.0
1696,786,433,179,256,True,False,33,33,0,0,0,0.0,0.0,0.0,0.0,0.0
1696,787,433,179,313,True,False,33,33,0,0,0,0.0,0.0,0.0,0.0,0.0
1696,788,433,179,353,True,False,33,33,0,0,0,0.0,0.0,0.0,0.0,0.0
1696,789,433,179,472,True,True,33,33,26,26,8,0.0,0.0,0.7878787878787878,0.7878787878787878,0.7878787878787878
1696,790,433,179,488,True,False,33,33,0,0,0,0.0,0.0,0.0,0.0,0.0
1697,808,433,186,12,True,False,83,83,0,0,0,0.0,0.0,0.0,0.0,0.0
1697,809,433,186,21,True,True,83,83,4,4,1,0.0,0.0,0.04819277108433735,0.04819277108433735,0.04819277108433735
1697,810,433,186,31,True,False,83,83,0,0,0,0.0,0.0,0.0,0.0,0.0
1697,811,433,186,74,True,True,83,83,19,27,5,0.0,0.0,0.3253012048192771,0.2289156626506024,0.3253012048192771
1697,812,433,186,121,True,True,83,83,43,67,10,0.0,0.0,0.8072289156626506,0.5180722891566265,0.8072289156626506
1697,813,433,186,141,True,True,83,83,38,70,10,0.0,0.0,0.8433734939759037,0.4578313253012048,0.8433734939759037
1697,814,433,186,156,True,True,83,83,32,43,8,0.0,0.0,0.5180722891566265,0.3855421686746988,0.5180722891566265
1697,815,433,186,248,True,True,83,83,76,123,17,0.0,0.0,1.4819277108433735,0.9156626506024096,1.4819277108433735
1697,816,433,186,319,True,False,83,83,0,0,0,0.0,0.0,0.0,0.0,0.0
1697,817,433,186,381,True,True,83,83,61,141,13,0.0,0.0,1.6987951807228916,0.7349397590361446,1.6987951807228916
1697,818,433,186,449,True,False,83,83,0,0,0,0.0,0.0,0.0,0.0,0.0
1697,819,433,186,463,True,False,83,83,0,0,0,0.0,0.0,0.0,0.0,0.0
1698,831,433,199,10,True,False,32,32,0,0,0,0.0,0.0,0.0,0.0,0.0
1698,832,433,199,39,True,False,32,32,0,0,0,0.0,0.0,0.0,0.0,0.0
1698,833,433,199,77,True,False,32,32,0,0,0,0.0,0.0,0.0,0.0,0.0
1698,834,433,199,117,True,False,32,32,0,0,0,0.0,0.0,0.0,0.0,0.0
1698,835,433,199,170,True,False,32,32,0,0,0,0.0,0.0,0.0,0.0,0.0
1698,836,433,199,176,True,False,32,32,0,0,0,0.0,0.0,0.0,0.0,0.0
1698,837,433,199,238,True,False,32,32,0,0,0,0.0,0.0,0.0,0.0,0.0
1698,838,433,199,252,True,False,32,32,0,0,0,0.0,0.0,0.0,0.0,0.0
1698,839,433,199,317,True,False,32,32,0,0,0,0.0,0.0,0.0,0.0,0.0
1698,840,433,199,383,True,False,32,32,0,0,0,0.0,0.0,0.0,0.0,0.0
1698,841,433,199,387,True,False,32,32,0,0,0,0.0,0.0,0.0,0.0,0.0
1698,842,433,199,402,True,False,32,32,0,0,0,0.0,0.0,0.0,0.0,0.0
1698,843,433,199,404,True,False,32,32,0,0,0,0.0,0.0,0.0,0.0,0.0
1698,844,433,199,462,True,False,32,32,0,0,0,0.0,0.0,0.0,0.0,0.0
1698,845,433,199,494,True,False,32,32,0,0,0,0.0,0.0,0.0,0.0,0.0
1699,961,433,245,13,True,True,95,95,80,200,13,0.0,1.0,2.1052631578947367,0.8421052631578947,2.1052631578947367
1699,962,433,245,34,True,True,95,95,92,326,14,0.0,1.0,3.431578947368421,0.968421052631579,3.431578947368421
1699,963,433,245,58,True,True,95,95,27,40,5,0.0,1.0,0.42105263157894735,0.28421052631578947,0.42105263157894735
1699,964,433,245,129,True,True,95,95,11,17,3,0.0,0.0,0.17894736842105263,0.11578947368421053,0.17894736842105263
1699,965,433,245,169,True,False,95,95,0,0,0,0.0,0.0,0.0,0.0,0.0
1699,966,433,245,253,True,False,95,95,0,0,0,0.0,0.0,0.0,0.0,0.0
1699,967,433,245,256,True,False,95,95,0,0,0,0.0,0.0,0.0,0.0,0.0
1699,968,433,245,281,True,False,95,95,0,0,0,0.0,0.0,0.0,0.0,0.0
1699,969,433,245,313,True,False,95,95,0,0,0,0.0,0.0,0.0,0.0,0.0
1699,970,433,245,353,True,False,95,95,0,0,0,0.0,0.0,0.0,0.0,0.0
1699,971,433,245,433,True,False,95,95,0,0,0,0.0,0.0,0.0,0.0,0.0
1699,972,433,245,472,True,True,95,95,80,212,12,0.0,1.0,2.231578947368421,0.8421052631578947,2.231578947368421
1700,980,433,248,2,True,False,4,4,0,0,0,0.0,0.0,0.0,0.0,0.0
1700,981,433,248,12,True,False,4,4,0,0,0,0.0,0.0,0.0,0.0,0.0
1700,982,433,248,22,True,False,4,4,0,0,0,0.0,0.0,0.0,0.0,0.0
1700,983,433,248,121,True,True,4,4,4,12,2,0.0,0.0,3.0,1.0,3.0
1700,984,433,248,139,True,False,4,4,0,0,0,0.0,0.0,0.0,0.0,0.0
1700,985,433,248,144,True,False,4,4,0,0,0,0.0,0.0,0.0,0.0,0.0
1700,986,433,248,169,True,False,4,4,0,0,0,0.0,0.0,0.0,0.0,0.0
1700,987,433,248,175,True,False,4,4,0,0,0,0.0,0.0,0.0,0.0,0.0
1700,988,433,248,262,True,False,4,4,0,0,0,0.0,0.0,0.0,0.0,0.0
1700,989,433,248,273,True,False,4,4,0,0,0,0.0,0.0,0.0,0.0,0.0
1700,990,433,248,281,True,False,4,4,0,0,0,0.0,0.0,0.0,0.0,0.0
1700,991,433,248,335,True,False,4,4,0,0,0,0.0,0.0,0.0,0.0,0.0
1700,992,433,248,383,True,False,4,4,0,0,0,0.0,0.0,0.0,0.0,0.0
1700,993,433,248,433,True,False,4,4,0,0,0,0.0,0.0,0.0,0.0,0.0
1700,994,433,248,455,True,False,4,4,0,0,0,0.0,0.0,0.0,0.0,0.0
1700,995,433,248,463,True,False,4,4,0,0,0,0.0,0.0,0.0,0.0,0.0
1700,996,433,248,508,True,False,4,4,0,0,0,0.0,0.0,0.0,0.0,0.0
1701,1480,433,381,12,True,False,90,90,0,0,0,0.0,0.0,0.0,0.0,0.0
1701,1481,433,381,31,True,False,90,90,0,0,0,0.0,0.0,0.0,0.0,0.0
1701,1482,433,381,58,True,False,90,90,0,0,0,0.0,0.0,0.0,0.0,0.0
1701,1483,433,381,74,True,True,90,90,50,103,8,0.0,0.0,1.1444444444444444,0.5555555555555556,1.1444444444444444
1701,1484,433,381,121,True,True,90,90,90,255,14,0.0,0.0,2.8333333333333335,1.0,2.8333333333333335
1701,1485,433,381,141,True,True,90,90,22,28,5,0.0,0.0,0.3111111111111111,0.24444444444444444,0.3111111111111111
1701,1486,433,381,156,True,True,90,90,17,23,4,0.0,0.0,0.25555555555555554,0.18888888888888888,0.25555555555555554
1701,1487,433,381,248,True,True,90,90,87,174,13,0.0,0.0,1.9333333333333333,0.9666666666666667,1.9333333333333333
1701,1488,433,381,251,True,False,90,90,0,0,0,0.0,0.0,0.0,0.0,0.0
1701,1489,433,381,319,True,False,90,90,0,0,0,0.0,0.0,0.0,0.0,0.0
1701,1490,433,381,433,True,False,90,90,0,0,0,0.0,0.0,0.0,0.0,0.0
1701,1491,433,381,449,True,False,90,90,0,0,0,0.0,0.0,0.0,0.0,0.0
1701,1492,433,381,463,True,False,90,90,0,0,0,0.0,0.0,0.0,0.0,0.0
1702,1872,433,508,39,True,True,124,124,10,26,2,0.0,0.5,0.20967741935483872,0.08064516129032258,0.20967741935483872
1702,1873,433,508,84,True,False,124,124,0,0,0,0.0,0.0,0.0,0.0,0.0
1702,1874,433,508,115,True,False,124,124,0,0,0,0.0,0.0,0.0,0.0,0.0
1702,1875,433,508,117,True,False,124,124,0,0,0,0.0,0.0,0.0,0.0,0.0
1702,1876,433,508,169,True,False,124,124,0,0,0,0.0,0.0,0.0,0.0,0.0
1702,1877,433,508,199,True,True,124,124,5,15,1,2.0,5.0,0.12096774193548387,0.04032258064516129,0.12096774193548387
1702,1878,433,508,238,True,False,124,124,0,0,0,0.0,0.0,0.0,0.0,0.0
1702,1879,433,508,252,True,True,124,124,5,24,1,0.0,3.0,0.1935483870967742,0.04032258064516129,0.1935483870967742
1702,1880,433,508,316,True,False,124,124,0,0,0,0.0,0.0,0.0,0.0,0.0
1702,1881,433,508,317,True,False,124,124,0,0,0,0.0,0.0,0.0,0.0,0.0
1702,1882,433,508,335,True,False,124,124,0,0,0,0.0,0.0,0.0,0.0,0.0
1702,1883,433,508,433,True,True,124,124,39,335,4,0.0,2.0,2.7016129032258065,0.31451612903225806,2.7016129032258065
1702,1884,433,508,455,True,False,124,124,0,0,0,0.0,0.0,0.0,0.0,0.0
1702,1885,433,508,485,True,False,124,124,0,0,0,0.0,0.0,0.0,0.0,0.0
1702,1886,433,508,494,True,False,124,124,0,0,0,0.0,0.0,0.0,0.0,0.0
1703,42,440,7,28,True,True,26,26,20,119,2,0.0,1.0,4.576923076923077,0.7692307692307693,4.576923076923077
1703,43,440,7,77,True,False,26,26,0,0,0,0.0,0.0,0.0,0.0,0.0
1703,44,440,7,133,True,False,26,26,0,0,0,0.0,0.0,0.0,0.0,0.0
1703,45,440,7,143,True,False,26,26,0,0,0,0.0,0.0,0.0,0.0,0.0
1703,46,440,7,167,True,False,26,26,0,0,0,0.0,0.0,0.0,0.0,0.0
1703,47,440,7,196,True,False,26,26,0,0,0,0.0,0.0,0.0,0.0,0.0
1703,48,440,7,222,True,False,26,26,0,0,0,0.0,0.0,0.0,0.0,0.0
1703,49,440,7,290,True,False,26,26,0,0,0,0.0,0.0,0.0,0.0,0.0
1703,50,440,7,318,True,True,26,26,8,60,1,0.0,1.0,2.3076923076923075,0.3076923076923077,2.3076923076923075
1703,51,440,7,347,True,False,26,26,0,0,0,0.0,0.0,0.0,0.0,0.0
1703,52,440,7,474,True,False,26,26,0,0,0,0.0,0.0,0.0,0.0,0.0
1703,53,440,7,509,True,True,26,26,2,14,1,0.0,0.0,0.5384615384615384,0.07692307692307693,0.5384615384615384
1704,172,440,28,1,True,True,487,487,8,29,1,0.0,1.0,0.059548254620123205,0.01642710472279261,0.059548254620123205
1704,173,440,28,56,True,True,487,487,15,50,1,0.0,2.0,0.1026694045174538,0.030800821355236138,0.1026694045174538
1704,174,440,28,222,True,False,487,487,0,0,0,0.0,0.0,0.0,0.0,0.0
1704,175,440,28,271,True,True,487,487,89,472,8,0.0,2.0,0.9691991786447639,0.18275154004106775,0.9691991786447639
1704,176,440,28,318,True,True,487,487,15,131,2,0.0,4.0,0.26899383983572894,0.030800821355236138,0.26899383983572894
1704,177,440,28,326,True,False,487,487,0,0,0,0.0,0.0,0.0,0.0,0.0
1704,178,440,28,347,True,True,487,487,65,790,5,0.0,5.0,1.62217659137577,0.13347022587268995,1.62217659137577
1704,179,440,28,355,True,True,487,487,309,2084,19,0.0,2.0,4.2792607802874745,0.6344969199178645,4.2792607802874745
1704,180,440,28,369,True,False,487,487,0,0,0,0.0,0.0,0.0,0.0,0.0
1704,181,440,28,410,True,True,487,487,127,519,9,0.0,3.0,1.0657084188911705,0.26078028747433263,1.0657084188911705
1704,182,440,28,429,True,True,487,487,406,2494,23,0.0,3.0,5.121149897330596,0.8336755646817249,5.121149897330596
1705,548,440,143,7,True,False,41,41,0,0,0,0.0,0.0,0.0,0.0,0.0
1705,549,440,143,88,True,False,41,41,0,0,0,0.0,0.0,0.0,0.0,0.0
1705,550,440,143,133,True,False,41,41,0,0,0,0.0,0.0,0.0,0.0,0.0
1705,551,440,143,161,True,False,41,41,0,0,0,0.0,0.0,0.0,0.0,0.0
1705,552,440,143,163,True,False,41,41,0,0,0,0.0,0.0,0.0,0.0,0.0
1705,553,440,143,233,True,True,41,41,7,16,1,7.0,9.0,0.3902439024390244,0.17073170731707318,0.3902439024390244
1705,554,440,143,279,True,False,41,41,0,0,0,0.0,0.0,0.0,0.0,0.0
1705,555,440,143,432,True,True,41,41,5,51,1,4.0,8.0,1.2439024390243902,0.12195121951219512,1.2439024390243902
1705,556,440,143,440,True,False,41,41,0,0,0,0.0,0.0,0.0,0.0,0.0
1705,557,440,143,474,True,False,41,41,0,0,0,0.0,0.0,0.0,0.0,0.0
1706,656,440,161,28,True,False,5,5,0,0,0,0.0,0.0,0.0,0.0,0.0
1706,657,440,161,143,True,False,5,5,0,0,0,0.0,0.0,0.0,0.0,0.0
1706,658,440,161,157,True,False,5,5,0,0,0,0.0,0.0,0.0,0.0,0.0
1706,659,440,161,167,True,False,5,5,0,0,0,0.0,0.0,0.0,0.0,0.0
1706,660,440,161,369,True,False,5,5,0,0,0,0.0,0.0,0.0,0.0,0.0
1706,661,440,161,375,True,False,5,5,0,0,0,0.0,0.0,0.0,0.0,0.0
1706,662,440,161,398,True,False,5,5,0,0,0,0.0,0.0,0.0,0.0,0.0
1706,663,440,161,440,True,True,5,5,1,2,1,0.0,0.0,0.4,0.2,0.4
1706,664,440,161,485,True,False,5,5,0,0,0,0.0,0.0,0.0,0.0,0.0
1707,688,440,167,7,True,False,71,71,0,0,0,0.0,0.0,0.0,0.0,0.0
1707,689,440,167,88,True,True,71,71,10,125,2,0.0,4.0,1.7605633802816902,0.14084507042253522,1.7605633802816902
1707,690,440,167,133,True,False,71,71,0,0,0,0.0,0.0,0.0,0.0,0.0
1707,691,440,167,143,True,True,71,71,5,71,1,0.0,3.0,1.0,0.07042253521126761,1.0
1707,692,440,167,157,True,False,71,71,0,0,0,0.0,0.0,0.0,0.0,0.0
1707,693,440,167,161,True,False,71,71,0,0,0,0.0,0.0,0.0,0.0,0.0
1707,694,440,167,196,True,False,71,71,0,0,0,0.0,0.0,0.0,0.0,0.0
1707,695,440,167,261,True,True,71,71,20,295,2,0.0,4.0,4.154929577464789,0.28169014084507044,4.154929577464789
1707,696,440,167,279,True,True,71,71,18,214,4,0.0,4.0,3.0140845070422535,0.2535211267605634,3.0140845070422535
1707,697,440,167,290,True,False,71,71,0,0,0,0.0,0.0,0.0,0.0,0.0
1707,698,440,167,316,True,True,71,71,3,5,1,0.0,0.0,0.07042253521126761,0.04225352112676056,0.07042253521126761
1707,699,440,167,432,True,False,71,71,0,0,0,0.0,0.0,0.0,0.0,0.0
1707,700,440,167,440,True,True,71,71,3,6,1,0.0,0.5,0.08450704225352113,0.04225352112676056,0.08450704225352113
1707,701,440,167,474,True,False,71,71,0,0,0,0.0,0.0,0.0,0.0,0.0
1707,702,440,167,509,True,True,71,71,11,53,2,0.0,2.0,0.7464788732394366,0.15492957746478872,0.7464788732394366
1708,1070,440,261,23,True,False,34,34,0,0,0,0.0,0.0,0.0,0.0,0.0
1708,1071,440,261,157,True,False,34,34,0,0,0,0.0,0.0,0.0,0.0,0.0
1708,1072,440,261,321,True,True,34,34,20,120,3,0.0,0.0,3.5294117647058822,0.5882352941176471,3.5294117647058822
1708,1073,440,261,440,True,False,34,34,0,0,0,0.0,0.0,0.0,0.0,0.0
1708,1074,440,261,481,True,False,34,34,0,0,0,0.0,0.0,0.0,0.0,0.0
1709,1082,440,263,7,True,False,9,9,0,0,0,0.0,0.0,0.0,0.0,0.0
1709,1083,440,263,133,True,False,9,9,0,0,0,0.0,0.0,0.0,0.0,0.0
1709,1084,440,263,167,True,False,9,9,0,0,0,0.0,0.0,0.0,0.0,0.0
1709,1085,440,263,196,True,False,9,9,0,0,0,0.0,0.0,0.0,0.0,0.0
1709,1086,440,263,258,True,False,9,9,0,0,0,0.0,0.0,0.0,0.0,0.0
1709,1087,440,263,309,True,False,9,9,0,0,0,0.0,0.0,0.0,0.0,0.0
1709,1088,440,263,405,True,False,9,9,0,0,0,0.0,0.0,0.0,0.0,0.0
1709,1089,440,263,440,True,False,9,9,0,0,0,0.0,0.0,0.0,0.0,0.0
1709,1090,440,263,509,True,False,9,9,0,0,0,0.0,0.0,0.0,0.0,0.0
1710,1296,440,318,1,True,False,30,30,0,0,0,0.0,0.0,0.0,0.0,0.0
1710,1297,440,318,56,True,False,30,30,0,0,0,0.0,0.0,0.0,0.0,0.0
1710,1298,440,318,347,True,False,30,30,0,0,0,0.0,0.0,0.0,0.0,0.0
1711,1312,440,321,21,True,False,15,15,0,0,0,0.0,0.0,0.0,0.0,0.0
1711,1313,440,321,113,True,False,15,15,0,0,0,0.0,0.0,0.0,0.0,0.0
1711,1314,440,321,156,True,True,15,15,6,6,1,8.0,9.5,0.4,0.4,0.4
1711,1315,440,321,179,True,False,15,15,0,0,0,0.0,0.0,0.0,0.0,0.0
1711,1316,440,321,251,True,False,15,15,0,0,0,0.0,0.0,0.0,0.0,0.0
1711,1317,440,321,253,True,False,15,15,0,0,0,0.0,0.0,0.0,0.0,0.0
1711,1318,440,321,261,True,False,15,15,0,0,0,0.0,0.0,0.0,0.0,0.0
1711,1319,440,321,319,True,True,15,15,15,66,3,6.0,8.0,4.4,1.0,4.4
1711,1320,440,321,440,True,False,15,15,0,0,0,0.0,0.0,0.0,0.0,0.0
1711,1321,440,321,481,True,False,15,15,0,0,0,0.0,0.0,0.0,0.0,0.0
1711,1322,440,321,488,True,False,15,15,0,0,0,0.0,0.0,0.0,0.0,0.0
1712,1887,440,509,7,True,False,182,182,0,0,0,0.0,0.0,0.0,0.0,0.0
1712,1888,440,509,113,True,False,182,182,0,0,0,0.0,0.0,0.0,0.0,0.0
1712,1889,440,509,161,True,False,182,182,0,0,0,0.0,0.0,0.0,0.0,0.0
1712,1890,440,509,196,True,False,182,182,0,0,0,0.0,0.0,0.0,0.0,0.0
1712,1891,440,509,251,True,True,182,182,89,1052,9,0.0,5.0,5.78021978021978,0.489010989010989,5.78021978021978
1712,1892,440,509,279,True,False,182,182,0,0,0,0.0,0.0,0.0,0.0,0.0
1712,1893,440,509,321,True,True,182,182,12,150,2,0.0,5.0,0.8241758241758241,0.06593406593406594,0.8241758241758241
1712,1894,440,509,361,True,False,182,182,0,0,0,0.0,0.0,0.0,0.0,0.0
1712,1895,440,509,440,True,False,182,182,0,0,0,0.0,0.0,0.0,0.0,0.0
1712,1896,440,509,481,True,True,182,182,30,431,3,0.0,5.0,2.368131868131868,0.16483516483516483,2.368131868131868
1713,30,449,6,13,True,False,76,76,0,0,0,0.0,0.0,0.0,0.0,0.0
1713,31,449,6,21,True,False,76,76,0,0,0,0.0,0.0,0.0,0.0,0.0
1713,32,449,6,125,True,True,76,76,7,33,1,4.0,8.0,0.4342105263157895,0.09210526315789473,0.4342105263157895
1713,33,449,6,156,True,False,76,76,0,0,0,0.0,0.0,0.0,0.0,0.0
1713,34,449,6,179,True,False,76,76,0,0,0,0.0,0.0,0.0,0.0,0.0
1713,35,449,6,186,True,False,76,76,0,0,0,0.0,0.0,0.0,0.0,0.0
1713,36,449,6,243,True,True,76,76,4,5,3,0.0,0.0,0.06578947368421052,0.05263157894736842,0.06578947368421052
1713,37,449,6,245,True,False,76,76,0,0,0,0.0,0.0,0.0,0.0,0.0
1713,38,449,6,309,True,True,76,76,26,179,6,0.0,5.0,2.3552631578947367,0.34210526315789475,2.3552631578947367
1713,39,449,6,313,True,False,76,76,0,0,0,0.0,0.0,0.0,0.0,0.0
1713,40,449,6,319,True,False,76,76,0,0,0,0.0,0.0,0.0,0.0,0.0
1713,41,449,6,381,True,False,76,76,0,0,0,0.0,0.0,0.0,0.0,0.0
1714,82,449,12,6,True,True,212,212,11,25,2,0.0,0.0,0.1179245283018868,0.05188679245283019,0.1179245283018868
1714,83,449,12,58,True,True,212,212,3,3,3,0.0,0.0,0.014150943396226415,0.014150943396226415,0.014150943396226415
1714,84,449,12,113,True,True,212,212,8,19,4,0.0,0.0,0.08962264150943396,0.03773584905660377,0.08962264150943396
1714,85,449,12,121,True,True,212,212,8,8,7,0.0,0.0,0.03773584905660377,0.03773584905660377,0.03773584905660377
1714,86,449,12,144,True,False,212,212,0,0,0,0.0,0.0,0.0,0.0,0.0
1714,87,449,12,243,True,True,212,212,18,46,10,0.0,0.0,0.2169811320754717,0.08490566037735849,0.2169811320754717
1714,88,449,12,251,True,True,212,212,14,54,9,0.0,0.0,0.25471698113207547,0.0660377358490566,0.25471698113207547
1714,89,449,12,321,True,True,212,212,16,84,8,0.0,0.0,0.39622641509433965,0.07547169811320754,0.39622641509433965
1714,90,449,12,335,True,False,212,212,0,0,0,0.0,0.0,0.0,0.0,0.0
1714,91,449,12,463,True,True,212,212,14,14,12,0.0,0.0,0.0660377358490566,0.0660377358490566,0.0660377358490566
1714,92,449,12,481,True,True,212,212,38,212,12,0.0,0.0,1.0,0.1792452830188679,1.0
1715,281,449,58,13,True,False,54,54,0,0,0,0.0,0.0,0.0,0.0,0.0
1715,282,449,58,21,True,False,54,54,0,0,0,0.0,0.0,0.0,0.0,0.0
1715,283,449,58,84,True,True,54,54,5,5,1,8.0,9.0,0.09259259259259259,0.09259259259259259,0.09259259259259259
1715,284,449,58,129,True,False,54,54,0,0,0,0.0,0.0,0.0,0.0,0.0
1715,285,449,58,156,True,False,54,54,0,0,0,0.0,0.0,0.0,0.0,0.0
1715,286,449,58,179,True,False,54,54,0,0,0,0.0,0.0,0.0,0.0,0.0
1715,287,449,58,186,True,False,54,54,0,0,0,0.0,0.0,0.0,0.0,0.0
1715,288,449,58,243,True,True,54,54,2,2,1,0.0,0.0,0.037037037037037035,0.037037037037037035,0.037037037037037035
1715,289,449,58,245,True,False,54,54,0,0,0,0.0,0.0,0.0,0.0,0.0
1715,290,449,58,381,True,False,54,54,0,0,0,0.0,0.0,0.0,0.0,0.0
1715,291,449,58,389,True,False,54,54,0,0,0,0.0,0.0,0.0,0.0,0.0
1715,292,449,58,449,True,False,54,54,0,0,0,0.0,0.0,0.0,0.0,0.0
1716,425,449,113,7,True,True,73,73,15,144,6,1.0,5.0,1.9726027397260273,0.2054794520547945,1.9726027397260273
1716,426,449,113,133,True,True,73,73,8,40,4,2.0,6.0,0.547945205479452,0.1095890410958904,0.547945205479452
1716,427,449,113,143,True,False,73,73,0,0,0,0.0,0.0,0.0,0.0,0.0
1716,428,449,113,157,True,True,73,73,2,6,1,4.0,5.0,0.0821917808219178,0.0273972602739726,0.0821917808219178
1716,429,449,113,196,True,True,73,73,6,30,3,3.0,6.0,0.410958904109589,0.0821917808219178,0.410958904109589
1716,430,449,113,279,True,False,73,73,0,0,0,0.0,0.0,0.0,0.0,0.0
1716,431,449,113,318,True,False,73,73,0,0,0,0.0,0.0,0.0,0.0,0.0
1716,432,449,113,440,True,True,73,73,8,101,3,0.0,4.0,1.3835616438356164,0.1095890410958904,1.3835616438356164
1716,433,449,113,509,True,False,73,73,0,0,0,0.0,0.0,0.0,0.0,0.0
1717,465,449,121,2,True,False,158,158,0,0,0,0.0,0.0,0.0,0.0,0.0
1717,466,449,121,22,True,False,158,158,0,0,0,0.0,0.0,0.0,0.0,0.0
1717,467,449,121,113,True,True,158,158,50,229,20,0.0,0.0,1.4493670886075949,0.31645569620253167,1.4493670886075949
1717,468,449,121,139,True,False,158,158,0,0,0,0.0,0.0,0.0,0.0,0.0
1717,469,449,121,144,True,False,158,158,0,0,0,0.0,0.0,0.0,0.0,0.0
1717,470,449,121,175,True,False,158,158,0,0,0,0.0,0.0,0.0,0.0,0.0
1717,471,449,121,251,True,True,158,158,38,157,20,0.0,0.0,0.9936708860759493,0.24050632911392406,0.9936708860759493
1717,472,449,121,273,True,False,158,158,0,0,0,0.0,0.0,0.0,0.0,0.0
1717,473,449,121,481,True,True,158,158,4,13,2,0.0,0.0,0.08227848101265822,0.02531645569620253,0.08227848101265822
1718,878,449,217,6,True,False,6,6,0,0,0,0.0,0.0,0.0,0.0,0.0
1718,879,449,217,13,True,False,6,6,0,0,0,0.0,0.0,0.0,0.0,0.0
1718,880,449,217,21,True,False,6,6,0,0,0,0.0,0.0,0.0,0.0,0.0
1718,881,449,217,58,True,False,6,6,0,0,0,0.0,0.0,0.0,0.0,0.0
1718,882,449,217,129,True,False,6,6,0,0,0,0.0,0.0,0.0,0.0,0.0
1718,883,449,217,156,True,False,6,6,0,0,0,0.0,0.0,0.0,0.0,0.0
1718,884,449,217,179,True,False,6,6,0,0,0,0.0,0.0,0.0,0.0,0.0
1718,885,449,217,186,True,False,6,6,0,0,0,0.0,0.0,0.0,0.0,0.0
1718,886,449,217,243,True,True,6,6,1,1,1,0.0,0.0,0.16666666666666666,0.16666666666666666,0.16666666666666666
1718,887,449,217,319,True,False,6,6,0,0,0,0.0,0.0,0.0,0.0,0.0
1718,888,449,217,385,True,False,6,6,0,0,0,0.0,0.0,0.0,0.0,0.0
1719,946,449,243,6,True,True,160,160,2,4,2,0.0,0.0,0.025,0.0125,0.025
1719,947,449,243,21,True,False,160,160,0,0,0,0.0,0.0,0.0,0.0,0.0
1719,948,449,243,84,True,True,160,160,5,15,1,3.0,5.0,0.09375,0.03125,0.09375
1719,949,449,243,85,True,True,160,160,11,23,2,2.0,6.0,0.14375,0.06875,0.14375
1719,950,449,243,115,True,True,160,160,7,71,2,1.0,6.0,0.44375,0.04375,0.44375
1719,951,449,243,125,True,True,160,160,3,42,1,3.0,7.0,0.2625,0.01875,0.2625
1719,952,449,243,129,True,False,160,160,0,0,0,0.0,0.0,0.0,0.0,0.0
1719,953,449,243,156,True,False,160,160,0,0,0,0.0,0.0,0.0,0.0,0.0
1719,954,449,243,179,True,False,160,160,0,0,0,0.0,0.0,0.0,0.0,0.0
1719,955,449,243,199,True,False,160,160,0,0,0,0.0,0.0,0.0,0.0,0.0
1719,956,449,243,217,True,True,160,160,28,181,6,0.0,6.0,1.13125,0.175,1.13125
1719,957,449,243,319,True,False,160,160,0,0,0,0.0,0.0,0.0,0.0,0.0
1719,958,449,243,385,True,True,160,160,40,371,8,1.0,6.0,2.31875,0.25,2.31875
1719,959,449,243,402,True,True,160,160,11,11,3,0.0,3.0,0.06875,0.06875,0.06875
1719,960,449,243,508,True,True,160,160,6,67,2,0.0,2.0,0.41875,0.0375,0.41875
1720,997,449,251,21,True,False,71,71,0,0,0,0.0,0.0,0.0,0.0,0.0
1720,998,449,251,88,True,True,71,71,3,27,1,1.0,4.0,0.38028169014084506,0.04225352112676056,0.38028169014084506
1720,999,449,251,113,True,True,71,71,18,116,5,0.0,1.0,1.6338028169014085,0.2535211267605634,1.6338028169014085
1720,1000,449,251,156,True,False,71,71,0,0,0,0.0,0.0,0.0,0.0,0.0
1720,1001,449,251,157,True,True,71,71,3,3,1,4.0,5.0,0.04225352112676056,0.04225352112676056,0.04225352112676056
1720,1002,449,251,161,True,True,71,71,7,34,3,0.0,6.0,0.4788732394366197,0.09859154929577464,0.4788732394366197
1720,1003,449,251,179,True,False,71,71,0,0,0,0.0,0.0,0.0,0.0,0.0
1720,1004,449,251,186,True,False,71,71,0,0,0,0.0,0.0,0.0,0.0,0.0
1720,1005,449,251,245,True,False,71,71,0,0,0,0.0,0.0,0.0,0.0,0.0
1720,1006,449,251,253,True,False,71,71,0,0,0,0.0,0.0,0.0,0.0,0.0
1720,1007,449,251,279,True,True,71,71,7,75,3,0.0,4.0,1.056338028169014,0.09859154929577464,1.056338028169014
1720,1008,449,251,319,True,False,71,71,0,0,0,0.0,0.0,0.0,0.0,0.0
1720,1009,449,251,381,True,False,71,71,0,0,0,0.0,0.0,0.0,0.0,0.0
1720,1010,449,251,449,True,False,71,71,0,0,0,0.0,0.0,0.0,0.0,0.0
1721,1075,449,262,13,True,False,11,11,0,0,0,0.0,0.0,0.0,0.0,0.0
1721,1076,449,262,85,True,True,11,11,3,15,1,3.0,6.0,1.3636363636363635,0.2727272727272727,1.3636363636363635
1721,1077,449,262,129,True,False,11,11,0,0,0,0.0,0.0,0.0,0.0,0.0
1721,1078,449,262,179,True,False,11,11,0,0,0,0.0,0.0,0.0,0.0,0.0
1721,1079,449,262,247,True,True,11,11,7,105,1,3.0,7.0,9.545454545454545,0.6363636363636364,9.545454545454545
1721,1080,449,262,381,True,False,11,11,0,0,0,0.0,0.0,0.0,0.0,0.0
1721,1081,449,262,487,True,False,11,11,0,0,0,0.0,0.0,0.0,0.0,0.0
1722,1312,449,321,21,True,False,22,22,0,0,0,0.0,0.0,0.0,0.0,0.0
1722,1313,449,321,113,True,True,22,22,3,6,1,0.0,0.5,0.2727272727272727,0.13636363636363635,0.2727272727272727
1722,1314,449,321,156,True,False,22,22,0,0,0,0.0,0.0,0.0,0.0,0.0
1722,1315,449,321,179,True,False,22,22,0,0,0,0.0,0.0,0.0,0.0,0.0
1722,1316,449,321,251,True,True,22,22,1,4,1,0.0,0.0,0.18181818181818182,0.045454545454545456,0.18181818181818182
1722,1317,449,321,253,True,False,22,22,0,0,0,0.0,0.0,0.0,0.0,0.0
1722,1318,449,321,261,True,True,22,22,6,90,2,2.0,6.0,4.090909090909091,0.2727272727272727,4.090909090909091
1722,1319,449,321,319,True,False,22,22,0,0,0,0.0,0.0,0.0,0.0,0.0
1722,1320,449,321,440,True,False,22,22,0,0,0,0.0,0.0,0.0,0.0,0.0
1722,1321,449,321,481,True,True,22,22,3,23,1,0.0,1.0,1.0454545454545454,0.13636363636363635,1.0454545454545454
1722,1322,449,321,488,True,False,22,22,0,0,0,0.0,0.0,0.0,0.0,0.0
1723,1421,449,361,6,True,False,26,26,0,0,0,0.0,0.0,0.0,0.0,0.0
1723,1422,449,361,13,True,False,26,26,0,0,0,0.0,0.0,0.0,0.0,0.0
1723,1423,449,361,21,True,False,26,26,0,0,0,0.0,0.0,0.0,0.0,0.0
1723,1424,449,361,58,True,False,26,26,0,0,0,0.0,0.0,0.0,0.0,0.0
1723,1425,449,361,74,True,False,26,26,0,0,0,0.0,0.0,0.0,0.0,0.0
1723,1426,449,361,129,True,False,26,26,0,0,0,0.0,0.0,0.0,0.0,0.0
1723,1427,449,361,156,True,False,26,26,0,0,0,0.0,0.0,0.0,0.0,0.0
1723,1428,449,361,179,True,False,26,26,0,0,0,0.0,0.0,0.0,0.0,0.0
1723,1429,449,361,186,True,False,26,26,0,0,0,0.0,0.0,0.0,0.0,0.0
1723,1430,449,361,217,True,False,26,26,0,0,0,0.0,0.0,0.0,0.0,0.0
1723,1431,449,361,243,True,True,26,26,4,6,1,0.0,0.0,0.23076923076923078,0.15384615384615385,0.23076923076923078
1723,1432,449,361,245,True,False,26,26,0,0,0,0.0,0.0,0.0,0.0,0.0
1723,1433,449,361,251,True,False,26,26,0,0,0,0.0,0.0,0.0,0.0,0.0
1723,1434,449,361,253,True,False,26,26,0,0,0,0.0,0.0,0.0,0.0,0.0
1723,1435,449,361,313,True,False,26,26,0,0,0,0.0,0.0,0.0,0.0,0.0
1723,1436,449,361,319,True,False,26,26,0,0,0,0.0,0.0,0.0,0.0,0.0
1723,1437,449,361,381,True,False,26,26,0,0,0,0.0,0.0,0.0,0.0,0.0
1723,1438,449,361,449,True,False,26,26,0,0,0,0.0,0.0,0.0,0.0,0.0
1724,1755,449,463,6,True,True,237,237,42,175,18,0.0,0.0,0.7383966244725738,0.17721518987341772,0.7383966244725738
1724,1756,449,463,58,True,True,237,237,49,126,19,0.0,0.0,0.5316455696202531,0.20675105485232068,0.5316455696202531
1724,1757,449,463,117,True,False,237,237,0,0,0,0.0,0.0,0.0,0.0,0.0
1724,1758,449,463,169,True,False,237,237,0,0,0,0.0,0.0,0.0,0.0,0.0
1724,1759,449,463,199,True,False,237,237,0,0,0,0.0,0.0,0.0,0.0,0.0
1724,1760,449,463,217,True,True,237,237,10,25,4,0.0,0.0,0.10548523206751055,0.04219409282700422,0.10548523206751055
1724,1761,449,463,243,True,True,237,237,96,407,36,0.0,0.0,1.7172995780590716,0.4050632911392405,1.7172995780590716
1724,1762,449,463,262,True,True,237,237,4,12,2,0.0,0.0,0.05063291139240506,0.016877637130801686,0.05063291139240506
1724,1763,449,463,281,True,False,237,237,0,0,0,0.0,0.0,0.0,0.0,0.0
1724,1764,449,463,335,True,False,237,237,0,0,0,0.0,0.0,0.0,0.0,0.0
1724,1765,449,463,361,True,True,237,237,10,33,5,0.0,0.0,0.13924050632911392,0.04219409282700422,0.13924050632911392
1724,1766,449,463,383,True,False,237,237,0,0,0,0.0,0.0,0.0,0.0,0.0
1724,1767,449,463,433,True,False,237,237,0,0,0,0.0,0.0,0.0,0.0,0.0
1724,1768,449,463,455,True,False,237,237,0,0,0,0.0,0.0,0.0,0.0,0.0
1724,1769,449,463,508,True,True,237,237,2,2,1,0.0,0.5,0.008438818565400843,0.008438818565400843,0.008438818565400843
1725,1801,449,481,21,True,False,51,51,0,0,0,0.0,0.0,0.0,0.0,0.0
1725,1802,449,481,74,True,False,51,51,0,0,0,0.0,0.0,0.0,0.0,0.0
1725,1803,449,481,113,True,True,51,51,6,40,3,0.0,0.0,0.7843137254901961,0.11764705882352941,0.7843137254901961
1725,1804,449,481,179,True,False,51,51,0,0,0,0.0,0.0,0.0,0.0,0.0
1725,1805,449,481,253,True,False,51,51,0,0,0,0.0,0.0,0.0,0.0,0.0
1725,1806,449,481,261,True,True,51,51,3,45,1,1.0,5.0,0.8823529411764706,0.058823529411764705,0.8823529411764706
1725,1807,449,481,319,True,False,51,51,0,0,0,0.0,0.0,0.0,0.0,0.0
1726,93,455,13,6,True,False,3,3,0,0,0,0.0,0.0,0.0,0.0,0.0
1726,94,455,13,34,True,True,3,3,3,8,3,0.0,0.0,2.6666666666666665,1.0,2.6666666666666665
1726,95,455,13,58,True,False,3,3,0,0,0,0.0,0.0,0.0,0.0,0.0
1726,96,455,13,169,True,False,3,3,0,0,0,0.0,0.0,0.0,0.0,0.0
1726,97,455,13,243,True,True,3,3,3,10,3,0.0,0.5,3.3333333333333335,1.0,3.3333333333333335
1726,98,455,13,256,True,False,3,3,0,0,0,0.0,0.0,0.0,0.0,0.0
1726,99,455,13,262,True,False,3,3,0,0,0,0.0,0.0,0.0,0.0,0.0
1726,100,455,13,281,True,False,3,3,0,0,0,0.0,0.0,0.0,0.0,0.0
1726,101,455,13,335,True,False,3,3,0,0,0,0.0,0.0,0.0,0.0,0.0
1726,102,455,13,353,True,False,3,3,0,0,0,0.0,0.0,0.0,0.0,0.0
1726,103,455,13,361,True,False,3,3,0,0,0,0.0,0.0,0.0,0.0,0.0
1726,104,455,13,433,True,False,3,3,0,0,0,0.0,0.0,0.0,0.0,0.0
1726,105,455,13,455,True,False,3,3,0,0,0,0.0,0.0,0.0,0.0,0.0
1726,106,455,13,472,True,True,3,3,3,5,3,0.0,0.0,1.6666666666666667,1.0,1.6666666666666667
1726,107,455,13,508,True,False,3,3,0,0,0,0.0,0.0,0.0,0.0,0.0
1727,117,455,21,12,True,False,28,28,0,0,0,0.0,0.0,0.0,0.0,0.0
1727,118,455,21,31,True,False,28,28,0,0,0,0.0,0.0,0.0,0.0,0.0
1727,119,455,21,74,True,True,28,28,7,7,2,0.0,0.0,0.25,0.25,0.25
1727,120,455,21,121,True,True,28,28,19,19,4,0.0,0.0,0.6785714285714286,0.6785714285714286,0.6785714285714286
1727,121,455,21,141,True,True,28,28,28,65,8,0.0,0.0,2.3214285714285716,1.0,2.3214285714285716
1727,122,455,21,156,True,True,28,28,1,1,1,0.0,0.0,0.03571428571428571,0.03571428571428571,0.03571428571428571
1727,123,455,21,186,True,True,28,28,5,5,1,0.0,0.0,0.17857142857142858,0.17857142857142858,0.17857142857142858
1727,124,455,21,248,True,True,28,28,28,39,8,0.0,0.0,1.3928571428571428,1.0,1.3928571428571428
1727,125,455,21,319,True,False,28,28,0,0,0,0.0,0.0,0.0,0.0,0.0
1727,126,455,21,381,True,False,28,28,0,0,0,0.0,0.0,0.0,0.0,0.0
1727,127,455,21,449,True,False,28,28,0,0,0,0.0,0.0,0.0,0.0,0.0
1727,128,455,21,463,True,False,28,28,0,0,0,0.0,0.0,0.0,0.0,0.0
1728,232,455,39,117,True,True,89,89,2,2,1,0.0,0.0,0.02247191011235955,0.02247191011235955,0.02247191011235955
1728,233,455,39,169,True,False,89,89,0,0,0,0.0,0.0,0.0,0.0,0.0
1728,234,455,39,176,True,True,89,89,45,540,3,1.0,7.0,6.067415730337078,0.5056179775280899,6.067415730337078
1728,235,455,39,199,True,True,89,89,33,370,3,0.0,3.0,4.157303370786517,0.3707865168539326,4.157303370786517
1728,236,455,39,252,True,False,89,89,0,0,0,0.0,0.0,0.0,0.0,0.0
1728,237,455,39,294,True,False,89,89,0,0,0,0.0,0.0,0.0,0.0,0.0
1728,238,455,39,317,True,True,89,89,1,9,1,0.0,1.0,0.10112359550561797,0.011235955056179775,0.10112359550561797
1728,239,455,39,371,True,False,89,89,0,0,0,0.0,0.0,0.0,0.0,0.0
1728,240,455,39,383,True,True,89,89,23,220,2,0.0,1.0,2.4719101123595504,0.25842696629213485,2.4719101123595504
1728,241,455,39,404,True,False,89,89,0,0,0,0.0,0.0,0.0,0.0,0.0
1728,242,455,39,455,True,False,89,89,0,0,0,0.0,0.0,0.0,0.0,0.0
1728,243,455,39,494,True,False,89,89,0,0,0,0.0,0.0,0.0,0.0,0.0
1728,244,455,39,508,True,False,89,89,0,0,0,0.0,0.0,0.0,0.0,0.0
1729,293,455,61,12,True,False,51,51,0,0,0,0.0,0.0,0.0,0.0,0.0
1729,294,455,61,21,True,True,51,51,27,32,5,0.0,0.0,0.6274509803921569,0.5294117647058824,0.6274509803921569
1729,295,455,61,31,True,False,51,51,0,0,0,0.0,0.0,0.0,0.0,0.0
1729,296,455,61,74,True,True,51,51,27,32,5,0.0,0.0,0.6274509803921569,0.5294117647058824,0.6274509803921569
1729,297,455,61,121,True,False,51,51,0,0,0,0.0,0.0,0.0,0.0,0.0
1729,298,455,61,141,True,True,51,51,51,118,11,0.0,0.0,2.3137254901960786,1.0,2.3137254901960786
1729,299,455,61,156,True,True,51,51,3,3,2,0.0,0.0,0.058823529411764705,0.058823529411764705,0.058823529411764705
1729,300,455,61,186,True,True,51,51,24,27,6,0.0,0.0,0.5294117647058824,0.47058823529411764,0.5294117647058824
1729,301,455,61,248,True,True,51,51,41,51,7,0.0,0.0,1.0,0.803921568627451,1.0
1729,302,455,61,381,True,False,51,51,0,0,0,0.0,0.0,0.0,0.0,0.0
1729,303,455,61,463,True,False,51,51,0,0,0,0.0,0.0,0.0,0.0,0.0
1730,318,455,74,2,True,False,3,3,0,0,0,0.0,0.0,0.0,0.0,0.0
1730,319,455,74,6,True,False,3,3,0,0,0,0.0,0.0,0.0,0.0,0.0
1730,320,455,74,12,True,False,3,3,0,0,0,0.0,0.0,0.0,0.0,0.0
1730,321,455,74,58,True,False,3,3,0,0,0,0.0,0.0,0.0,0.0,0.0
1730,322,455,74,121,True,True,3,3,3,5,2,0.0,0.0,1.6666666666666667,1.0,1.6666666666666667
1730,323,455,74,139,True,False,3,3,0,0,0,0.0,0.0,0.0,0.0,0.0
1730,324,455,74,169,True,False,3,3,0,0,0,0.0,0.0,0.0,0.0,0.0
1730,325,455,74,175,True,True,3,3,3,6,2,0.0,0.0,2.0,1.0,2.0
1730,326,455,74,243,True,False,3,3,0,0,0,0.0,0.0,0.0,0.0,0.0
1730,327,455,74,248,True,True,3,3,3,4,2,0.0,0.0,1.3333333333333333,1.0,1.3333333333333333
1730,328,455,74,281,True,False,3,3,0,0,0,0.0,0.0,0.0,0.0,0.0
1730,329,455,74,335,True,False,3,3,0,0,0,0.0,0.0,0.0,0.0,0.0
1730,330,455,74,361,True,False,3,3,0,0,0,0.0,0.0,0.0,0.0,0.0
1730,331,455,74,383,True,False,3,3,0,0,0,0.0,0.0,0.0,0.0,0.0
1730,332,455,74,433,True,False,3,3,0,0,0,0.0,0.0,0.0,0.0,0.0
1730,333,455,74,449,True,False,3,3,0,0,0,0.0,0.0,0.0,0.0,0.0
1730,334,455,74,455,True,False,3,3,0,0,0,0.0,0.0,0.0,0.0,0.0
1730,335,455,74,463,True,False,3,3,0,0,0,0.0,0.0,0.0,0.0,0.0
1730,336,455,74,508,True,False,3,3,0,0,0,0.0,0.0,0.0,0.0,0.0
1731,446,455,117,10,True,False,229,229,0,0,0,0.0,0.0,0.0,0.0,0.0
1731,447,455,117,16,True,True,229,229,15,60,1,3.0,7.0,0.26200873362445415,0.06550218340611354,0.26200873362445415
1731,448,455,117,80,True,True,229,229,15,175,1,0.0,2.0,0.7641921397379913,0.06550218340611354,0.7641921397379913
1731,449,455,117,199,True,True,229,229,13,160,2,0.0,2.0,0.6986899563318777,0.056768558951965066,0.6986899563318777
1731,450,455,117,238,True,True,229,229,7,31,1,0.0,2.0,0.13537117903930132,0.03056768558951965,0.13537117903930132
1731,451,455,117,268,True,True,229,229,15,15,1,0.0,3.0,0.06550218340611354,0.06550218340611354,0.06550218340611354
1731,452,455,117,281,True,False,229,229,0,0,0,0.0,0.0,0.0,0.0,0.0
1731,453,455,117,294,True,True,229,229,21,80,2,0.0,4.0,0.34934497816593885,0.09170305676855896,0.34934497816593885
1731,454,455,117,317,True,True,229,229,93,1237,10,0.0,3.0,5.401746724890829,0.40611353711790393,5.401746724890829
1731,455,455,117,324,True,False,229,229,0,0,0,0.0,0.0,0.0,0.0,0.0
1731,456,455,117,378,True,False,229,229,0,0,0,0.0,0.0,0.0,0.0,0.0
1731,457,455,117,383,True,True,229,229,3,13,2,0.0,0.0,0.056768558951965066,0.013100436681222707,0.056768558951965066
1731,458,455,117,387,True,False,229,229,0,0,0,0.0,0.0,0.0,0.0,0.0
1731,459,455,117,455,True,True,229,229,27,260,2,0.0,4.0,1.1353711790393013,0.11790393013100436,1.1353711790393013
1731,460,455,117,462,True,True,229,229,51,423,4,1.0,7.0,1.8471615720524017,0.22270742358078602,1.8471615720524017
1731,461,455,117,494,True,True,229,229,8,86,2,0.0,6.0,0.37554585152838427,0.034934497816593885,0.37554585152838427
1732,489,455,129,13,True,True,36,36,28,68,8,0.0,0.5,1.8888888888888888,0.7777777777777778,1.8888888888888888
1732,490,455,129,34,True,True,36,36,36,112,10,0.0,1.0,3.111111111111111,1.0,3.111111111111111
1732,491,455,129,58,True,False,36,36,0,0,0,0.0,0.0,0.0,0.0,0.0
1732,492,455,129,169,True,False,36,36,0,0,0,0.0,0.0,0.0,0.0,0.0
1732,493,455,129,217,True,False,36,36,0,0,0,0.0,0.0,0.0,0.0,0.0
1732,494,455,129,243,True,True,36,36,36,62,10,0.0,1.0,1.7222222222222223,1.0,1.7222222222222223
1732,495,455,129,256,True,False,36,36,0,0,0,0.0,0.0,0.0,0.0,0.0
1732,496,455,129,262,True,False,36,36,0,0,0,0.0,0.0,0.0,0.0,0.0
1732,497,455,129,433,True,False,36,36,0,0,0,0.0,0.0,0.0,0.0,0.0
1732,498,455,129,455,True,False,36,36,0,0,0,0.0,0.0,0.0,0.0,0.0
1732,499,455,129,472,True,True,36,36,33,92,9,0.0,1.0,2.5555555555555554,0.9166666666666666,2.5555555555555554
1733,537,455,141,2,True,False,67,67,0,0,0,0.0,0.0,0.0,0.0,0.0
1733,538,455,141,12,True,False,67,67,0,0,0,0.0,0.0,0.0,0.0,0.0
1733,539,455,141,22,True,True,67,67,8,12,2,0.0,1.0,0.1791044776119403,0.11940298507462686,0.1791044776119403
1733,540,455,141,74,True,True,67,67,20,32,5,0.0,0.0,0.47761194029850745,0.29850746268656714,0.47761194029850745
1733,541,455,141,121,True,True,67,67,67,184,14,0.0,0.0,2.746268656716418,1.0,2.746268656716418
1733,542,455,141,139,True,True,67,67,10,10,2,0.0,1.0,0.14925373134328357,0.14925373134328357,0.14925373134328357
1733,543,455,141,144,True,False,67,67,0,0,0,0.0,0.0,0.0,0.0,0.0
1733,544,455,141,156,True,True,67,67,3,6,1,0.0,0.5,0.08955223880597014,0.04477611940298507,0.08955223880597014
1733,545,455,141,175,True,True,67,67,33,57,8,0.0,0.0,0.8507462686567164,0.4925373134328358,0.8507462686567164
1733,546,455,141,248,True,True,67,67,67,203,14,0.0,0.0,3.029850746268657,1.0,3.029850746268657
1733,547,455,141,273,True,True,67,67,21,54,4,0.0,1.0,0.8059701492537313,0.31343283582089554,0.8059701492537313
1734,703,455,169,13,True,False,33,33,0,0,0,0.0,0.0,0.0,0.0,0.0
1734,704,455,169,21,True,True,33,33,12,26,1,0.0,1.0,0.7878787878787878,0.36363636363636365,0.7878787878787878
1734,705,455,169,39,True,True,33,33,1,3,1,0.0,0.0,0.09090909090909091,0.030303030303030304,0.09090909090909091
1734,706,455,169,61,True,True,33,33,17,48,2,0.0,1.0,1.4545454545454546,0.5151515151515151,1.4545454545454546
1734,707,455,169,129,True,True,33,33,5,15,1,1.0,4.0,0.45454545454545453,0.15151515151515152,0.45454545454545453
1734,708,455,169,139,True,False,33,33,0,0,0,0.0,0.0,0.0,0.0,0.0
1734,709,455,169,141,True,True,33,33,27,115,3,0.0,1.0,3.484848484848485,0.8181818181818182,3.484848484848485
1734,710,455,169,156,True,False,33,33,0,0,0,0.0,0.0,0.0,0.0,0.0
1734,711,455,169,179,True,False,33,33,0,0,0,0.0,0.0,0.0,0.0,0.0
1734,712,455,169,186,True,True,33,33,5,15,1,0.0,3.0,0.45454545454545453,0.15151515151515152,0.45454545454545453
1734,713,455,169,199,True,True,33,33,1,2,1,0.0,0.0,0.06060606060606061,0.030303030303030304,0.06060606060606061
1734,714,455,169,248,True,True,33,33,10,10,1,0.0,1.5,0.30303030303030304,0.30303030303030304,0.30303030303030304
1734,715,455,169,383,True,False,33,33,0,0,0,0.0,0.0,0.0,0.0,0.0
1734,716,455,169,433,True,False,33,33,0,0,0,0.0,0.0,0.0,0.0,0.0
1734,717,455,169,455,True,True,33,33,2,2,1,0.0,0.0,0.06060606060606061,0.06060606060606061,0.06060606060606061
1734,718,455,169,508,True,False,33,33,0,0,0,0.0,0.0,0.0,0.0,0.0
1735,780,455,179,13,True,True,24,24,20,28,9,0.0,0.0,1.1666666666666667,0.8333333333333334,1.1666666666666667
1735,781,455,179,34,True,True,24,24,5,5,3,0.0,0.0,0.20833333333333334,0.20833333333333334,0.20833333333333334
1735,782,455,179,43,True,False,24,24,0,0,0,0.0,0.0,0.0,0.0,0.0
1735,783,455,179,129,True,True,24,24,14,35,7,0.0,0.0,1.4583333333333333,0.5833333333333334,1.4583333333333333
1735,784,455,179,245,True,False,24,24,0,0,0,0.0,0.0,0.0,0.0,0.0
1735,785,455,179,253,True,False,24,24,0,0,0,0.0,0.0,0.0,0.0,0.0
1735,786,455,179,256,True,False,24,24,0,0,0,0.0,0.0,0.0,0.0,0.0
1735,787,455,179,313,True,True,24,24,10,34,3,0.0,0.0,1.4166666666666667,0.4166666666666667,1.4166666666666667
1735,788,455,179,353,True,False,24,24,0,0,0,0.0,0.0,0.0,0.0,0.0
1735,789,455,179,472,True,True,24,24,16,16,7,0.0,0.0,0.6666666666666666,0.6666666666666666,0.6666666666666666
1735,790,455,179,488,True,False,24,24,0,0,0,0.0,0.0,0.0,0.0,0.0
1736,808,455,186,12,True,False,26,26,0,0,0,0.0,0.0,0.0,0.0,0.0
1736,809,455,186,21,True,False,26,26,0,0,0,0.0,0.0,0.0,0.0,0.0
1736,810,455,186,31,True,False,26,26,0,0,0,0.0,0.0,0.0,0.0,0.0
1736,811,455,186,74,True,True,26,26,13,15,3,0.0,0.0,0.5769230769230769,0.5,0.5769230769230769
1736,812,455,186,121,True,True,26,26,8,14,2,0.0,0.0,0.5384615384615384,0.3076923076923077,0.5384615384615384
1736,813,455,186,141,True,True,26,26,26,59,7,0.0,0.0,2.269230769230769,1.0,2.269230769230769
1736,814,455,186,156,True,True,26,26,1,1,1,0.0,0.0,0.038461538461538464,0.038461538461538464,0.038461538461538464
1736,815,455,186,248,True,True,26,26,26,43,7,0.0,0.0,1.6538461538461537,1.0,1.6538461538461537
1736,816,455,186,319,True,False,26,26,0,0,0,0.0,0.0,0.0,0.0,0.0
1736,817,455,186,381,True,False,26,26,0,0,0,0.0,0.0,0.0,0.0,0.0
1736,818,455,186,449,True,False,26,26,0,0,0,0.0,0.0,0.0,0.0,0.0
1736,819,455,186,463,True,False,26,26,0,0,0,0.0,0.0,0.0,0.0,0.0
1737,831,455,199,10,True,False,238,238,0,0,0,0.0,0.0,0.0,0.0,0.0
1737,832,455,199,39,True,True,238,238,34,154,3,0.0,1.0,0.6470588235294118,0.14285714285714285,0.6470588235294118
1737,833,455,199,77,True,False,238,238,0,0,0,0.0,0.0,0.0,0.0,0.0
1737,834,455,199,117,True,True,238,238,60,411,5,0.0,1.0,1.726890756302521,0.25210084033613445,1.726890756302521
1737,835,455,199,170,True,False,238,238,0,0,0,0.0,0.0,0.0,0.0,0.0
1737,836,455,199,176,True,False,238,238,0,0,0,0.0,0.0,0.0,0.0,0.0
1737,837,455,199,238,True,True,238,238,5,8,1,0.0,0.0,0.03361344537815126,0.02100840336134454,0.03361344537815126
1737,838,455,199,252,True,False,238,238,0,0,0,0.0,0.0,0.0,0.0,0.0
1737,839,455,199,317,True,True,238,238,108,569,8,0.0,2.0,2.3907563025210083,0.453781512605042,2.3907563025210083
1737,840,455,199,383,True,True,238,238,70,255,6,0.0,1.0,1.0714285714285714,0.29411764705882354,1.0714285714285714
1737,841,455,199,387,True,False,238,238,0,0,0,0.0,0.0,0.0,0.0,0.0
1737,842,455,199,402,True,False,238,238,0,0,0,0.0,0.0,0.0,0.0,0.0
1737,843,455,199,404,True,False,238,238,0,0,0,0.0,0.0,0.0,0.0,0.0
1737,844,455,199,462,True,False,238,238,0,0,0,0.0,0.0,0.0,0.0,0.0
1737,845,455,199,494,True,True,238,238,158,1465,12,0.0,3.0,6.15546218487395,0.6638655462184874,6.15546218487395
1738,980,455,248,2,True,False,3,3,0,0,0,0.0,0.0,0.0,0.0,0.0
1738,981,455,248,12,True,False,3,3,0,0,0,0.0,0.0,0.0,0.0,0.0
1738,982,455,248,22,True,False,3,3,0,0,0,0.0,0.0,0.0,0.0,0.0
1738,983,455,248,121,True,True,3,3,3,8,3,0.0,0.5,2.6666666666666665,1.0,2.6666666666666665
1738,984,455,248,139,True,True,3,3,1,5,1,0.0,1.0,1.6666666666666667,0.3333333333333333,1.6666666666666667
1738,985,455,248,144,True,False,3,3,0,0,0,0.0,0.0,0.0,0.0,0.0
1738,986,455,248,169,True,False,3,3,0,0,0,0.0,0.0,0.0,0.0,0.0
1738,987,455,248,175,True,True,3,3,3,14,3,0.0,1.0,4.666666666666667,1.0,4.666666666666667
1738,988,455,248,262,True,False,3,3,0,0,0,0.0,0.0,0.0,0.0,0.0
1738,989,455,248,273,True,False,3,3,0,0,0,0.0,0.0,0.0,0.0,0.0
1738,990,455,248,281,True,False,3,3,0,0,0,0.0,0.0,0.0,0.0,0.0
1738,991,455,248,335,True,False,3,3,0,0,0,0.0,0.0,0.0,0.0,0.0
1738,992,455,248,383,True,False,3,3,0,0,0,0.0,0.0,0.0,0.0,0.0
1738,993,455,248,433,True,False,3,3,0,0,0,0.0,0.0,0.0,0.0,0.0
1738,994,455,248,455,True,False,3,3,0,0,0,0.0,0.0,0.0,0.0,0.0
1738,995,455,248,463,True,False,3,3,0,0,0,0.0,0.0,0.0,0.0,0.0
1738,996,455,248,508,True,False,3,3,0,0,0,0.0,0.0,0.0,0.0,0.0
1739,1153,455,281,13,True,False,22,22,0,0,0,0.0,0.0,0.0,0.0,0.0
1739,1154,455,281,21,True,False,22,22,0,0,0,0.0,0.0,0.0,0.0,0.0
1739,1155,455,281,61,True,True,22,22,9,14,1,0.0,0.0,0.6363636363636364,0.4090909090909091,0.6363636363636364
1739,1156,455,281,74,True,False,22,22,0,0,0,0.0,0.0,0.0,0.0,0.0
1739,1157,455,281,117,True,True,22,22,13,120,2,0.0,1.0,5.454545454545454,0.5909090909090909,5.454545454545454
1739,1158,455,281,141,True,True,22,22,9,9,1,0.0,2.0,0.4090909090909091,0.4090909090909091,0.4090909090909091
1739,1159,455,281,179,True,False,22,22,0,0,0,0.0,0.0,0.0,0.0,0.0
1739,1160,455,281,186,True,True,22,22,9,23,1,0.0,0.0,1.0454545454545454,0.4090909090909091,1.0454545454545454
1739,1161,455,281,199,True,False,22,22,0,0,0,0.0,0.0,0.0,0.0,0.0
1739,1162,455,281,313,True,False,22,22,0,0,0,0.0,0.0,0.0,0.0,0.0
1739,1163,455,281,387,True,False,22,22,0,0,0,0.0,0.0,0.0,0.0,0.0
1740,1252,455,313,6,True,False,33,33,0,0,0,0.0,0.0,0.0,0.0,0.0
1740,1253,455,313,13,True,True,33,33,25,70,5,0.0,1.0,2.121212121212121,0.7575757575757576,2.121212121212121
1740,1254,455,313,34,True,True,33,33,33,97,7,0.0,1.0,2.9393939393939394,1.0,2.9393939393939394
1740,1255,455,313,43,True,False,33,33,0,0,0,0.0,0.0,0.0,0.0,0.0
1740,1256,455,313,243,True,True,33,33,18,30,3,0.0,2.0,0.9090909090909091,0.5454545454545454,0.9090909090909091
1740,1257,455,313,256,True,False,33,33,0,0,0,0.0,0.0,0.0,0.0,0.0
1740,1258,455,313,281,True,False,33,33,0,0,0,0.0,0.0,0.0,0.0,0.0
1740,1259,455,313,353,True,False,33,33,0,0,0,0.0,0.0,0.0,0.0,0.0
1740,1260,455,313,361,True,True,33,33,7,9,2,0.0,1.0,0.2727272727272727,0.21212121212121213,0.2727272727272727
1740,1261,455,313,455,True,False,33,33,0,0,0,0.0,0.0,0.0,0.0,0.0
1740,1262,455,313,472,True,True,33,33,33,122,7,0.0,1.0,3.696969696969697,1.0,3.696969696969697
1741,1282,455,317,30,True,False,6,6,0,0,0,0.0,0.0,0.0,0.0,0.0
1741,1283,455,317,39,True,False,6,6,0,0,0,0.0,0.0,0.0,0.0,0.0
1741,1284,455,317,176,True,False,6,6,0,0,0,0.0,0.0,0.0,0.0,0.0
1741,1285,455,317,199,True,True,6,6,3,37,1,0.0,3.0,6.166666666666667,0.5,6.166666666666667
1741,1286,455,317,238,True,False,6,6,0,0,0,0.0,0.0,0.0,0.0,0.0
1741,1287,455,317,252,True,False,6,6,0,0,0,0.0,0.0,0.0,0.0,0.0
1741,1288,455,317,294,True,False,6,6,0,0,0,0.0,0.0,0.0,0.0,0.0
1741,1289,455,317,371,True,False,6,6,0,0,0,0.0,0.0,0.0,0.0,0.0
1741,1290,455,317,383,True,True,6,6,2,8,1,0.0,0.0,1.3333333333333333,0.3333333333333333,1.3333333333333333
1741,1291,455,317,387,True,False,6,6,0,0,0,0.0,0.0,0.0,0.0,0.0
1741,1292,455,317,404,True,False,6,6,0,0,0,0.0,0.0,0.0,0.0,0.0
1741,1293,455,317,455,True,False,6,6,0,0,0,0.0,0.0,0.0,0.0,0.0
1741,1294,455,317,462,True,True,6,6,1,15,1,2.0,5.0,2.5,0.16666666666666666,2.5
1741,1295,455,317,494,True,True,6,6,2,2,1,0.0,0.0,0.3333333333333333,0.3333333333333333,0.3333333333333333
1742,1505,455,383,21,True,False,59,59,0,0,0,0.0,0.0,0.0,0.0,0.0
1742,1506,455,383,39,True,False,59,59,0,0,0,0.0,0.0,0.0,0.0,0.0
1742,1507,455,383,61,True,False,59,59,0,0,0,0.0,0.0,0.0,0.0,0.0
1742,1508,455,383,129,True,True,59,59,5,30,1,4.0,7.0,0.5084745762711864,0.0847457627118644,0.5084745762711864
1742,1509,455,383,141,True,True,59,59,1,1,1,9.0,9.0,0.01694915254237288,0.01694915254237288,0.01694915254237288
1742,1510,455,383,169,True,True,59,59,7,92,2,0.0,3.0,1.5593220338983051,0.11864406779661017,1.5593220338983051
1742,1511,455,383,179,True,True,59,59,5,20,1,3.0,6.5,0.3389830508474576,0.0847457627118644,0.3389830508474576
1742,1512,455,383,186,True,False,59,59,0,0,0,0.0,0.0,0.0,0.0,0.0
1742,1513,455,383,273,True,False,59,59,0,0,0,0.0,0.0,0.0,0.0,0.0
1742,1514,455,383,281,True,False,59,59,0,0,0,0.0,0.0,0.0,0.0,0.0
1742,1515,455,383,313,True,False,59,59,0,0,0,0.0,0.0,0.0,0.0,0.0
1742,1516,455,383,317,True,False,59,59,0,0,0,0.0,0.0,0.0,0.0,0.0
1742,1517,455,383,335,True,False,59,59,0,0,0,0.0,0.0,0.0,0.0,0.0
1742,1518,455,383,433,True,False,59,59,0,0,0,0.0,0.0,0.0,0.0,0.0
1742,1519,455,383,455,True,True,59,59,15,210,1,0.0,3.0,3.559322033898305,0.2542372881355932,3.559322033898305
1742,1520,455,383,508,True,False,59,59,0,0,0,0.0,0.0,0.0,0.0,0.0
1743,1872,455,508,39,True,True,77,77,5,50,1,1.0,5.0,0.6493506493506493,0.06493506493506493,0.6493506493506493
1743,1873,455,508,84,True,False,77,77,0,0,0,0.0,0.0,0.0,0.0,0.0
1743,1874,455,508,115,True,False,77,77,0,0,0,0.0,0.0,0.0,0.0,0.0
1743,1875,455,508,117,True,True,77,77,49,336,7,0.0,1.0,4.363636363636363,0.6363636363636364,4.363636363636363
1743,1876,455,508,169,True,False,77,77,0,0,0,0.0,0.0,0.0,0.0,0.0
1743,1877,455,508,199,True,True,77,77,9,27,1,1.0,4.0,0.35064935064935066,0.11688311688311688,0.35064935064935066
1743,1878,455,508,238,True,True,77,77,9,36,1,0.0,4.0,0.4675324675324675,0.11688311688311688,0.4675324675324675
1743,1879,455,508,252,True,False,77,77,0,0,0,0.0,0.0,0.0,0.0,0.0
1743,1880,455,508,316,True,False,77,77,0,0,0,0.0,0.0,0.0,0.0,0.0
1743,1881,455,508,317,True,True,77,77,37,349,5,0.0,4.0,4.532467532467533,0.4805194805194805,4.532467532467533
1743,1882,455,508,335,True,False,77,77,0,0,0,0.0,0.0,0.0,0.0,0.0
1743,1883,455,508,433,True,False,77,77,0,0,0,0.0,0.0,0.0,0.0,0.0
1743,1884,455,508,455,True,True,77,77,4,4,1,0.0,0.0,0.05194805194805195,0.05194805194805195,0.05194805194805195
1743,1885,455,508,485,True,False,77,77,0,0,0,0.0,0.0,0.0,0.0,0.0
1743,1886,455,508,494,True,False,77,77,0,0,0,0.0,0.0,0.0,0.0,0.0
1744,108,462,16,26,True,True,178,178,168,1764,9,0.0,4.0,9.910112359550562,0.9438202247191011,9.910112359550562
1744,109,462,16,46,True,True,178,178,121,285,8,0.0,4.0,1.601123595505618,0.6797752808988764,1.601123595505618
1744,110,462,16,238,True,False,178,178,0,0,0,0.0,0.0,0.0,0.0,0.0
1744,111,462,16,324,True,True,178,178,6,6,1,0.0,0.0,0.033707865168539325,0.033707865168539325,0.033707865168539325
1744,112,462,16,328,True,False,178,178,0,0,0,0.0,0.0,0.0,0.0,0.0
1744,113,462,16,382,True,False,178,178,0,0,0,0.0,0.0,0.0,0.0,0.0
1744,114,462,16,430,True,True,178,178,3,7,1,8.0,9.0,0.03932584269662921,0.016853932584269662,0.03932584269662921
1744,115,462,16,462,True,True,178,178,15,43,3,0.0,0.0,0.24157303370786518,0.08426966292134831,0.24157303370786518
1744,116,462,16,487,True,True,178,178,44,221,3,0.0,6.0,1.2415730337078652,0.24719101123595505,1.2415730337078652
1745,161,462,26,16,True,False,239,239,0,0,0,0.0,0.0,0.0,0.0,0.0
1745,162,462,26,46,True,True,239,239,191,1716,19,0.0,1.0,7.179916317991632,0.799163179916318,7.179916317991632
1745,163,462,26,109,True,True,239,239,4,4,2,0.0,0.0,0.016736401673640166,0.016736401673640166,0.016736401673640166
1745,164,462,26,213,True,True,239,239,1,9,1,0.0,1.0,0.03765690376569038,0.0041841004184100415,0.03765690376569038
1745,165,462,26,266,True,False,239,239,0,0,0,0.0,0.0,0.0,0.0,0.0
1745,166,462,26,378,True,False,239,239,0,0,0,0.0,0.0,0.0,0.0,0.0
1745,167,462,26,382,True,False,239,239,0,0,0,0.0,0.0,0.0,0.0,0.0
1745,168,462,26,430,True,True,239,239,73,404,7,0.0,0.0,1.6903765690376569,0.3054393305439331,1.6903765690376569
1745,169,462,26,462,True,False,239,239,0,0,0,0.0,0.0,0.0,0.0,0.0
1745,170,462,26,487,True,False,239,239,0,0,0,0.0,0.0,0.0,0.0,0.0
1745,171,462,26,497,True,False,239,239,0,0,0,0.0,0.0,0.0,0.0,0.0
1746,183,462,30,176,True,False,141,141,0,0,0,0.0,0.0,0.0,0.0,0.0
1746,184,462,30,199,True,True,141,141,14,70,1,1.0,5.0,0.49645390070921985,0.09929078014184398,0.49645390070921985
1746,185,462,30,238,True,True,141,141,59,585,4,0.0,3.0,4.148936170212766,0.41843971631205673,4.148936170212766
1746,186,462,30,252,True,True,141,141,15,61,1,4.0,8.0,0.4326241134751773,0.10638297872340426,0.4326241134751773
1746,187,462,30,290,True,False,141,141,0,0,0,0.0,0.0,0.0,0.0,0.0
1746,188,462,30,317,True,True,141,141,34,177,4,2.0,8.0,1.2553191489361701,0.24113475177304963,1.2553191489361701
1746,189,462,30,383,True,False,141,141,0,0,0,0.0,0.0,0.0,0.0,0.0
1746,190,462,30,404,True,True,141,141,88,783,5,0.0,5.0,5.553191489361702,0.624113475177305,5.553191489361702
1746,191,462,30,474,True,False,141,141,0,0,0,0.0,0.0,0.0,0.0,0.0
1746,192,462,30,494,True,False,141,141,0,0,0,0.0,0.0,0.0,0.0,0.0
1747,261,462,46,3,True,True,37,37,12,96,2,0.0,4.0,2.5945945945945947,0.32432432432432434,2.5945945945945947
1747,262,462,46,26,True,True,37,37,6,31,2,0.0,1.0,0.8378378378378378,0.16216216216216217,0.8378378378378378
1747,263,462,46,57,True,False,37,37,0,0,0,0.0,0.0,0.0,0.0,0.0
1747,264,462,46,238,True,False,37,37,0,0,0,0.0,0.0,0.0,0.0,0.0
1747,265,462,46,317,True,False,37,37,0,0,0,0.0,0.0,0.0,0.0,0.0
1747,266,462,46,371,True,True,37,37,3,8,1,0.0,1.0,0.21621621621621623,0.08108108108108109,0.21621621621621623
1747,267,462,46,406,True,True,37,37,28,294,7,1.0,5.0,7.945945945945946,0.7567567567567568,7.945945945945946
1748,404,462,109,30,True,False,13,13,0,0,0,0.0,0.0,0.0,0.0,0.0
1748,405,462,109,140,True,False,13,13,0,0,0,0.0,0.0,0.0,0.0,0.0
1748,406,462,109,146,True,False,13,13,0,0,0,0.0,0.0,0.0,0.0,0.0
1748,407,462,109,163,True,False,13,13,0,0,0,0.0,0.0,0.0,0.0,0.0
1748,408,462,109,205,True,False,13,13,0,0,0,0.0,0.0,0.0,0.0,0.0
1748,409,462,109,259,True,False,13,13,0,0,0,0.0,0.0,0.0,0.0,0.0
1748,410,462,109,328,True,False,13,13,0,0,0,0.0,0.0,0.0,0.0,0.0
1748,411,462,109,371,True,False,13,13,0,0,0,0.0,0.0,0.0,0.0,0.0
1748,412,462,109,404,True,False,13,13,0,0,0,0.0,0.0,0.0,0.0,0.0
1748,413,462,109,405,True,False,13,13,0,0,0,0.0,0.0,0.0,0.0,0.0
1748,414,462,109,430,True,False,13,13,0,0,0,0.0,0.0,0.0,0.0,0.0
1748,415,462,109,487,True,False,13,13,0,0,0,0.0,0.0,0.0,0.0,0.0
1748,416,462,109,494,True,False,13,13,0,0,0,0.0,0.0,0.0,0.0,0.0
1749,1091,462,266,26,True,True,92,92,47,253,2,0.0,1.0,2.75,0.5108695652173914,2.75
1749,1092,462,266,30,True,True,92,92,6,34,3,0.0,0.0,0.3695652173913043,0.06521739130434782,0.3695652173913043
1749,1093,462,266,176,True,False,92,92,0,0,0,0.0,0.0,0.0,0.0,0.0
1749,1094,462,266,252,True,False,92,92,0,0,0,0.0,0.0,0.0,0.0,0.0
1749,1095,462,266,328,True,False,92,92,0,0,0,0.0,0.0,0.0,0.0,0.0
1749,1096,462,266,430,True,True,92,92,86,624,5,0.0,2.0,6.782608695652174,0.9347826086956522,6.782608695652174
1749,1097,462,266,462,True,True,92,92,12,21,3,0.0,0.0,0.22826086956521738,0.13043478260869565,0.22826086956521738
1749,1098,462,266,487,True,True,92,92,12,52,1,0.0,1.0,0.5652173913043478,0.13043478260869565,0.5652173913043478
1750,1323,462,324,16,True,True,24,24,4,20,1,0.0,0.0,0.8333333333333334,0.16666666666666666,0.8333333333333334
1750,1324,462,324,26,True,True,24,24,11,11,1,0.0,1.0,0.4583333333333333,0.4583333333333333,0.4583333333333333
1750,1325,462,324,112,True,False,24,24,0,0,0,0.0,0.0,0.0,0.0,0.0
1750,1326,462,324,213,True,False,24,24,0,0,0,0.0,0.0,0.0,0.0,0.0
1750,1327,462,324,378,True,False,24,24,0,0,0,0.0,0.0,0.0,0.0,0.0
1750,1328,462,324,382,True,False,24,24,0,0,0,0.0,0.0,0.0,0.0,0.0
1750,1329,462,324,497,True,True,24,24,20,176,2,0.0,1.0,7.333333333333333,0.8333333333333334,7.333333333333333
1751,1471,462,378,26,True,True,112,112,110,1047,6,0.0,3.0,9.348214285714286,0.9821428571428571,9.348214285714286
1751,1472,462,378,46,True,True,112,112,110,344,6,0.0,4.0,3.0714285714285716,0.9821428571428571,3.0714285714285716
1751,1473,462,378,112,True,False,112,112,0,0,0,0.0,0.0,0.0,0.0,0.0
1751,1474,462,378,213,True,False,112,112,0,0,0,0.0,0.0,0.0,0.0,0.0
1751,1475,462,378,238,True,True,112,112,2,2,1,0.0,0.0,0.017857142857142856,0.017857142857142856,0.017857142857142856
1751,1476,462,378,294,True,False,112,112,0,0,0,0.0,0.0,0.0,0.0,0.0
1751,1477,462,378,324,True,False,112,112,0,0,0,0.0,0.0,0.0,0.0,0.0
1751,1478,462,378,382,True,True,112,112,2,8,1,0.0,0.0,0.07142857142857142,0.017857142857142856,0.07142857142857142
1751,1479,462,378,462,True,True,112,112,15,25,3,0.0,0.0,0.22321428571428573,0.13392857142857142,0.22321428571428573
1752,1673,462,430,3,True,True,42,42,42,258,7,0.0,2.0,6.142857142857143,1.0,6.142857142857143
1752,1674,462,430,26,True,False,42,42,0,0,0,0.0,0.0,0.0,0.0,0.0
1752,1675,462,430,46,True,True,42,42,14,73,3,0.0,1.0,1.7380952380952381,0.3333333333333333,1.7380952380952381
1752,1676,462,430,266,True,False,42,42,0,0,0,0.0,0.0,0.0,0.0,0.0
1752,1677,462,430,487,True,True,42,42,7,9,2,0.0,0.0,0.21428571428571427,0.16666666666666666,0.21428571428571427
1753,1819,462,487,3,True,True,6,6,1,1,1,1.0,1.0,0.16666666666666666,0.16666666666666666,0.16666666666666666
1753,1820,462,487,16,True,False,6,6,0,0,0,0.0,0.0,0.0,0.0,0.0
1753,1821,462,487,26,True,True,6,6,1,2,1,0.0,0.5,0.3333333333333333,0.16666666666666666,0.3333333333333333
1753,1822,462,487,46,True,True,6,6,1,7,1,0.0,1.0,1.1666666666666667,0.16666666666666666,1.1666666666666667
1753,1823,462,487,109,True,False,6,6,0,0,0,0.0,0.0,0.0,0.0,0.0
1753,1824,462,487,140,True,False,6,6,0,0,0,0.0,0.0,0.0,0.0,0.0
1753,1825,462,487,163,True,False,6,6,0,0,0,0.0,0.0,0.0,0.0,0.0
1753,1826,462,487,262,True,False,6,6,0,0,0,0.0,0.0,0.0,0.0,0.0
1753,1827,462,487,266,True,False,6,6,0,0,0,0.0,0.0,0.0,0.0,0.0
1753,1828,462,487,297,True,False,6,6,0,0,0,0.0,0.0,0.0,0.0,0.0
1753,1829,462,487,328,True,False,6,6,0,0,0,0.0,0.0,0.0,0.0,0.0
1753,1830,462,487,371,True,False,6,6,0,0,0,0.0,0.0,0.0,0.0,0.0
1753,1831,462,487,430,True,True,6,6,5,20,2,0.0,0.0,3.3333333333333335,0.8333333333333334,3.3333333333333335
1753,1832,462,487,462,True,False,6,6,0,0,0,0.0,0.0,0.0,0.0,0.0
1754,1862,462,497,26,True,True,162,162,157,1483,10,0.0,2.0,9.154320987654321,0.9691358024691358,9.154320987654321
1754,1863,462,497,46,True,True,162,162,133,368,9,0.0,3.0,2.271604938271605,0.8209876543209876,2.271604938271605
1754,1864,462,497,112,True,False,162,162,0,0,0,0.0,0.0,0.0,0.0,0.0
1754,1865,462,497,213,True,True,162,162,28,119,2,0.0,3.0,0.7345679012345679,0.1728395061728395,0.7345679012345679
1754,1866,462,497,324,True,False,162,162,0,0,0,0.0,0.0,0.0,0.0,0.0
1754,1867,462,497,382,True,False,162,162,0,0,0,0.0,0.0,0.0,0.0,0.0
1754,1868,462,497,462,True,True,162,162,16,34,3,0.0,0.0,0.20987654320987653,0.09876543209876543,0.20987654320987653
1755,30,463,6,13,True,False,93,93,0,0,0,0.0,0.0,0.0,0.0,0.0
1755,31,463,6,21,True,False,93,93,0,0,0,0.0,0.0,0.0,0.0,0.0
1755,32,463,6,125,True,True,93,93,5,24,1,3.0,7.0,0.25806451612903225,0.053763440860215055,0.25806451612903225
1755,33,463,6,156,True,False,93,93,0,0,0,0.0,0.0,0.0,0.0,0.0
1755,34,463,6,179,True,False,93,93,0,0,0,0.0,0.0,0.0,0.0,0.0
1755,35,463,6,186,True,False,93,93,0,0,0,0.0,0.0,0.0,0.0,0.0
1755,36,463,6,243,True,True,93,93,8,10,3,0.0,0.0,0.10752688172043011,0.08602150537634409,0.10752688172043011
1755,37,463,6,245,True,False,93,93,0,0,0,0.0,0.0,0.0,0.0,0.0
1755,38,463,6,309,True,True,93,93,40,244,6,0.0,3.0,2.6236559139784945,0.43010752688172044,2.6236559139784945
1755,39,463,6,313,True,False,93,93,0,0,0,0.0,0.0,0.0,0.0,0.0
1755,40,463,6,319,True,False,93,93,0,0,0,0.0,0.0,0.0,0.0,0.0
1755,41,463,6,381,True,False,93,93,0,0,0,0.0,0.0,0.0,0.0,0.0
1756,281,463,58,13,True,False,59,59,0,0,0,0.0,0.0,0.0,0.0,0.0
1756,282,463,58,21,True,False,59,59,0,0,0,0.0,0.0,0.0,0.0,0.0
1756,283,463,58,84,True,True,59,59,3,3,1,8.0,9.0,0.05084745762711865,0.05084745762711865,0.05084745762711865
1756,284,463,58,129,True,False,59,59,0,0,0,0.0,0.0,0.0,0.0,0.0
1756,285,463,58,156,True,False,59,59,0,0,0,0.0,0.0,0.0,0.0,0.0
1756,286,463,58,179,True,False,59,59,0,0,0,0.0,0.0,0.0,0.0,0.0
1756,287,463,58,186,True,False,59,59,0,0,0,0.0,0.0,0.0,0.0,0.0
1756,288,463,58,243,True,True,59,59,2,2,1,0.0,0.0,0.03389830508474576,0.03389830508474576,0.03389830508474576
1756,289,463,58,245,True,False,59,59,0,0,0,0.0,0.0,0.0,0.0,0.0
1756,290,463,58,381,True,False,59,59,0,0,0,0.0,0.0,0.0,0.0,0.0
1756,291,463,58,389,True,False,59,59,0,0,0,0.0,0.0,0.0,0.0,0.0
1756,292,463,58,449,True,False,59,59,0,0,0,0.0,0.0,0.0,0.0,0.0
1757,446,463,117,10,True,True,4,4,1,6,1,3.0,4.5,1.5,0.25,1.5
1757,447,463,117,16,True,False,4,4,0,0,0,0.0,0.0,0.0,0.0,0.0
1757,448,463,117,80,True,False,4,4,0,0,0,0.0,0.0,0.0,0.0,0.0
1757,449,463,117,199,True,True,4,4,3,45,1,4.0,8.0,11.25,0.75,11.25
1757,450,463,117,238,True,True,4,4,1,9,1,1.0,3.0,2.25,0.25,2.25
1757,451,463,117,268,True,False,4,4,0,0,0,0.0,0.0,0.0,0.0,0.0
1757,452,463,117,281,True,False,4,4,0,0,0,0.0,0.0,0.0,0.0,0.0
1757,453,463,117,294,True,False,4,4,0,0,0,0.0,0.0,0.0,0.0,0.0
1757,454,463,117,317,True,False,4,4,0,0,0,0.0,0.0,0.0,0.0,0.0
1757,455,463,117,324,True,False,4,4,0,0,0,0.0,0.0,0.0,0.0,0.0
1757,456,463,117,378,True,False,4,4,0,0,0,0.0,0.0,0.0,0.0,0.0
1757,457,463,117,383,True,False,4,4,0,0,0,0.0,0.0,0.0,0.0,0.0
1757,458,463,117,387,True,False,4,4,0,0,0,0.0,0.0,0.0,0.0,0.0
1757,459,463,117,455,True,False,4,4,0,0,0,0.0,0.0,0.0,0.0,0.0
1757,460,463,117,462,True,False,4,4,0,0,0,0.0,0.0,0.0,0.0,0.0
1757,461,463,117,494,True,False,4,4,0,0,0,0.0,0.0,0.0,0.0,0.0
1758,703,463,169,13,True,False,121,121,0,0,0,0.0,0.0,0.0,0.0,0.0
1758,704,463,169,21,True,False,121,121,0,0,0,0.0,0.0,0.0,0.0,0.0
1758,705,463,169,39,True,True,121,121,37,381,5,0.0,4.0,3.1487603305785123,0.30578512396694213,3.1487603305785123
1758,706,463,169,61,True,False,121,121,0,0,0,0.0,0.0,0.0,0.0,0.0
1758,707,463,169,129,True,False,121,121,0,0,0,0.0,0.0,0.0,0.0,0.0
1758,708,463,169,139,True,False,121,121,0,0,0,0.0,0.0,0.0,0.0,0.0
1758,709,463,169,141,True,False,121,121,0,0,0,0.0,0.0,0.0,0.0,0.0
1758,710,463,169,156,True,False,121,121,0,0,0,0.0,0.0,0.0,0.0,0.0
1758,711,463,169,179,True,False,121,121,0,0,0,0.0,0.0,0.0,0.0,0.0
1758,712,463,169,186,True,False,121,121,0,0,0,0.0,0.0,0.0,0.0,0.0
1758,713,463,169,199,True,True,121,121,21,192,4,0.0,1.0,1.5867768595041323,0.17355371900826447,1.5867768595041323
1758,714,463,169,248,True,False,121,121,0,0,0,0.0,0.0,0.0,0.0,0.0
1758,715,463,169,383,True,True,121,121,23,162,3,0.0,3.0,1.3388429752066116,0.19008264462809918,1.3388429752066116
1758,716,463,169,433,True,True,121,121,9,106,2,0.0,3.0,0.8760330578512396,0.0743801652892562,0.8760330578512396
1758,717,463,169,455,True,True,121,121,4,19,2,0.0,0.0,0.15702479338842976,0.03305785123966942,0.15702479338842976
1758,718,463,169,508,True,True,121,121,46,372,12,0.0,1.0,3.074380165289256,0.38016528925619836,3.074380165289256
1759,831,463,199,10,True,False,11,11,0,0,0,0.0,0.0,0.0,0.0,0.0
1759,832,463,199,39,True,True,11,11,1,5,1,2.0,4.0,0.45454545454545453,0.09090909090909091,0.45454545454545453
1759,833,463,199,77,True,False,11,11,0,0,0,0.0,0.0,0.0,0.0,0.0
1759,834,463,199,117,True,False,11,11,0,0,0,0.0,0.0,0.0,0.0,0.0
1759,835,463,199,170,True,False,11,11,0,0,0,0.0,0.0,0.0,0.0,0.0
1759,836,463,199,176,True,False,11,11,0,0,0,0.0,0.0,0.0,0.0,0.0
1759,837,463,199,238,True,False,11,11,0,0,0,0.0,0.0,0.0,0.0,0.0
1759,838,463,199,252,True,False,11,11,0,0,0,0.0,0.0,0.0,0.0,0.0
1759,839,463,199,317,True,False,11,11,0,0,0,0.0,0.0,0.0,0.0,0.0
1759,840,463,199,383,True,True,11,11,1,1,1,6.0,6.0,0.09090909090909091,0.09090909090909091,0.09090909090909091
1759,841,463,199,387,True,False,11,11,0,0,0,0.0,0.0,0.0,0.0,0.0
1759,842,463,199,402,True,False,11,11,0,0,0,0.0,0.0,0.0,0.0,0.0
1759,843,463,199,404,True,False,11,11,0,0,0,0.0,0.0,0.0,0.0,0.0
1759,844,463,199,462,True,False,11,11,0,0,0,0.0,0.0,0.0,0.0,0.0
1759,845,463,199,494,True,True,11,11,11,159,5,1.0,5.0,14.454545454545455,1.0,14.454545454545455
1760,878,463,217,6,True,False,10,10,0,0,0,0.0,0.0,0.0,0.0,0.0
1760,879,463,217,13,True,False,10,10,0,0,0,0.0,0.0,0.0,0.0,0.0
1760,880,463,217,21,True,False,10,10,0,0,0,0.0,0.0,0.0,0.0,0.0
1760,881,463,217,58,True,False,10,10,0,0,0,0.0,0.0,0.0,0.0,0.0
1760,882,463,217,129,True,False,10,10,0,0,0,0.0,0.0,0.0,0.0,0.0
1760,883,463,217,156,True,False,10,10,0,0,0,0.0,0.0,0.0,0.0,0.0
1760,884,463,217,179,True,False,10,10,0,0,0,0.0,0.0,0.0,0.0,0.0
1760,885,463,217,186,True,False,10,10,0,0,0,0.0,0.0,0.0,0.0,0.0
1760,886,463,217,243,True,True,10,10,2,2,1,0.0,0.0,0.2,0.2,0.2
1760,887,463,217,319,True,False,10,10,0,0,0,0.0,0.0,0.0,0.0,0.0
1760,888,463,217,385,True,False,10,10,0,0,0,0.0,0.0,0.0,0.0,0.0
1761,946,463,243,6,True,True,216,216,4,8,2,0.0,0.0,0.037037037037037035,0.018518518518518517,0.037037037037037035
1761,947,463,243,21,True,False,216,216,0,0,0,0.0,0.0,0.0,0.0,0.0
1761,948,463,243,84,True,True,216,216,9,27,1,1.0,4.0,0.125,0.041666666666666664,0.125
1761,949,463,243,85,True,True,216,216,10,25,2,1.0,5.0,0.11574074074074074,0.046296296296296294,0.11574074074074074
1761,950,463,243,115,True,True,216,216,14,136,2,0.0,5.0,0.6296296296296297,0.06481481481481481,0.6296296296296297
1761,951,463,243,125,True,True,216,216,9,126,1,1.0,6.0,0.5833333333333334,0.041666666666666664,0.5833333333333334
1761,952,463,243,129,True,False,216,216,0,0,0,0.0,0.0,0.0,0.0,0.0
1761,953,463,243,156,True,False,216,216,0,0,0,0.0,0.0,0.0,0.0,0.0
1761,954,463,243,179,True,False,216,216,0,0,0,0.0,0.0,0.0,0.0,0.0
1761,955,463,243,199,True,False,216,216,0,0,0,0.0,0.0,0.0,0.0,0.0
1761,956,463,243,217,True,True,216,216,46,333,5,0.0,6.0,1.5416666666666667,0.21296296296296297,1.5416666666666667
1761,957,463,243,319,True,False,216,216,0,0,0,0.0,0.0,0.0,0.0,0.0
1761,958,463,243,385,True,True,216,216,60,594,8,0.0,5.0,2.75,0.2777777777777778,2.75
1761,959,463,243,402,True,True,216,216,20,20,3,0.0,3.0,0.09259259259259259,0.09259259259259259,0.09259259259259259
1761,960,463,243,508,True,True,216,216,17,166,2,0.0,1.0,0.7685185185185185,0.0787037037037037,0.7685185185185185
1762,1075,463,262,13,True,False,27,27,0,0,0,0.0,0.0,0.0,0.0,0.0
1762,1076,463,262,85,True,False,27,27,0,0,0,0.0,0.0,0.0,0.0,0.0
1762,1077,463,262,129,True,False,27,27,0,0,0,0.0,0.0,0.0,0.0,0.0
1762,1078,463,262,179,True,False,27,27,0,0,0,0.0,0.0,0.0,0.0,0.0
1762,1079,463,262,247,True,True,27,27,5,75,1,2.0,7.0,2.7777777777777777,0.18518518518518517,2.7777777777777777
1762,1080,463,262,381,True,False,27,27,0,0,0,0.0,0.0,0.0,0.0,0.0
1762,1081,463,262,487,True,False,27,27,0,0,0,0.0,0.0,0.0,0.0,0.0
1763,1153,463,281,13,True,False,193,193,0,0,0,0.0,0.0,0.0,0.0,0.0
1763,1154,463,281,21,True,False,193,193,0,0,0,0.0,0.0,0.0,0.0,0.0
1763,1155,463,281,61,True,False,193,193,0,0,0,0.0,0.0,0.0,0.0,0.0
1763,1156,463,281,74,True,False,193,193,0,0,0,0.0,0.0,0.0,0.0,0.0
1763,1157,463,281,117,True,True,193,193,108,1179,16,0.0,3.0,6.108808290155441,0.5595854922279793,6.108808290155441
1763,1158,463,281,141,True,False,193,193,0,0,0,0.0,0.0,0.0,0.0,0.0
1763,1159,463,281,179,True,False,193,193,0,0,0,0.0,0.0,0.0,0.0,0.0
1763,1160,463,281,186,True,False,193,193,0,0,0,0.0,0.0,0.0,0.0,0.0
1763,1161,463,281,199,True,True,193,193,8,8,1,0.0,1.5,0.04145077720207254,0.04145077720207254,0.04145077720207254
1763,1162,463,281,313,True,False,193,193,0,0,0,0.0,0.0,0.0,0.0,0.0
1763,1163,463,281,387,True,True,193,193,9,44,1,0.0,3.0,0.22797927461139897,0.046632124352331605,0.22797927461139897
1764,1350,463,335,21,True,False,91,91,0,0,0,0.0,0.0,0.0,0.0,0.0
1764,1351,463,335,61,True,False,91,91,0,0,0,0.0,0.0,0.0,0.0,0.0
1764,1352,463,335,141,True,False,91,91,0,0,0,0.0,0.0,0.0,0.0,0.0
1764,1353,463,335,156,True,False,91,91,0,0,0,0.0,0.0,0.0,0.0,0.0
1764,1354,463,335,179,True,False,91,91,0,0,0,0.0,0.0,0.0,0.0,0.0
1764,1355,463,335,186,True,False,91,91,0,0,0,0.0,0.0,0.0,0.0,0.0
1764,1356,463,335,248,True,False,91,91,0,0,0,0.0,0.0,0.0,0.0,0.0
1764,1357,463,335,488,True,False,91,91,0,0,0,0.0,0.0,0.0,0.0,0.0
1764,1358,463,335,508,True,True,91,91,8,56,3,0.0,0.0,0.6153846153846154,0.08791208791208792,0.6153846153846154
1765,1421,463,361,6,True,False,18,18,0,0,0,0.0,0.0,0.0,0.0,0.0
1765,1422,463,361,13,True,False,18,18,0,0,0,0.0,0.0,0.0,0.0,0.0
1765,1423,463,361,21,True,False,18,18,0,0,0,0.0,0.0,0.0,0.0,0.0
1765,1424,463,361,58,True,False,18,18,0,0,0,0.0,0.0,0.0,0.0,0.0
1765,1425,463,361,74,True,False,18,18,0,0,0,0.0,0.0,0.0,0.0,0.0
1765,1426,463,361,129,True,False,18,18,0,0,0,0.0,0.0,0.0,0.0,0.0
1765,1427,463,361,156,True,False,18,18,0,0,0,0.0,0.0,0.0,0.0,0.0
1765,1428,463,361,179,True,False,18,18,0,0,0,0.0,0.0,0.0,0.0,0.0
1765,1429,463,361,186,True,False,18,18,0,0,0,0.0,0.0,0.0,0.0,0.0
1765,1430,463,361,217,True,False,18,18,0,0,0,0.0,0.0,0.0,0.0,0.0
1765,1431,463,361,243,True,True,18,18,2,3,1,0.0,0.0,0.16666666666666666,0.1111111111111111,0.16666666666666666
1765,1432,463,361,245,True,False,18,18,0,0,0,0.0,0.0,0.0,0.0,0.0
1765,1433,463,361,251,True,False,18,18,0,0,0,0.0,0.0,0.0,0.0,0.0
1765,1434,463,361,253,True,False,18,18,0,0,0,0.0,0.0,0.0,0.0,0.0
1765,1435,463,361,313,True,False,18,18,0,0,0,0.0,0.0,0.0,0.0,0.0
1765,1436,463,361,319,True,False,18,18,0,0,0,0.0,0.0,0.0,0.0,0.0
1765,1437,463,361,381,True,False,18,18,0,0,0,0.0,0.0,0.0,0.0,0.0
1765,1438,463,361,449,True,False,18,18,0,0,0,0.0,0.0,0.0,0.0,0.0
1766,1505,463,383,21,True,False,13,13,0,0,0,0.0,0.0,0.0,0.0,0.0
1766,1506,463,383,39,True,True,13,13,9,135,1,0.0,5.0,10.384615384615385,0.6923076923076923,10.384615384615385
1766,1507,463,383,61,True,False,13,13,0,0,0,0.0,0.0,0.0,0.0,0.0
1766,1508,463,383,129,True,False,13,13,0,0,0,0.0,0.0,0.0,0.0,0.0
1766,1509,463,383,141,True,False,13,13,0,0,0,0.0,0.0,0.0,0.0,0.0
1766,1510,463,383,169,True,True,13,13,1,2,1,0.0,0.0,0.15384615384615385,0.07692307692307693,0.15384615384615385
1766,1511,463,383,179,True,False,13,13,0,0,0,0.0,0.0,0.0,0.0,0.0
1766,1512,463,383,186,True,False,13,13,0,0,0,0.0,0.0,0.0,0.0,0.0
1766,1513,463,383,273,True,False,13,13,0,0,0,0.0,0.0,0.0,0.0,0.0
1766,1514,463,383,281,True,False,13,13,0,0,0,0.0,0.0,0.0,0.0,0.0
1766,1515,463,383,313,True,False,13,13,0,0,0,0.0,0.0,0.0,0.0,0.0
1766,1516,463,383,317,True,False,13,13,0,0,0,0.0,0.0,0.0,0.0,0.0
1766,1517,463,383,335,True,False,13,13,0,0,0,0.0,0.0,0.0,0.0,0.0
1766,1518,463,383,433,True,False,13,13,0,0,0,0.0,0.0,0.0,0.0,0.0
1766,1519,463,383,455,True,False,13,13,0,0,0,0.0,0.0,0.0,0.0,0.0
1766,1520,463,383,508,True,True,13,13,2,8,2,0.0,0.0,0.6153846153846154,0.15384615384615385,0.6153846153846154
1767,1687,463,433,13,True,False,90,90,0,0,0,0.0,0.0,0.0,0.0,0.0
1767,1688,463,433,21,True,False,90,90,0,0,0,0.0,0.0,0.0,0.0,0.0
1767,1689,463,433,39,True,True,90,90,2,4,1,6.0,6.0,0.044444444444444446,0.022222222222222223,0.044444444444444446
1767,1690,463,433,61,True,False,90,90,0,0,0,0.0,0.0,0.0,0.0,0.0
1767,1691,463,433,74,True,False,90,90,0,0,0,0.0,0.0,0.0,0.0,0.0
1767,1692,463,433,129,True,False,90,90,0,0,0,0.0,0.0,0.0,0.0,0.0
1767,1693,463,433,141,True,False,90,90,0,0,0,0.0,0.0,0.0,0.0,0.0
1767,1694,463,433,156,True,False,90,90,0,0,0,0.0,0.0,0.0,0.0,0.0
1767,1695,463,433,169,True,True,90,90,2,10,1,0.0,0.0,0.1111111111111111,0.022222222222222223,0.1111111111111111
1767,1696,463,433,179,True,False,90,90,0,0,0,0.0,0.0,0.0,0.0,0.0
1767,1697,463,433,186,True,False,90,90,0,0,0,0.0,0.0,0.0,0.0,0.0
1767,1698,463,433,199,True,False,90,90,0,0,0,0.0,0.0,0.0,0.0,0.0
1767,1699,463,433,245,True,False,90,90,0,0,0,0.0,0.0,0.0,0.0,0.0
1767,1700,463,433,248,True,False,90,90,0,0,0,0.0,0.0,0.0,0.0,0.0
1767,1701,463,433,381,True,False,90,90,0,0,0,0.0,0.0,0.0,0.0,0.0
1767,1702,463,433,508,True,True,90,90,40,313,8,0.0,1.0,3.477777777777778,0.4444444444444444,3.477777777777778
1768,1726,463,455,13,True,False,186,186,0,0,0,0.0,0.0,0.0,0.0,0.0
1768,1727,463,455,21,True,False,186,186,0,0,0,0.0,0.0,0.0,0.0,0.0
1768,1728,463,455,39,True,True,186,186,30,430,4,0.0,4.0,2.3118279569892475,0.16129032258064516,2.3118279569892475
1768,1729,463,455,61,True,False,186,186,0,0,0,0.0,0.0,0.0,0.0,0.0
1768,1730,463,455,74,True,False,186,186,0,0,0,0.0,0.0,0.0,0.0,0.0
1768,1731,463,455,117,True,True,186,186,65,648,10,0.0,5.0,3.4838709677419355,0.34946236559139787,3.4838709677419355
1768,1732,463,455,129,True,False,186,186,0,0,0,0.0,0.0,0.0,0.0,0.0
1768,1733,463,455,141,True,False,186,186,0,0,0,0.0,0.0,0.0,0.0,0.0
1768,1734,463,455,169,True,False,186,186,0,0,0,0.0,0.0,0.0,0.0,0.0
1768,1735,463,455,179,True,False,186,186,0,0,0,0.0,0.0,0.0,0.0,0.0
1768,1736,463,455,186,True,False,186,186,0,0,0,0.0,0.0,0.0,0.0,0.0
1768,1737,463,455,199,True,True,186,186,47,469,8,0.0,1.0,2.521505376344086,0.25268817204301075,2.521505376344086
1768,1738,463,455,248,True,False,186,186,0,0,0,0.0,0.0,0.0,0.0,0.0
1768,1739,463,455,281,True,True,186,186,6,28,2,0.0,0.0,0.15053763440860216,0.03225806451612903,0.15053763440860216
1768,1740,463,455,313,True,False,186,186,0,0,0,0.0,0.0,0.0,0.0,0.0
1768,1741,463,455,317,True,True,186,186,5,10,1,2.0,4.5,0.053763440860215055,0.026881720430107527,0.053763440860215055
1768,1742,463,455,383,True,True,186,186,35,307,5,0.0,4.0,1.6505376344086022,0.1881720430107527,1.6505376344086022
1768,1743,463,455,508,True,True,186,186,18,105,5,0.0,0.0,0.5645161290322581,0.0967741935483871,0.5645161290322581
1769,1872,463,508,39,True,True,115,115,27,187,8,0.0,4.0,1.626086956521739,0.23478260869565218,1.626086956521739
1769,1873,463,508,84,True,False,115,115,0,0,0,0.0,0.0,0.0,0.0,0.0
1769,1874,463,508,115,True,True,115,115,1,6,1,1.0,2.5,0.05217391304347826,0.008695652173913044,0.05217391304347826
1769,1875,463,508,117,True,True,115,115,6,57,2,0.0,3.0,0.4956521739130435,0.05217391304347826,0.4956521739130435
1769,1876,463,508,169,True,True,115,115,3,3,2,0.0,5.0,0.02608695652173913,0.02608695652173913,0.02608695652173913
1769,1877,463,508,199,True,True,115,115,17,113,5,0.0,5.0,0.9826086956521739,0.14782608695652175,0.9826086956521739
1769,1878,463,508,238,True,True,115,115,5,20,1,2.0,5.0,0.17391304347826086,0.043478260869565216,0.17391304347826086
1769,1879,463,508,252,True,True,115,115,11,37,2,1.0,7.0,0.3217391304347826,0.09565217391304348,0.3217391304347826
1769,1880,463,508,316,True,False,115,115,0,0,0,0.0,0.0,0.0,0.0,0.0
1769,1881,463,508,317,True,True,115,115,37,318,8,0.0,5.0,2.765217391304348,0.3217391304347826,2.765217391304348
1769,1882,463,508,335,True,True,115,115,6,54,2,1.0,5.0,0.46956521739130436,0.05217391304347826,0.46956521739130436
1769,1883,463,508,433,True,True,115,115,7,26,1,0.0,1.0,0.22608695652173913,0.06086956521739131,0.22608695652173913
1769,1884,463,508,455,True,False,115,115,0,0,0,0.0,0.0,0.0,0.0,0.0
1769,1885,463,508,485,True,True,115,115,9,9,1,3.0,5.0,0.0782608695652174,0.0782608695652174,0.0782608695652174
1769,1886,463,508,494,True,True,115,115,16,105,3,2.0,6.0,0.9130434782608695,0.1391304347826087,0.9130434782608695
1770,30,472,6,13,True,False,86,86,0,0,0,0.0,0.0,0.0,0.0,0.0
1770,31,472,6,21,True,False,86,86,0,0,0,0.0,0.0,0.0,0.0,0.0
1770,32,472,6,125,True,True,86,86,10,87,2,0.0,5.0,1.0116279069767442,0.11627906976744186,1.0116279069767442
1770,33,472,6,156,True,False,86,86,0,0,0,0.0,0.0,0.0,0.0,0.0
1770,34,472,6,179,True,False,86,86,0,0,0,0.0,0.0,0.0,0.0,0.0
1770,35,472,6,186,True,False,86,86,0,0,0,0.0,0.0,0.0,0.0,0.0
1770,36,472,6,243,True,True,86,86,4,6,1,0.0,0.0,0.06976744186046512,0.046511627906976744,0.06976744186046512
1770,37,472,6,245,True,False,86,86,0,0,0,0.0,0.0,0.0,0.0,0.0
1770,38,472,6,309,True,True,86,86,28,200,5,2.0,7.0,2.3255813953488373,0.32558139534883723,2.3255813953488373
1770,39,472,6,313,True,False,86,86,0,0,0,0.0,0.0,0.0,0.0,0.0
1770,40,472,6,319,True,False,86,86,0,0,0,0.0,0.0,0.0,0.0,0.0
1770,41,472,6,381,True,False,86,86,0,0,0,0.0,0.0,0.0,0.0,0.0
1771,205,472,34,6,True,True,198,198,51,162,19,0.0,0.0,0.8181818181818182,0.25757575757575757,0.8181818181818182
1771,206,472,34,58,True,True,198,198,23,59,12,0.0,0.0,0.29797979797979796,0.11616161616161616,0.29797979797979796
1771,207,472,34,113,True,False,198,198,0,0,0,0.0,0.0,0.0,0.0,0.0
1771,208,472,34,217,True,True,198,198,6,14,4,0.0,0.0,0.0707070707070707,0.030303030303030304,0.0707070707070707
1771,209,472,34,243,True,True,198,198,76,312,36,0.0,0.0,1.5757575757575757,0.3838383838383838,1.5757575757575757
1771,210,472,34,251,True,False,198,198,0,0,0,0.0,0.0,0.0,0.0,0.0
1771,211,472,34,262,True,True,198,198,7,42,3,0.0,0.0,0.21212121212121213,0.03535353535353535,0.21212121212121213
1771,212,472,34,321,True,False,198,198,0,0,0,0.0,0.0,0.0,0.0,0.0
1771,213,472,34,361,True,True,198,198,8,26,4,0.0,0.0,0.13131313131313133,0.04040404040404041,0.13131313131313133
1771,214,472,34,481,True,False,198,198,0,0,0,0.0,0.0,0.0,0.0,0.0
1771,215,472,34,508,True,True,198,198,6,14,4,0.0,0.0,0.0707070707070707,0.030303030303030304,0.0707070707070707
1772,281,472,58,13,True,False,26,26,0,0,0,0.0,0.0,0.0,0.0,0.0
1772,282,472,58,21,True,False,26,26,0,0,0,0.0,0.0,0.0,0.0,0.0
1772,283,472,58,84,True,True,26,26,3,9,1,7.0,9.0,0.34615384615384615,0.11538461538461539,0.34615384615384615
1772,284,472,58,129,True,False,26,26,0,0,0,0.0,0.0,0.0,0.0,0.0
1772,285,472,58,156,True,False,26,26,0,0,0,0.0,0.0,0.0,0.0,0.0
1772,286,472,58,179,True,False,26,26,0,0,0,0.0,0.0,0.0,0.0,0.0
1772,287,472,58,186,True,False,26,26,0,0,0,0.0,0.0,0.0,0.0,0.0
1772,288,472,58,243,True,False,26,26,0,0,0,0.0,0.0,0.0,0.0,0.0
1772,289,472,58,245,True,False,26,26,0,0,0,0.0,0.0,0.0,0.0,0.0
1772,290,472,58,381,True,False,26,26,0,0,0,0.0,0.0,0.0,0.0,0.0
1772,291,472,58,389,True,False,26,26,0,0,0,0.0,0.0,0.0,0.0,0.0
1772,292,472,58,449,True,False,26,26,0,0,0,0.0,0.0,0.0,0.0,0.0
1773,878,472,217,6,True,False,5,5,0,0,0,0.0,0.0,0.0,0.0,0.0
1773,879,472,217,13,True,False,5,5,0,0,0,0.0,0.0,0.0,0.0,0.0
1773,880,472,217,21,True,False,5,5,0,0,0,0.0,0.0,0.0,0.0,0.0
1773,881,472,217,58,True,False,5,5,0,0,0,0.0,0.0,0.0,0.0,0.0
1773,882,472,217,129,True,False,5,5,0,0,0,0.0,0.0,0.0,0.0,0.0
1773,883,472,217,156,True,False,5,5,0,0,0,0.0,0.0,0.0,0.0,0.0
1773,884,472,217,179,True,False,5,5,0,0,0,0.0,0.0,0.0,0.0,0.0
1773,885,472,217,186,True,False,5,5,0,0,0,0.0,0.0,0.0,0.0,0.0
1773,886,472,217,243,True,True,5,5,4,27,3,0.0,4.0,5.4,0.8,5.4
1773,887,472,217,319,True,False,5,5,0,0,0,0.0,0.0,0.0,0.0,0.0
1773,888,472,217,385,True,False,5,5,0,0,0,0.0,0.0,0.0,0.0,0.0
1774,946,472,243,6,True,True,128,128,1,1,1,0.0,0.0,0.0078125,0.0078125,0.0078125
1774,947,472,243,21,True,False,128,128,0,0,0,0.0,0.0,0.0,0.0,0.0
1774,948,472,243,84,True,False,128,128,0,0,0,0.0,0.0,0.0,0.0,0.0
1774,949,472,243,85,True,False,128,128,0,0,0,0.0,0.0,0.0,0.0,0.0
1774,950,472,243,115,True,False,128,128,0,0,0,0.0,0.0,0.0,0.0,0.0
1774,951,472,243,125,True,True,128,128,3,44,1,0.0,3.0,0.34375,0.0234375,0.34375
1774,952,472,243,129,True,False,128,128,0,0,0,0.0,0.0,0.0,0.0,0.0
1774,953,472,243,156,True,False,128,128,0,0,0,0.0,0.0,0.0,0.0,0.0
1774,954,472,243,179,True,False,128,128,0,0,0,0.0,0.0,0.0,0.0,0.0
1774,955,472,243,199,True,True,128,128,3,6,1,8.0,9.0,0.046875,0.0234375,0.046875
1774,956,472,243,217,True,True,128,128,13,139,5,0.0,2.0,1.0859375,0.1015625,1.0859375
1774,957,472,243,319,True,False,128,128,0,0,0,0.0,0.0,0.0,0.0,0.0
1774,958,472,243,385,True,True,128,128,18,230,6,0.0,5.0,1.796875,0.140625,1.796875
1774,959,472,243,402,True,True,128,128,6,6,2,0.0,5.0,0.046875,0.046875,0.046875
1774,960,472,243,508,True,True,128,128,14,118,4,0.0,1.0,0.921875,0.109375,0.921875
1775,1027,472,256,22,True,False,35,35,0,0,0,0.0,0.0,0.0,0.0,0.0
1775,1028,472,256,117,True,True,35,35,4,10,1,0.0,0.0,0.2857142857142857,0.11428571428571428,0.2857142857142857
1775,1029,472,256,139,True,False,35,35,0,0,0,0.0,0.0,0.0,0.0,0.0
1775,1030,472,256,144,True,False,35,35,0,0,0,0.0,0.0,0.0,0.0,0.0
1775,1031,472,256,169,True,False,35,35,0,0,0,0.0,0.0,0.0,0.0,0.0
1775,1032,472,256,175,True,False,35,35,0,0,0,0.0,0.0,0.0,0.0,0.0
1775,1033,472,256,199,True,False,35,35,0,0,0,0.0,0.0,0.0,0.0,0.0
1775,1034,472,256,273,True,False,35,35,0,0,0,0.0,0.0,0.0,0.0,0.0
1775,1035,472,256,281,True,True,35,35,32,165,16,0.0,0.0,4.714285714285714,0.9142857142857143,4.714285714285714
1775,1036,472,256,433,True,True,35,35,1,4,1,0.0,0.0,0.11428571428571428,0.02857142857142857,0.11428571428571428
1775,1037,472,256,455,True,False,35,35,0,0,0,0.0,0.0,0.0,0.0,0.0
1775,1038,472,256,508,True,False,35,35,0,0,0,0.0,0.0,0.0,0.0,0.0
1776,1075,472,262,13,True,False,17,17,0,0,0,0.0,0.0,0.0,0.0,0.0
1776,1076,472,262,85,True,True,17,17,3,15,1,3.0,6.0,0.8823529411764706,0.17647058823529413,0.8823529411764706
1776,1077,472,262,129,True,False,17,17,0,0,0,0.0,0.0,0.0,0.0,0.0
1776,1078,472,262,179,True,False,17,17,0,0,0,0.0,0.0,0.0,0.0,0.0
1776,1079,472,262,247,True,False,17,17,0,0,0,0.0,0.0,0.0,0.0,0.0
1776,1080,472,262,381,True,False,17,17,0,0,0,0.0,0.0,0.0,0.0,0.0
1776,1081,472,262,487,True,False,17,17,0,0,0,0.0,0.0,0.0,0.0,0.0
1777,1153,472,281,13,True,False,56,56,0,0,0,0.0,0.0,0.0,0.0,0.0
1777,1154,472,281,21,True,False,56,56,0,0,0,0.0,0.0,0.0,0.0,0.0
1777,1155,472,281,61,True,False,56,56,0,0,0,0.0,0.0,0.0,0.0,0.0
1777,1156,472,281,74,True,False,56,56,0,0,0,0.0,0.0,0.0,0.0,0.0
1777,1157,472,281,117,True,True,56,56,30,319,8,0.0,6.0,5.696428571428571,0.5357142857142857,5.696428571428571
1777,1158,472,281,141,True,False,56,56,0,0,0,0.0,0.0,0.0,0.0,0.0
1777,1159,472,281,179,True,False,56,56,0,0,0,0.0,0.0,0.0,0.0,0.0
1777,1160,472,281,186,True,False,56,56,0,0,0,0.0,0.0,0.0,0.0,0.0
1777,1161,472,281,199,True,True,56,56,10,24,2,1.0,8.0,0.42857142857142855,0.17857142857142858,0.42857142857142855
1777,1162,472,281,313,True,False,56,56,0,0,0,0.0,0.0,0.0,0.0,0.0
1777,1163,472,281,387,True,True,56,56,5,27,2,2.0,7.0,0.48214285714285715,0.08928571428571429,0.48214285714285715
1778,1350,472,335,21,True,False,14,14,0,0,0,0.0,0.0,0.0,0.0,0.0
1778,1351,472,335,61,True,False,14,14,0,0,0,0.0,0.0,0.0,0.0,0.0
1778,1352,472,335,141,True,False,14,14,0,0,0,0.0,0.0,0.0,0.0,0.0
1778,1353,472,335,156,True,False,14,14,0,0,0,0.0,0.0,0.0,0.0,0.0
1778,1354,472,335,179,True,False,14,14,0,0,0,0.0,0.0,0.0,0.0,0.0
1778,1355,472,335,186,True,False,14,14,0,0,0,0.0,0.0,0.0,0.0,0.0
1778,1356,472,335,248,True,False,14,14,0,0,0,0.0,0.0,0.0,0.0,0.0
1778,1357,472,335,488,True,False,14,14,0,0,0,0.0,0.0,0.0,0.0,0.0
1778,1358,472,335,508,True,False,14,14,0,0,0,0.0,0.0,0.0,0.0,0.0
1779,1398,472,353,2,True,False,161,161,0,0,0,0.0,0.0,0.0,0.0,0.0
1779,1399,472,353,113,True,False,161,161,0,0,0,0.0,0.0,0.0,0.0,0.0
1779,1400,472,353,139,True,False,161,161,0,0,0,0.0,0.0,0.0,0.0,0.0
1779,1401,472,353,144,True,False,161,161,0,0,0,0.0,0.0,0.0,0.0,0.0
1779,1402,472,353,175,True,False,161,161,0,0,0,0.0,0.0,0.0,0.0,0.0
1779,1403,472,353,321,True,False,161,161,0,0,0,0.0,0.0,0.0,0.0,0.0
1779,1404,472,353,335,True,True,161,161,10,44,6,0.0,0.0,0.2732919254658385,0.062111801242236024,0.2732919254658385
1779,1405,472,353,455,True,True,161,161,1,2,1,0.0,0.0,0.012422360248447204,0.006211180124223602,0.012422360248447204
1779,1406,472,353,481,True,False,161,161,0,0,0,0.0,0.0,0.0,0.0,0.0
1779,1407,472,353,508,True,False,161,161,0,0,0,0.0,0.0,0.0,0.0,0.0
1780,1421,472,361,6,True,False,14,14,0,0,0,0.0,0.0,0.0,0.0,0.0
1780,1422,472,361,13,True,False,14,14,0,0,0,0.0,0.0,0.0,0.0,0.0
1780,1423,472,361,21,True,False,14,14,0,0,0,0.0,0.0,0.0,0.0,0.0
1780,1424,472,361,58,True,False,14,14,0,0,0,0.0,0.0,0.0,0.0,0.0
1780,1425,472,361,74,True,False,14,14,0,0,0,0.0,0.0,0.0,0.0,0.0
1780,1426,472,361,129,True,False,14,14,0,0,0,0.0,0.0,0.0,0.0,0.0
1780,1427,472,361,156,True,False,14,14,0,0,0,0.0,0.0,0.0,0.0,0.0
1780,1428,472,361,179,True,False,14,14,0,0,0,0.0,0.0,0.0,0.0,0.0
1780,1429,472,361,186,True,False,14,14,0,0,0,0.0,0.0,0.0,0.0,0.0
1780,1430,472,361,217,True,False,14,14,0,0,0,0.0,0.0,0.0,0.0,0.0
1780,1431,472,361,243,True,True,14,14,5,32,2,0.0,2.0,2.2857142857142856,0.35714285714285715,2.2857142857142856
1780,1432,472,361,245,True,False,14,14,0,0,0,0.0,0.0,0.0,0.0,0.0
1780,1433,472,361,251,True,False,14,14,0,0,0,0.0,0.0,0.0,0.0,0.0
1780,1434,472,361,253,True,False,14,14,0,0,0,0.0,0.0,0.0,0.0,0.0
1780,1435,472,361,313,True,False,14,14,0,0,0,0.0,0.0,0.0,0.0,0.0
1780,1436,472,361,319,True,False,14,14,0,0,0,0.0,0.0,0.0,0.0,0.0
1780,1437,472,361,381,True,False,14,14,0,0,0,0.0,0.0,0.0,0.0,0.0
1780,1438,472,361,449,True,False,14,14,0,0,0,0.0,0.0,0.0,0.0,0.0
1781,1687,472,433,13,True,False,5,5,0,0,0,0.0,0.0,0.0,0.0,0.0
1781,1688,472,433,21,True,False,5,5,0,0,0,0.0,0.0,0.0,0.0,0.0
1781,1689,472,433,39,True,False,5,5,0,0,0,0.0,0.0,0.0,0.0,0.0
1781,1690,472,433,61,True,False,5,5,0,0,0,0.0,0.0,0.0,0.0,0.0
1781,1691,472,433,74,True,False,5,5,0,0,0,0.0,0.0,0.0,0.0,0.0
1781,1692,472,433,129,True,False,5,5,0,0,0,0.0,0.0,0.0,0.0,0.0
1781,1693,472,433,141,True,False,5,5,0,0,0,0.0,0.0,0.0,0.0,0.0
1781,1694,472,433,156,True,False,5,5,0,0,0,0.0,0.0,0.0,0.0,0.0
1781,1695,472,433,169,True,False,5,5,0,0,0,0.0,0.0,0.0,0.0,0.0
1781,1696,472,433,179,True,False,5,5,0,0,0,0.0,0.0,0.0,0.0,0.0
1781,1697,472,433,186,True,False,5,5,0,0,0,0.0,0.0,0.0,0.0,0.0
1781,1698,472,433,199,True,False,5,5,0,0,0,0.0,0.0,0.0,0.0,0.0
1781,1699,472,433,245,True,False,5,5,0,0,0,0.0,0.0,0.0,0.0,0.0
1781,1700,472,433,248,True,False,5,5,0,0,0,0.0,0.0,0.0,0.0,0.0
1781,1701,472,433,381,True,False,5,5,0,0,0,0.0,0.0,0.0,0.0,0.0
1781,1702,472,433,508,True,False,5,5,0,0,0,0.0,0.0,0.0,0.0,0.0
1782,42,474,7,28,True,False,15,15,0,0,0,0.0,0.0,0.0,0.0,0.0
1782,43,474,7,77,True,False,15,15,0,0,0,0.0,0.0,0.0,0.0,0.0
1782,44,474,7,133,True,False,15,15,0,0,0,0.0,0.0,0.0,0.0,0.0
1782,45,474,7,143,True,False,15,15,0,0,0,0.0,0.0,0.0,0.0,0.0
1782,46,474,7,167,True,False,15,15,0,0,0,0.0,0.0,0.0,0.0,0.0
1782,47,474,7,196,True,False,15,15,0,0,0,0.0,0.0,0.0,0.0,0.0
1782,48,474,7,222,True,True,15,15,9,125,1,3.0,8.0,8.333333333333334,0.6,8.333333333333334
1782,49,474,7,290,True,False,15,15,0,0,0,0.0,0.0,0.0,0.0,0.0
1782,50,474,7,318,True,False,15,15,0,0,0,0.0,0.0,0.0,0.0,0.0
1782,51,474,7,347,True,True,15,15,4,60,1,3.0,7.0,4.0,0.26666666666666666,4.0
1782,52,474,7,474,True,False,15,15,0,0,0,0.0,0.0,0.0,0.0,0.0
1782,53,474,7,509,True,False,15,15,0,0,0,0.0,0.0,0.0,0.0,0.0
1783,216,474,37,7,True,False,8,8,0,0,0,0.0,0.0,0.0,0.0,0.0
1783,217,474,37,24,True,False,8,8,0,0,0,0.0,0.0,0.0,0.0,0.0
1783,218,474,37,84,True,False,8,8,0,0,0,0.0,0.0,0.0,0.0,0.0
1783,219,474,37,115,True,False,8,8,0,0,0,0.0,0.0,0.0,0.0,0.0
1783,220,474,37,143,True,False,8,8,0,0,0,0.0,0.0,0.0,0.0,0.0
1783,221,474,37,161,True,False,8,8,0,0,0,0.0,0.0,0.0,0.0,0.0
1783,222,474,37,217,True,False,8,8,0,0,0,0.0,0.0,0.0,0.0,0.0
1783,223,474,37,279,True,False,8,8,0,0,0,0.0,0.0,0.0,0.0,0.0
1783,224,474,37,290,True,False,8,8,0,0,0,0.0,0.0,0.0,0.0,0.0
1783,225,474,37,316,True,False,8,8,0,0,0,0.0,0.0,0.0,0.0,0.0
1783,226,474,37,347,True,False,8,8,0,0,0,0.0,0.0,0.0,0.0,0.0
1783,227,474,37,385,True,False,8,8,0,0,0,0.0,0.0,0.0,0.0,0.0
1783,228,474,37,402,True,False,8,8,0,0,0,0.0,0.0,0.0,0.0,0.0
1783,229,474,37,404,True,False,8,8,0,0,0,0.0,0.0,0.0,0.0,0.0
1783,230,474,37,432,True,False,8,8,0,0,0,0.0,0.0,0.0,0.0,0.0
1783,231,474,37,474,True,True,8,8,1,5,1,0.0,0.0,0.625,0.125,0.625
1784,232,474,39,117,True,False,7,7,0,0,0,0.0,0.0,0.0,0.0,0.0
1784,233,474,39,169,True,False,7,7,0,0,0,0.0,0.0,0.0,0.0,0.0
1784,234,474,39,176,True,False,7,7,0,0,0,0.0,0.0,0.0,0.0,0.0
1784,235,474,39,199,True,True,7,7,4,20,1,0.0,0.0,2.857142857142857,0.5714285714285714,2.857142857142857
1784,236,474,39,252,True,False,7,7,0,0,0,0.0,0.0,0.0,0.0,0.0
1784,237,474,39,294,True,False,7,7,0,0,0,0.0,0.0,0.0,0.0,0.0
1784,238,474,39,317,True,False,7,7,0,0,0,0.0,0.0,0.0,0.0,0.0
1784,239,474,39,371,True,False,7,7,0,0,0,0.0,0.0,0.0,0.0,0.0
1784,240,474,39,383,True,True,7,7,3,26,1,0.0,1.0,3.7142857142857144,0.42857142857142855,3.7142857142857144
1784,241,474,39,404,True,False,7,7,0,0,0,0.0,0.0,0.0,0.0,0.0
1784,242,474,39,455,True,False,7,7,0,0,0,0.0,0.0,0.0,0.0,0.0
1784,243,474,39,494,True,False,7,7,0,0,0,0.0,0.0,0.0,0.0,0.0
1784,244,474,39,508,True,False,7,7,0,0,0,0.0,0.0,0.0,0.0,0.0
1785,281,474,58,13,True,True,31,31,15,15,1,3.0,6.0,0.4838709677419355,0.4838709677419355,0.4838709677419355
1785,282,474,58,21,True,False,31,31,0,0,0,0.0,0.0,0.0,0.0,0.0
1785,283,474,58,84,True,False,31,31,0,0,0,0.0,0.0,0.0,0.0,0.0
1785,284,474,58,129,True,True,31,31,25,105,2,1.0,5.0,3.3870967741935485,0.8064516129032258,3.3870967741935485
1785,285,474,58,156,True,False,31,31,0,0,0,0.0,0.0,0.0,0.0,0.0
1785,286,474,58,179,True,True,31,31,10,30,1,0.0,3.0,0.967741935483871,0.3225806451612903,0.967741935483871
1785,287,474,58,186,True,False,31,31,0,0,0,0.0,0.0,0.0,0.0,0.0
1785,288,474,58,243,True,False,31,31,0,0,0,0.0,0.0,0.0,0.0,0.0
1785,289,474,58,245,True,False,31,31,0,0,0,0.0,0.0,0.0,0.0,0.0
1785,290,474,58,381,True,False,31,31,0,0,0,0.0,0.0,0.0,0.0,0.0
1785,291,474,58,389,True,True,31,31,6,52,1,0.0,1.0,1.6774193548387097,0.1935483870967742,1.6774193548387097
1785,292,474,58,449,True,False,31,31,0,0,0,0.0,0.0,0.0,0.0,0.0
1786,366,474,84,24,True,False,16,16,0,0,0,0.0,0.0,0.0,0.0,0.0
1786,367,474,84,58,True,False,16,16,0,0,0,0.0,0.0,0.0,0.0,0.0
1786,368,474,84,115,True,False,16,16,0,0,0,0.0,0.0,0.0,0.0,0.0
1786,369,474,84,316,True,False,16,16,0,0,0,0.0,0.0,0.0,0.0,0.0
1786,370,474,84,385,True,False,16,16,0,0,0,0.0,0.0,0.0,0.0,0.0
1786,371,474,84,389,True,False,16,16,0,0,0,0.0,0.0,0.0,0.0,0.0
1786,372,474,84,402,True,True,16,16,1,5,1,0.0,0.0,0.3125,0.0625,0.3125
1786,373,474,84,474,True,False,16,16,0,0,0,0.0,0.0,0.0,0.0,0.0
1787,384,474,88,23,True,False,75,75,0,0,0,0.0,0.0,0.0,0.0,0.0
1787,385,474,88,157,True,False,75,75,0,0,0,0.0,0.0,0.0,0.0,0.0
1787,386,474,88,161,True,False,75,75,0,0,0,0.0,0.0,0.0,0.0,0.0
1788,437,474,115,58,True,True,18,18,4,8,1,0.0,0.0,0.4444444444444444,0.2222222222222222,0.4444444444444444
1788,438,474,115,84,True,True,18,18,12,47,1,0.0,3.0,2.611111111111111,0.6666666666666666,2.611111111111111
1788,439,474,115,85,True,False,18,18,0,0,0,0.0,0.0,0.0,0.0,0.0
1788,440,474,115,217,True,False,18,18,0,0,0,0.0,0.0,0.0,0.0,0.0
1788,441,474,115,316,True,False,18,18,0,0,0,0.0,0.0,0.0,0.0,0.0
1788,442,474,115,375,True,False,18,18,0,0,0,0.0,0.0,0.0,0.0,0.0
1788,443,474,115,389,True,True,18,18,4,12,1,0.0,0.0,0.6666666666666666,0.2222222222222222,0.6666666666666666
1788,444,474,115,402,True,True,18,18,12,41,1,0.0,1.0,2.2777777777777777,0.6666666666666666,2.2777777777777777
1788,445,474,115,474,True,False,18,18,0,0,0,0.0,0.0,0.0,0.0,0.0
1789,474,474,125,6,True,False,54,54,0,0,0,0.0,0.0,0.0,0.0,0.0
1789,475,474,125,23,True,False,54,54,0,0,0,0.0,0.0,0.0,0.0,0.0
1789,476,474,125,217,True,False,54,54,0,0,0,0.0,0.0,0.0,0.0,0.0
1789,477,474,125,247,True,False,54,54,0,0,0,0.0,0.0,0.0,0.0,0.0
1789,478,474,125,296,True,True,54,54,15,74,1,0.0,4.0,1.3703703703703705,0.2777777777777778,1.3703703703703705
1789,479,474,125,309,True,False,54,54,0,0,0,0.0,0.0,0.0,0.0,0.0
1789,480,474,125,385,True,False,54,54,0,0,0,0.0,0.0,0.0,0.0,0.0
1789,481,474,125,402,True,False,54,54,0,0,0,0.0,0.0,0.0,0.0,0.0
1790,548,474,143,7,True,True,32,32,1,5,1,0.0,0.0,0.15625,0.03125,0.15625
1790,549,474,143,88,True,False,32,32,0,0,0,0.0,0.0,0.0,0.0,0.0
1790,550,474,143,133,True,False,32,32,0,0,0,0.0,0.0,0.0,0.0,0.0
1790,551,474,143,161,True,False,32,32,0,0,0,0.0,0.0,0.0,0.0,0.0
1790,552,474,143,163,True,False,32,32,0,0,0,0.0,0.0,0.0,0.0,0.0
1790,553,474,143,233,True,False,32,32,0,0,0,0.0,0.0,0.0,0.0,0.0
1790,554,474,143,279,True,False,32,32,0,0,0,0.0,0.0,0.0,0.0,0.0
1790,555,474,143,432,True,True,32,32,10,124,1,4.0,8.0,3.875,0.3125,3.875
1790,556,474,143,440,True,False,32,32,0,0,0,0.0,0.0,0.0,0.0,0.0
1790,557,474,143,474,True,False,32,32,0,0,0,0.0,0.0,0.0,0.0,0.0
1791,878,474,217,6,True,False,194,194,0,0,0,0.0,0.0,0.0,0.0,0.0
1791,879,474,217,13,True,True,194,194,28,28,3,4.0,6.5,0.14432989690721648,0.14432989690721648,0.14432989690721648
1791,880,474,217,21,True,False,194,194,0,0,0,0.0,0.0,0.0,0.0,0.0
1791,881,474,217,58,True,True,194,194,5,25,1,0.0,0.0,0.12886597938144329,0.02577319587628866,0.12886597938144329
1791,882,474,217,129,True,True,194,194,152,787,11,0.0,5.0,4.056701030927835,0.7835051546391752,4.056701030927835
1791,883,474,217,156,True,True,194,194,6,12,1,5.0,8.0,0.061855670103092786,0.030927835051546393,0.061855670103092786
1791,884,474,217,179,True,True,194,194,70,306,6,0.0,5.0,1.577319587628866,0.36082474226804123,1.577319587628866
1791,885,474,217,186,True,False,194,194,0,0,0,0.0,0.0,0.0,0.0,0.0
1791,886,474,217,243,True,True,194,194,2,2,1,0.0,0.0,0.010309278350515464,0.010309278350515464,0.010309278350515464
1791,887,474,217,319,True,True,194,194,35,147,3,2.0,6.0,0.7577319587628866,0.18041237113402062,0.7577319587628866
1791,888,474,217,385,True,False,194,194,0,0,0,0.0,0.0,0.0,0.0,0.0
1792,946,474,243,6,True,False,5,5,0,0,0,0.0,0.0,0.0,0.0,0.0
1792,947,474,243,21,True,True,5,5,3,12,1,5.0,7.0,2.4,0.6,2.4
1792,948,474,243,84,True,False,5,5,0,0,0,0.0,0.0,0.0,0.0,0.0
1792,949,474,243,85,True,False,5,5,0,0,0,0.0,0.0,0.0,0.0,0.0
1792,950,474,243,115,True,False,5,5,0,0,0,0.0,0.0,0.0,0.0,0.0
1792,951,474,243,125,True,False,5,5,0,0,0,0.0,0.0,0.0,0.0,0.0
1792,952,474,243,129,True,False,5,5,0,0,0,0.0,0.0,0.0,0.0,0.0
1792,953,474,243,156,True,True,5,5,3,3,1,8.0,9.0,0.6,0.6,0.6
1792,954,474,243,179,True,False,5,5,0,0,0,0.0,0.0,0.0,0.0,0.0
1792,955,474,243,199,True,False,5,5,0,0,0,0.0,0.0,0.0,0.0,0.0
1792,956,474,243,217,True,True,5,5,3,8,1,0.0,1.0,1.6,0.6,1.6
1792,957,474,243,319,True,True,5,5,3,15,1,6.0,8.0,3.0,0.6,3.0
1792,958,474,243,385,True,False,5,5,0,0,0,0.0,0.0,0.0,0.0,0.0
1792,959,474,243,402,True,True,5,5,2,2,1,0.0,0.0,0.4,0.4,0.4
1792,960,474,243,508,True,False,5,5,0,0,0,0.0,0.0,0.0,0.0,0.0
1793,1070,474,261,23,True,False,17,17,0,0,0,0.0,0.0,0.0,0.0,0.0
1793,1071,474,261,157,True,False,17,17,0,0,0,0.0,0.0,0.0,0.0,0.0
1793,1072,474,261,321,True,False,17,17,0,0,0,0.0,0.0,0.0,0.0,0.0
1793,1073,474,261,440,True,False,17,17,0,0,0,0.0,0.0,0.0,0.0,0.0
1793,1074,474,261,481,True,False,17,17,0,0,0,0.0,0.0,0.0,0.0,0.0
1794,1145,474,279,23,True,True,82,82,4,4,1,0.0,0.0,0.04878048780487805,0.04878048780487805,0.04878048780487805
1794,1146,474,279,143,True,False,82,82,0,0,0,0.0,0.0,0.0,0.0,0.0
1794,1147,474,279,157,True,False,82,82,0,0,0,0.0,0.0,0.0,0.0,0.0
1794,1148,474,279,161,True,False,82,82,0,0,0,0.0,0.0,0.0,0.0,0.0
1794,1149,474,279,208,True,False,82,82,0,0,0,0.0,0.0,0.0,0.0,0.0
1794,1150,474,279,440,True,False,82,82,0,0,0,0.0,0.0,0.0,0.0,0.0
1794,1151,474,279,474,True,True,82,82,17,151,1,0.0,2.0,1.8414634146341464,0.2073170731707317,1.8414634146341464
1794,1152,474,279,509,True,False,82,82,0,0,0,0.0,0.0,0.0,0.0,0.0
1795,1228,474,309,6,True,False,17,17,0,0,0,0.0,0.0,0.0,0.0,0.0
1795,1229,474,309,24,True,False,17,17,0,0,0,0.0,0.0,0.0,0.0,0.0
1795,1230,474,309,125,True,False,17,17,0,0,0,0.0,0.0,0.0,0.0,0.0
1795,1231,474,309,147,True,False,17,17,0,0,0,0.0,0.0,0.0,0.0,0.0
1795,1232,474,309,217,True,True,17,17,12,21,1,0.0,1.0,1.2352941176470589,0.7058823529411765,1.2352941176470589
1795,1233,474,309,224,True,False,17,17,0,0,0,0.0,0.0,0.0,0.0,0.0
1795,1234,474,309,227,True,False,17,17,0,0,0,0.0,0.0,0.0,0.0,0.0
1795,1235,474,309,316,True,True,17,17,5,25,1,0.0,0.0,1.4705882352941178,0.29411764705882354,1.4705882352941178
1795,1236,474,309,352,True,False,17,17,0,0,0,0.0,0.0,0.0,0.0,0.0
1795,1237,474,309,361,True,False,17,17,0,0,0,0.0,0.0,0.0,0.0,0.0
1795,1238,474,309,387,True,False,17,17,0,0,0,0.0,0.0,0.0,0.0,0.0
1795,1239,474,309,474,True,False,17,17,0,0,0,0.0,0.0,0.0,0.0,0.0
1796,1282,474,317,30,True,False,25,25,0,0,0,0.0,0.0,0.0,0.0,0.0
1796,1283,474,317,39,True,True,25,25,4,4,1,0.0,0.0,0.16,0.16,0.16
1796,1284,474,317,176,True,True,25,25,9,105,1,0.0,1.0,4.2,0.36,4.2
1796,1285,474,317,199,True,True,25,25,4,16,1,0.0,0.0,0.64,0.16,0.64
1796,1286,474,317,238,True,False,25,25,0,0,0,0.0,0.0,0.0,0.0,0.0
1796,1287,474,317,252,True,False,25,25,0,0,0,0.0,0.0,0.0,0.0,0.0
1796,1288,474,317,294,True,False,25,25,0,0,0,0.0,0.0,0.0,0.0,0.0
1796,1289,474,317,371,True,False,25,25,0,0,0,0.0,0.0,0.0,0.0,0.0
1796,1290,474,317,383,True,True,25,25,12,79,1,0.0,1.0,3.16,0.48,3.16
1796,1291,474,317,387,True,False,25,25,0,0,0,0.0,0.0,0.0,0.0,0.0
1796,1292,474,317,404,True,False,25,25,0,0,0,0.0,0.0,0.0,0.0,0.0
1796,1293,474,317,455,True,False,25,25,0,0,0,0.0,0.0,0.0,0.0,0.0
1796,1294,474,317,462,True,False,25,25,0,0,0,0.0,0.0,0.0,0.0,0.0
1796,1295,474,317,494,True,False,25,25,0,0,0,0.0,0.0,0.0,0.0,0.0
1797,1312,474,321,21,True,False,20,20,0,0,0,0.0,0.0,0.0,0.0,0.0
1797,1313,474,321,113,True,False,20,20,0,0,0,0.0,0.0,0.0,0.0,0.0
1797,1314,474,321,156,True,False,20,20,0,0,0,0.0,0.0,0.0,0.0,0.0
1797,1315,474,321,179,True,True,20,20,5,20,1,1.0,4.5,1.0,0.25,1.0
1797,1316,474,321,251,True,False,20,20,0,0,0,0.0,0.0,0.0,0.0,0.0
1797,1317,474,321,253,True,False,20,20,0,0,0,0.0,0.0,0.0,0.0,0.0
1797,1318,474,321,261,True,False,20,20,0,0,0,0.0,0.0,0.0,0.0,0.0
1797,1319,474,321,319,True,True,20,20,15,90,1,1.0,5.0,4.5,0.75,4.5
1797,1320,474,321,440,True,False,20,20,0,0,0,0.0,0.0,0.0,0.0,0.0
1797,1321,474,321,481,True,False,20,20,0,0,0,0.0,0.0,0.0,0.0,0.0
1797,1322,474,321,488,True,True,20,20,5,30,1,2.0,5.0,1.5,0.25,1.5
1798,1521,474,385,23,True,False,276,276,0,0,0,0.0,0.0,0.0,0.0,0.0
1798,1522,474,385,24,True,True,276,276,35,203,3,0.0,5.0,0.7355072463768116,0.12681159420289856,0.7355072463768116
1798,1523,474,385,84,True,True,276,276,12,94,1,0.0,2.0,0.34057971014492755,0.043478260869565216,0.34057971014492755
1798,1524,474,385,85,True,False,276,276,0,0,0,0.0,0.0,0.0,0.0,0.0
1798,1525,474,385,157,True,False,276,276,0,0,0,0.0,0.0,0.0,0.0,0.0
1798,1526,474,385,217,True,True,276,276,59,647,6,0.0,2.0,2.3442028985507246,0.213768115942029,2.3442028985507246
1798,1527,474,385,224,True,True,276,276,9,9,1,6.0,8.0,0.03260869565217391,0.03260869565217391,0.03260869565217391
1798,1528,474,385,243,True,False,276,276,0,0,0,0.0,0.0,0.0,0.0,0.0
1798,1529,474,385,296,True,True,276,276,125,1654,10,0.0,4.0,5.992753623188406,0.4528985507246377,5.992753623188406
1798,1530,474,385,316,True,False,276,276,0,0,0,0.0,0.0,0.0,0.0,0.0
1798,1531,474,385,389,True,False,276,276,0,0,0,0.0,0.0,0.0,0.0,0.0
1798,1532,474,385,402,True,True,276,276,54,369,4,0.0,1.0,1.3369565217391304,0.1956521739130435,1.3369565217391304
1798,1533,474,385,474,True,True,276,276,23,118,5,0.0,0.0,0.427536231884058,0.08333333333333333,0.427536231884058
1799,1543,474,389,23,True,False,84,84,0,0,0,0.0,0.0,0.0,0.0,0.0
1799,1544,474,389,58,True,True,84,84,26,314,2,0.0,2.0,3.738095238095238,0.30952380952380953,3.738095238095238
1799,1545,474,389,84,True,False,84,84,0,0,0,0.0,0.0,0.0,0.0,0.0
1799,1546,474,389,85,True,True,84,84,3,3,1,7.0,8.0,0.03571428571428571,0.03571428571428571,0.03571428571428571
1799,1547,474,389,115,True,True,84,84,5,5,1,0.0,0.0,0.05952380952380952,0.05952380952380952,0.05952380952380952
1799,1548,474,389,157,True,False,84,84,0,0,0,0.0,0.0,0.0,0.0,0.0
1799,1549,474,389,208,True,False,84,84,0,0,0,0.0,0.0,0.0,0.0,0.0
1799,1550,474,389,296,True,True,84,84,39,439,4,0.0,3.0,5.226190476190476,0.4642857142857143,5.226190476190476
1799,1551,474,389,385,True,True,84,84,5,25,1,0.0,0.0,0.2976190476190476,0.05952380952380952,0.2976190476190476
1799,1552,474,389,474,True,False,84,84,0,0,0,0.0,0.0,0.0,0.0,0.0
1800,1583,474,402,7,True,False,28,28,0,0,0,0.0,0.0,0.0,0.0,0.0
1800,1584,474,402,24,True,True,28,28,4,59,2,0.0,3.0,2.107142857142857,0.14285714285714285,2.107142857142857
1800,1585,474,402,77,True,True,28,28,21,310,2,0.0,4.0,11.071428571428571,0.75,11.071428571428571
1800,1586,474,402,84,True,False,28,28,0,0,0,0.0,0.0,0.0,0.0,0.0
1800,1587,474,402,98,True,False,28,28,0,0,0,0.0,0.0,0.0,0.0,0.0
1800,1588,474,402,115,True,False,28,28,0,0,0,0.0,0.0,0.0,0.0,0.0
1800,1589,474,402,147,True,False,28,28,0,0,0,0.0,0.0,0.0,0.0,0.0
1800,1590,474,402,217,True,False,28,28,0,0,0,0.0,0.0,0.0,0.0,0.0
1800,1591,474,402,247,True,False,28,28,0,0,0,0.0,0.0,0.0,0.0,0.0
1800,1592,474,402,309,True,False,28,28,0,0,0,0.0,0.0,0.0,0.0,0.0
1800,1593,474,402,316,True,False,28,28,0,0,0,0.0,0.0,0.0,0.0,0.0
1800,1594,474,402,352,True,False,28,28,0,0,0,0.0,0.0,0.0,0.0,0.0
1800,1595,474,402,375,True,False,28,28,0,0,0,0.0,0.0,0.0,0.0,0.0
1800,1596,474,402,385,True,False,28,28,0,0,0,0.0,0.0,0.0,0.0,0.0
1800,1597,474,402,474,True,False,28,28,0,0,0,0.0,0.0,0.0,0.0,0.0
1801,117,481,21,12,True,True,15,15,15,15,3,0.0,0.0,1.0,1.0,1.0
1801,118,481,21,31,True,False,15,15,0,0,0,0.0,0.0,0.0,0.0,0.0
1801,119,481,21,74,True,True,15,15,12,16,3,0.0,0.0,1.0666666666666667,0.8,1.0666666666666667
1801,120,481,21,121,True,False,15,15,0,0,0,0.0,0.0,0.0,0.0,0.0
1801,121,481,21,141,True,False,15,15,0,0,0,0.0,0.0,0.0,0.0,0.0
1801,122,481,21,156,True,False,15,15,0,0,0,0.0,0.0,0.0,0.0,0.0
1801,123,481,21,186,True,False,15,15,0,0,0,0.0,0.0,0.0,0.0,0.0
1801,124,481,21,248,True,False,15,15,0,0,0,0.0,0.0,0.0,0.0,0.0
1801,125,481,21,319,True,True,15,15,11,18,2,0.0,0.0,1.2,0.7333333333333333,1.2
1801,126,481,21,381,True,True,15,15,4,8,1,0.0,0.0,0.5333333333333333,0.26666666666666666,0.5333333333333333
1801,127,481,21,449,True,True,15,15,15,18,3,0.0,0.0,1.2,1.0,1.2
1801,128,481,21,463,True,False,15,15,0,0,0,0.0,0.0,0.0,0.0,0.0
1802,318,481,74,2,True,False,7,7,0,0,0,0.0,0.0,0.0,0.0,0.0
1802,319,481,74,6,True,True,7,7,3,3,1,0.0,1.0,0.42857142857142855,0.42857142857142855,0.42857142857142855
1802,320,481,74,12,True,True,7,7,7,12,5,0.0,0.0,1.7142857142857142,1.0,1.7142857142857142
1802,321,481,74,58,True,False,7,7,0,0,0,0.0,0.0,0.0,0.0,0.0
1802,322,481,74,121,True,False,7,7,0,0,0,0.0,0.0,0.0,0.0,0.0
1802,323,481,74,139,True,False,7,7,0,0,0,0.0,0.0,0.0,0.0,0.0
1802,324,481,74,169,True,False,7,7,0,0,0,0.0,0.0,0.0,0.0,0.0
1802,325,481,74,175,True,False,7,7,0,0,0,0.0,0.0,0.0,0.0,0.0
1802,326,481,74,243,True,False,7,7,0,0,0,0.0,0.0,0.0,0.0,0.0
1802,327,481,74,248,True,False,7,7,0,0,0,0.0,0.0,0.0,0.0,0.0
1802,328,481,74,281,True,False,7,7,0,0,0,0.0,0.0,0.0,0.0,0.0
1802,329,481,74,335,True,False,7,7,0,0,0,0.0,0.0,0.0,0.0,0.0
1802,330,481,74,361,True,False,7,7,0,0,0,0.0,0.0,0.0,0.0,0.0
1802,331,481,74,383,True,False,7,7,0,0,0,0.0,0.0,0.0,0.0,0.0
1802,332,481,74,433,True,False,7,7,0,0,0,0.0,0.0,0.0,0.0,0.0
1802,333,481,74,449,True,True,7,7,7,9,5,0.0,0.0,1.2857142857142858,1.0,1.2857142857142858
1802,334,481,74,455,True,False,7,7,0,0,0,0.0,0.0,0.0,0.0,0.0
1802,335,481,74,463,True,True,7,7,4,6,2,0.0,0.0,0.8571428571428571,0.5714285714285714,0.8571428571428571
1802,336,481,74,508,True,False,7,7,0,0,0,0.0,0.0,0.0,0.0,0.0
1803,425,481,113,7,True,True,76,76,5,15,1,0.0,3.0,0.19736842105263158,0.06578947368421052,0.19736842105263158
1803,426,481,113,133,True,False,76,76,0,0,0,0.0,0.0,0.0,0.0,0.0
1803,427,481,113,143,True,False,76,76,0,0,0,0.0,0.0,0.0,0.0,0.0
1803,428,481,113,157,True,False,76,76,0,0,0,0.0,0.0,0.0,0.0,0.0
1803,429,481,113,196,True,False,76,76,0,0,0,0.0,0.0,0.0,0.0,0.0
1803,430,481,113,279,True,False,76,76,0,0,0,0.0,0.0,0.0,0.0,0.0
1803,431,481,113,318,True,False,76,76,0,0,0,0.0,0.0,0.0,0.0,0.0
1803,432,481,113,440,True,True,76,76,13,52,2,0.0,3.0,0.6842105263157895,0.17105263157894737,0.6842105263157895
1803,433,481,113,509,True,True,76,76,10,27,2,0.0,3.0,0.35526315789473684,0.13157894736842105,0.35526315789473684
1804,780,481,179,13,True,False,22,22,0,0,0,0.0,0.0,0.0,0.0,0.0
1804,781,481,179,34,True,False,22,22,0,0,0,0.0,0.0,0.0,0.0,0.0
1804,782,481,179,43,True,False,22,22,0,0,0,0.0,0.0,0.0,0.0,0.0
1804,783,481,179,129,True,False,22,22,0,0,0,0.0,0.0,0.0,0.0,0.0
1804,784,481,179,245,True,False,22,22,0,0,0,0.0,0.0,0.0,0.0,0.0
1804,785,481,179,253,True,True,22,22,22,74,5,0.0,0.0,3.3636363636363638,1.0,3.3636363636363638
1804,786,481,179,256,True,False,22,22,0,0,0,0.0,0.0,0.0,0.0,0.0
1804,787,481,179,313,True,False,22,22,0,0,0,0.0,0.0,0.0,0.0,0.0
1804,788,481,179,353,True,True,22,22,3,3,1,0.0,0.0,0.13636363636363635,0.13636363636363635,0.13636363636363635
1804,789,481,179,472,True,False,22,22,0,0,0,0.0,0.0,0.0,0.0,0.0
1804,790,481,179,488,True,False,22,22,0,0,0,0.0,0.0,0.0,0.0,0.0
1805,1019,481,253,2,True,True,75,75,36,77,5,0.0,2.0,1.0266666666666666,0.48,1.0266666666666666
1805,1020,481,253,22,True,False,75,75,0,0,0,0.0,0.0,0.0,0.0,0.0
1805,1021,481,253,139,True,False,75,75,0,0,0,0.0,0.0,0.0,0.0,0.0
1805,1022,481,253,144,True,False,75,75,0,0,0,0.0,0.0,0.0,0.0,0.0
1805,1023,481,253,175,True,True,75,75,39,97,6,0.0,2.0,1.2933333333333332,0.52,1.2933333333333332
1805,1024,481,253,256,True,True,75,75,6,37,1,0.0,1.0,0.49333333333333335,0.08,0.49333333333333335
1805,1025,481,253,273,True,False,75,75,0,0,0,0.0,0.0,0.0,0.0,0.0
1805,1026,481,253,353,True,True,75,75,69,286,8,0.0,1.0,3.8133333333333335,0.92,3.8133333333333335
1806,1070,481,261,23,True,False,22,22,0,0,0,0.0,0.0,0.0,0.0,0.0
1806,1071,481,261,157,True,False,22,22,0,0,0,0.0,0.0,0.0,0.0,0.0
1806,1072,481,261,321,True,False,22,22,0,0,0,0.0,0.0,0.0,0.0,0.0
1806,1073,481,261,440,True,False,22,22,0,0,0,0.0,0.0,0.0,0.0,0.0
1806,1074,481,261,481,True,False,22,22,0,0,0,0.0,0.0,0.0,0.0,0.0
1807,1299,481,319,6,True,True,77,77,17,17,2,0.0,1.0,0.22077922077922077,0.22077922077922077,0.22077922077922077
1807,1300,481,319,12,True,True,77,77,73,267,10,0.0,1.0,3.4675324675324677,0.948051948051948,3.4675324675324677
1807,1301,481,319,74,True,True,77,77,35,69,7,0.0,0.0,0.8961038961038961,0.45454545454545453,0.8961038961038961
1807,1302,481,319,113,True,False,77,77,0,0,0,0.0,0.0,0.0,0.0,0.0
1807,1303,481,319,121,True,False,77,77,0,0,0,0.0,0.0,0.0,0.0,0.0
1807,1304,481,319,156,True,True,77,77,1,2,1,0.0,0.0,0.025974025974025976,0.012987012987012988,0.025974025974025976
1807,1305,481,319,243,True,False,77,77,0,0,0,0.0,0.0,0.0,0.0,0.0
1807,1306,481,319,251,True,False,77,77,0,0,0,0.0,0.0,0.0,0.0,0.0
1807,1307,481,319,321,True,False,77,77,0,0,0,0.0,0.0,0.0,0.0,0.0
1807,1308,481,319,361,True,False,77,77,0,0,0,0.0,0.0,0.0,0.0,0.0
1807,1309,481,319,449,True,True,77,77,73,177,10,0.0,0.0,2.2987012987012987,0.948051948051948,2.2987012987012987
1807,1310,481,319,463,True,True,77,77,8,12,2,0.0,0.5,0.15584415584415584,0.1038961038961039,0.15584415584415584
1807,1311,481,319,481,True,False,77,77,0,0,0,0.0,0.0,0.0,0.0,0.0
1808,54,485,8,22,True,True,20,20,5,18,2,0.0,4.0,0.9,0.25,0.9
1808,55,485,8,79,True,True,20,20,5,17,2,0.0,0.0,0.85,0.25,0.85
1808,56,485,8,80,True,False,20,20,0,0,0,0.0,0.0,0.0,0.0,0.0
1808,57,485,8,100,True,False,20,20,0,0,0,0.0,0.0,0.0,0.0,0.0
1808,58,485,8,126,True,False,20,20,0,0,0,0.0,0.0,0.0,0.0,0.0
1808,59,485,8,144,True,True,20,20,3,33,1,2.0,6.0,1.65,0.15,1.65
1808,60,485,8,149,True,False,20,20,0,0,0,0.0,0.0,0.0,0.0,0.0
1808,61,485,8,171,True,False,20,20,0,0,0,0.0,0.0,0.0,0.0,0.0
1808,62,485,8,184,True,False,20,20,0,0,0,0.0,0.0,0.0,0.0,0.0
1808,63,485,8,229,True,False,20,20,0,0,0,0.0,0.0,0.0,0.0,0.0
1808,64,485,8,230,True,True,20,20,14,113,2,0.0,1.0,5.65,0.7,5.65
1808,65,485,8,258,True,False,20,20,0,0,0,0.0,0.0,0.0,0.0,0.0
1808,66,485,8,311,True,False,20,20,0,0,0,0.0,0.0,0.0,0.0,0.0
1808,67,485,8,315,True,False,20,20,0,0,0,0.0,0.0,0.0,0.0,0.0
1808,68,485,8,390,True,False,20,20,0,0,0,0.0,0.0,0.0,0.0,0.0
1809,339,485,79,8,True,False,52,52,0,0,0,0.0,0.0,0.0,0.0,0.0
1809,340,485,79,22,True,True,52,52,2,8,1,0.0,0.0,0.15384615384615385,0.038461538461538464,0.15384615384615385
1809,341,485,79,100,True,True,52,52,7,27,1,0.0,7.0,0.5192307692307693,0.1346153846153846,0.5192307692307693
1809,342,485,79,149,True,True,52,52,8,24,2,0.0,2.0,0.46153846153846156,0.15384615384615385,0.46153846153846156
1809,343,485,79,164,True,False,52,52,0,0,0,0.0,0.0,0.0,0.0,0.0
1809,344,485,79,171,True,False,52,52,0,0,0,0.0,0.0,0.0,0.0,0.0
1809,345,485,79,184,True,False,52,52,0,0,0,0.0,0.0,0.0,0.0,0.0
1809,346,485,79,230,True,True,52,52,14,51,3,0.0,5.0,0.9807692307692307,0.2692307692307692,0.9807692307692307
1809,347,485,79,271,True,False,52,52,0,0,0,0.0,0.0,0.0,0.0,0.0
1809,348,485,79,288,True,False,52,52,0,0,0,0.0,0.0,0.0,0.0,0.0
1809,349,485,79,311,True,False,52,52,0,0,0,0.0,0.0,0.0,0.0,0.0
1809,350,485,79,390,True,False,52,52,0,0,0,0.0,0.0,0.0,0.0,0.0
1809,351,485,79,485,True,True,52,52,6,30,1,0.0,3.0,0.5769230769230769,0.11538461538461539,0.5769230769230769
1810,392,485,100,8,True,True,20,20,7,54,1,0.0,3.0,2.7,0.35,2.7
1810,393,485,100,50,True,True,20,20,10,150,1,3.0,8.0,7.5,0.5,7.5
1810,394,485,100,109,True,False,20,20,0,0,0,0.0,0.0,0.0,0.0,0.0
1810,395,485,100,146,True,False,20,20,0,0,0,0.0,0.0,0.0,0.0,0.0
1810,396,485,100,164,True,True,20,20,2,14,1,2.0,5.0,0.7,0.1,0.7
1810,397,485,100,171,True,False,20,20,0,0,0,0.0,0.0,0.0,0.0,0.0
1810,398,485,100,173,True,False,20,20,0,0,0,0.0,0.0,0.0,0.0,0.0
1810,399,485,100,180,True,False,20,20,0,0,0,0.0,0.0,0.0,0.0,0.0
1810,400,485,100,271,True,False,20,20,0,0,0,0.0,0.0,0.0,0.0,0.0
1810,401,485,100,315,True,True,20,20,1,3,1,0.0,0.0,0.15,0.05,0.15
1810,402,485,100,405,True,False,20,20,0,0,0,0.0,0.0,0.0,0.0,0.0
1810,403,485,100,410,True,False,20,20,0,0,0,0.0,0.0,0.0,0.0,0.0
1811,591,485,149,8,True,False,11,11,0,0,0,0.0,0.0,0.0,0.0,0.0
1811,592,485,149,42,True,False,11,11,0,0,0,0.0,0.0,0.0,0.0,0.0
1811,593,485,149,79,True,False,11,11,0,0,0,0.0,0.0,0.0,0.0,0.0
1811,594,485,149,80,True,False,11,11,0,0,0,0.0,0.0,0.0,0.0,0.0
1811,595,485,149,100,True,False,11,11,0,0,0,0.0,0.0,0.0,0.0,0.0
1811,596,485,149,151,True,False,11,11,0,0,0,0.0,0.0,0.0,0.0,0.0
1811,597,485,149,171,True,False,11,11,0,0,0,0.0,0.0,0.0,0.0,0.0
1811,598,485,149,184,True,False,11,11,0,0,0,0.0,0.0,0.0,0.0,0.0
1811,599,485,149,230,True,True,11,11,2,6,1,0.0,0.0,0.5454545454545454,0.18181818181818182,0.5454545454545454
1811,600,485,149,268,True,False,11,11,0,0,0,0.0,0.0,0.0,0.0,0.0
1811,601,485,149,311,True,False,11,11,0,0,0,0.0,0.0,0.0,0.0,0.0
1811,602,485,149,315,True,False,11,11,0,0,0,0.0,0.0,0.0,0.0,0.0
1811,603,485,149,390,True,False,11,11,0,0,0,0.0,0.0,0.0,0.0,0.0
1811,604,485,149,415,True,False,11,11,0,0,0,0.0,0.0,0.0,0.0,0.0
1812,605,485,151,8,True,True,39,39,9,11,2,0.0,0.0,0.28205128205128205,0.23076923076923078,0.28205128205128205
1812,606,485,151,10,True,False,39,39,0,0,0,0.0,0.0,0.0,0.0,0.0
1812,607,485,151,22,True,True,39,39,4,10,1,0.0,0.0,0.2564102564102564,0.10256410256410256,0.2564102564102564
1812,608,485,151,79,True,True,39,39,19,72,4,0.0,0.0,1.8461538461538463,0.48717948717948717,1.8461538461538463
1812,609,485,151,80,True,False,39,39,0,0,0,0.0,0.0,0.0,0.0,0.0
1812,610,485,151,117,True,False,39,39,0,0,0,0.0,0.0,0.0,0.0,0.0
1812,611,485,151,149,True,True,39,39,5,14,1,0.0,2.0,0.358974358974359,0.1282051282051282,0.358974358974359
1812,612,485,151,171,True,False,39,39,0,0,0,0.0,0.0,0.0,0.0,0.0
1812,613,485,151,184,True,False,39,39,0,0,0,0.0,0.0,0.0,0.0,0.0
1812,614,485,151,230,True,True,39,39,29,185,4,0.0,1.0,4.743589743589744,0.7435897435897436,4.743589743589744
1812,615,485,151,258,True,False,39,39,0,0,0,0.0,0.0,0.0,0.0,0.0
1812,616,485,151,268,True,False,39,39,0,0,0,0.0,0.0,0.0,0.0,0.0
1812,617,485,151,311,True,False,39,39,0,0,0,0.0,0.0,0.0,0.0,0.0
1812,618,485,151,390,True,False,39,39,0,0,0,0.0,0.0,0.0,0.0,0.0
1812,619,485,151,494,True,False,39,39,0,0,0,0.0,0.0,0.0,0.0,0.0
1813,656,485,161,28,True,False,29,29,0,0,0,0.0,0.0,0.0,0.0,0.0
1813,657,485,161,143,True,False,29,29,0,0,0,0.0,0.0,0.0,0.0,0.0
1813,658,485,161,157,True,False,29,29,0,0,0,0.0,0.0,0.0,0.0,0.0
1813,659,485,161,167,True,False,29,29,0,0,0,0.0,0.0,0.0,0.0,0.0
1813,660,485,161,369,True,False,29,29,0,0,0,0.0,0.0,0.0,0.0,0.0
1813,661,485,161,375,True,False,29,29,0,0,0,0.0,0.0,0.0,0.0,0.0
1813,662,485,161,398,True,False,29,29,0,0,0,0.0,0.0,0.0,0.0,0.0
1813,663,485,161,440,True,False,29,29,0,0,0,0.0,0.0,0.0,0.0,0.0
1813,664,485,161,485,True,True,29,29,19,55,3,0.0,0.0,1.896551724137931,0.6551724137931034,1.896551724137931
1814,688,485,167,7,True,False,24,24,0,0,0,0.0,0.0,0.0,0.0,0.0
1814,689,485,167,88,True,False,24,24,0,0,0,0.0,0.0,0.0,0.0,0.0
1814,690,485,167,133,True,False,24,24,0,0,0,0.0,0.0,0.0,0.0,0.0
1814,691,485,167,143,True,True,24,24,5,71,1,0.0,3.0,2.9583333333333335,0.20833333333333334,2.9583333333333335
1814,692,485,167,157,True,False,24,24,0,0,0,0.0,0.0,0.0,0.0,0.0
1814,693,485,167,161,True,False,24,24,0,0,0,0.0,0.0,0.0,0.0,0.0
1814,694,485,167,196,True,False,24,24,0,0,0,0.0,0.0,0.0,0.0,0.0
1814,695,485,167,261,True,False,24,24,0,0,0,0.0,0.0,0.0,0.0,0.0
1814,696,485,167,279,True,False,24,24,0,0,0,0.0,0.0,0.0,0.0,0.0
1814,697,485,167,290,True,False,24,24,0,0,0,0.0,0.0,0.0,0.0,0.0
1814,698,485,167,316,True,False,24,24,0,0,0,0.0,0.0,0.0,0.0,0.0
1814,699,485,167,432,True,True,24,24,4,20,1,0.0,0.0,0.8333333333333334,0.16666666666666666,0.8333333333333334
1814,700,485,167,440,True,False,24,24,0,0,0,0.0,0.0,0.0,0.0,0.0
1814,701,485,167,474,True,False,24,24,0,0,0,0.0,0.0,0.0,0.0,0.0
1814,702,485,167,509,True,False,24,24,0,0,0,0.0,0.0,0.0,0.0,0.0
1815,719,485,170,199,True,False,21,21,0,0,0,0.0,0.0,0.0,0.0,0.0
1815,720,485,170,238,True,False,21,21,0,0,0,0.0,0.0,0.0,0.0,0.0
1815,721,485,170,294,True,False,21,21,0,0,0,0.0,0.0,0.0,0.0,0.0
1816,912,485,230,4,True,False,196,196,0,0,0,0.0,0.0,0.0,0.0,0.0
1816,913,485,230,8,True,False,196,196,0,0,0,0.0,0.0,0.0,0.0,0.0
1816,914,485,230,22,True,True,196,196,25,198,5,0.0,3.0,1.010204081632653,0.12755102040816327,1.010204081632653
1816,915,485,230,50,True,True,196,196,30,302,2,2.0,8.0,1.5408163265306123,0.15306122448979592,1.5408163265306123
1816,916,485,230,79,True,True,196,196,6,6,2,0.0,0.0,0.030612244897959183,0.030612244897959183,0.030612244897959183
1816,917,485,230,80,True,False,196,196,0,0,0,0.0,0.0,0.0,0.0,0.0
1816,918,485,230,100,True,True,196,196,2,14,1,0.0,0.0,0.07142857142857142,0.01020408163265306,0.07142857142857142
1816,919,485,230,149,True,True,196,196,27,49,3,0.0,0.0,0.25,0.1377551020408163,0.25
1816,920,485,230,151,True,False,196,196,0,0,0,0.0,0.0,0.0,0.0,0.0
1816,921,485,230,171,True,True,196,196,12,36,1,3.0,6.0,0.1836734693877551,0.061224489795918366,0.1836734693877551
1816,922,485,230,184,True,True,196,196,3,26,1,0.0,2.0,0.1326530612244898,0.015306122448979591,0.1326530612244898
1816,923,485,230,288,True,True,196,196,41,484,4,0.0,6.0,2.4693877551020407,0.20918367346938777,2.4693877551020407
1816,924,485,230,311,True,False,196,196,0,0,0,0.0,0.0,0.0,0.0,0.0
1816,925,485,230,390,True,False,196,196,0,0,0,0.0,0.0,0.0,0.0,0.0
1816,926,485,230,485,True,True,196,196,14,44,2,0.0,0.0,0.22448979591836735,0.07142857142857142,0.22448979591836735
1817,1263,485,315,50,True,False,70,70,0,0,0,0.0,0.0,0.0,0.0,0.0
1817,1264,485,315,100,True,True,70,70,15,88,4,0.0,2.0,1.2571428571428571,0.21428571428571427,1.2571428571428571
1817,1265,485,315,184,True,False,70,70,0,0,0,0.0,0.0,0.0,0.0,0.0
1817,1266,485,315,229,True,False,70,70,0,0,0,0.0,0.0,0.0,0.0,0.0
1817,1267,485,315,230,True,True,70,70,5,15,1,0.0,0.0,0.21428571428571427,0.07142857142857142,0.21428571428571427
1817,1268,485,315,485,True,True,70,70,5,20,1,0.0,0.0,0.2857142857142857,0.07142857142857142,0.2857142857142857
1818,1618,485,405,10,True,False,88,88,0,0,0,0.0,0.0,0.0,0.0,0.0
1818,1619,485,405,80,True,False,88,88,0,0,0,0.0,0.0,0.0,0.0,0.0
1818,1620,485,405,100,True,True,88,88,7,12,2,0.0,0.5,0.13636363636363635,0.07954545454545454,0.13636363636363635
1818,1621,485,405,117,True,False,88,88,0,0,0,0.0,0.0,0.0,0.0,0.0
1818,1622,485,405,258,True,False,88,88,0,0,0,0.0,0.0,0.0,0.0,0.0
1818,1623,485,405,311,True,False,88,88,0,0,0,0.0,0.0,0.0,0.0,0.0
1818,1624,485,405,315,True,True,88,88,64,349,7,0.0,1.0,3.965909090909091,0.7272727272727273,3.965909090909091
1818,1625,485,405,390,True,False,88,88,0,0,0,0.0,0.0,0.0,0.0,0.0
1818,1626,485,405,404,True,False,88,88,0,0,0,0.0,0.0,0.0,0.0,0.0
1818,1627,485,405,485,True,True,88,88,6,12,1,0.0,0.5,0.13636363636363635,0.06818181818181818,0.13636363636363635
1819,25,487,3,57,True,False,23,23,0,0,0,0.0,0.0,0.0,0.0,0.0
1819,26,487,3,206,True,True,23,23,2,18,2,3.0,6.0,0.782608695652174,0.08695652173913043,0.782608695652174
1819,27,487,3,406,True,True,23,23,22,285,6,0.0,2.0,12.391304347826088,0.9565217391304348,12.391304347826088
1820,108,487,16,26,True,False,263,263,0,0,0,0.0,0.0,0.0,0.0,0.0
1820,109,487,16,46,True,True,263,263,8,40,1,0.0,1.0,0.1520912547528517,0.030418250950570342,0.1520912547528517
1820,110,487,16,238,True,True,263,263,14,134,3,2.0,6.0,0.5095057034220533,0.053231939163498096,0.5095057034220533
1820,111,487,16,324,True,False,263,263,0,0,0,0.0,0.0,0.0,0.0,0.0
1820,112,487,16,328,True,True,263,263,248,2949,17,0.0,3.0,11.212927756653992,0.9429657794676806,11.212927756653992
1820,113,487,16,382,True,False,263,263,0,0,0,0.0,0.0,0.0,0.0,0.0
1820,114,487,16,430,True,False,263,263,0,0,0,0.0,0.0,0.0,0.0,0.0
1820,115,487,16,462,True,False,263,263,0,0,0,0.0,0.0,0.0,0.0,0.0
1820,116,487,16,487,True,False,263,263,0,0,0,0.0,0.0,0.0,0.0,0.0
1821,161,487,26,16,True,True,104,104,57,590,4,0.0,1.0,5.673076923076923,0.5480769230769231,5.673076923076923
1821,162,487,26,46,True,True,104,104,4,24,1,0.0,0.0,0.23076923076923078,0.038461538461538464,0.23076923076923078
1821,163,487,26,109,True,False,104,104,0,0,0,0.0,0.0,0.0,0.0,0.0
1821,164,487,26,213,True,False,104,104,0,0,0,0.0,0.0,0.0,0.0,0.0
1821,165,487,26,266,True,True,104,104,31,208,3,0.0,1.0,2.0,0.2980769230769231,2.0
1821,166,487,26,378,True,False,104,104,0,0,0,0.0,0.0,0.0,0.0,0.0
1821,167,487,26,382,True,False,104,104,0,0,0,0.0,0.0,0.0,0.0,0.0
1821,168,487,26,430,True,True,104,104,5,9,1,0.0,0.0,0.08653846153846154,0.04807692307692308,0.08653846153846154
1821,169,487,26,462,True,True,104,104,32,164,4,0.0,1.0,1.5769230769230769,0.3076923076923077,1.5769230769230769
1821,170,487,26,487,True,True,104,104,8,14,2,0.0,0.0,0.1346153846153846,0.07692307692307693,0.1346153846153846
1821,171,487,26,497,True,False,104,104,0,0,0,0.0,0.0,0.0,0.0,0.0
1822,261,487,46,3,True,True,36,36,36,254,5,0.0,1.0,7.055555555555555,1.0,7.055555555555555
1822,262,487,46,26,True,False,36,36,0,0,0,0.0,0.0,0.0,0.0,0.0
1822,263,487,46,57,True,False,36,36,0,0,0,0.0,0.0,0.0,0.0,0.0
1822,264,487,46,238,True,False,36,36,0,0,0,0.0,0.0,0.0,0.0,0.0
1822,265,487,46,317,True,False,36,36,0,0,0,0.0,0.0,0.0,0.0,0.0
1822,266,487,46,371,True,False,36,36,0,0,0,0.0,0.0,0.0,0.0,0.0
1822,267,487,46,406,True,True,36,36,26,95,3,0.0,3.0,2.638888888888889,0.7222222222222222,2.638888888888889
1823,404,487,109,30,True,True,44,44,17,108,3,0.0,5.0,2.4545454545454546,0.38636363636363635,2.4545454545454546
1823,405,487,109,140,True,True,44,44,21,113,2,0.0,1.0,2.5681818181818183,0.4772727272727273,2.5681818181818183
1823,406,487,109,146,True,False,44,44,0,0,0,0.0,0.0,0.0,0.0,0.0
1823,407,487,109,163,True,True,44,44,4,5,2,0.0,0.0,0.11363636363636363,0.09090909090909091,0.11363636363636363
1823,408,487,109,205,True,True,44,44,3,9,1,0.0,0.0,0.20454545454545456,0.06818181818181818,0.20454545454545456
1823,409,487,109,259,True,False,44,44,0,0,0,0.0,0.0,0.0,0.0,0.0
1823,410,487,109,328,True,True,44,44,22,141,3,0.0,3.0,3.2045454545454546,0.5,3.2045454545454546
1823,411,487,109,371,True,False,44,44,0,0,0,0.0,0.0,0.0,0.0,0.0
1823,412,487,109,404,True,False,44,44,0,0,0,0.0,0.0,0.0,0.0,0.0
1823,413,487,109,405,True,False,44,44,0,0,0,0.0,0.0,0.0,0.0,0.0
1823,414,487,109,430,True,False,44,44,0,0,0,0.0,0.0,0.0,0.0,0.0
1823,415,487,109,487,True,False,44,44,0,0,0,0.0,0.0,0.0,0.0,0.0
1823,416,487,109,494,True,True,44,44,3,21,1,6.0,7.0,0.4772727272727273,0.06818181818181818,0.4772727272727273
1824,532,487,140,30,True,True,202,202,17,238,3,0.0,3.0,1.1782178217821782,0.08415841584158416,1.1782178217821782
1824,533,487,140,109,True,False,202,202,0,0,0,0.0,0.0,0.0,0.0,0.0
1824,534,487,140,328,True,True,202,202,179,2532,15,0.0,4.0,12.534653465346535,0.8861386138613861,12.534653465346535
1824,535,487,140,404,True,True,202,202,11,11,2,7.0,9.0,0.054455445544554455,0.054455445544554455,0.054455445544554455
1824,536,487,140,487,True,False,202,202,0,0,0,0.0,0.0,0.0,0.0,0.0
1825,665,487,163,259,True,True,25,25,4,6,2,0.0,0.0,0.24,0.16,0.24
1825,666,487,163,288,True,False,25,25,0,0,0,0.0,0.0,0.0,0.0,0.0
1825,667,487,163,371,True,False,25,25,0,0,0,0.0,0.0,0.0,0.0,0.0
1825,668,487,163,410,True,False,25,25,0,0,0,0.0,0.0,0.0,0.0,0.0
1826,1075,487,262,13,True,False,50,50,0,0,0,0.0,0.0,0.0,0.0,0.0
1826,1076,487,262,85,True,False,50,50,0,0,0,0.0,0.0,0.0,0.0,0.0
1826,1077,487,262,129,True,False,50,50,0,0,0,0.0,0.0,0.0,0.0,0.0
1826,1078,487,262,179,True,False,50,50,0,0,0,0.0,0.0,0.0,0.0,0.0
1826,1079,487,262,247,True,False,50,50,0,0,0,0.0,0.0,0.0,0.0,0.0
1826,1080,487,262,381,True,False,50,50,0,0,0,0.0,0.0,0.0,0.0,0.0
1826,1081,487,262,487,True,False,50,50,0,0,0,0.0,0.0,0.0,0.0,0.0
1827,1091,487,266,26,True,False,146,146,0,0,0,0.0,0.0,0.0,0.0,0.0
1827,1092,487,266,30,True,True,146,146,34,471,6,0.0,4.0,3.2260273972602738,0.2328767123287671,3.2260273972602738
1827,1093,487,266,176,True,False,146,146,0,0,0,0.0,0.0,0.0,0.0,0.0
1827,1094,487,266,252,True,False,146,146,0,0,0,0.0,0.0,0.0,0.0,0.0
1827,1095,487,266,328,True,True,146,146,112,1296,7,0.0,2.0,8.876712328767123,0.7671232876712328,8.876712328767123
1827,1096,487,266,430,True,False,146,146,0,0,0,0.0,0.0,0.0,0.0,0.0
1827,1097,487,266,462,True,True,146,146,3,11,2,0.0,0.0,0.07534246575342465,0.02054794520547945,0.07534246575342465
1827,1098,487,266,487,True,False,146,146,0,0,0,0.0,0.0,0.0,0.0,0.0
1828,1202,487,297,1,True,False,6,6,0,0,0,0.0,0.0,0.0,0.0,0.0
1828,1203,487,297,42,True,False,6,6,0,0,0,0.0,0.0,0.0,0.0,0.0
1828,1204,487,297,56,True,False,6,6,0,0,0,0.0,0.0,0.0,0.0,0.0
1828,1205,487,297,63,True,False,6,6,0,0,0,0.0,0.0,0.0,0.0,0.0
1828,1206,487,297,112,True,False,6,6,0,0,0,0.0,0.0,0.0,0.0,0.0
1828,1207,487,297,118,True,False,6,6,0,0,0,0.0,0.0,0.0,0.0,0.0
1828,1208,487,297,151,True,False,6,6,0,0,0,0.0,0.0,0.0,0.0,0.0
1828,1209,487,297,163,True,True,6,6,6,12,2,0.0,0.0,2.0,1.0,2.0
1828,1210,487,297,222,True,False,6,6,0,0,0,0.0,0.0,0.0,0.0,0.0
1828,1211,487,297,259,True,True,6,6,4,10,1,0.0,0.0,1.6666666666666667,0.6666666666666666,1.6666666666666667
1828,1212,487,297,271,True,False,6,6,0,0,0,0.0,0.0,0.0,0.0,0.0
1828,1213,487,297,371,True,False,6,6,0,0,0,0.0,0.0,0.0,0.0,0.0
1828,1214,487,297,382,True,False,6,6,0,0,0,0.0,0.0,0.0,0.0,0.0
1828,1215,487,297,410,True,False,6,6,0,0,0,0.0,0.0,0.0,0.0,0.0
1828,1216,487,297,414,True,False,6,6,0,0,0,0.0,0.0,0.0,0.0,0.0
1828,1217,487,297,497,True,False,6,6,0,0,0,0.0,0.0,0.0,0.0,0.0
1829,1331,487,328,30,True,False,9,9,0,0,0,0.0,0.0,0.0,0.0,0.0
1829,1332,487,328,39,True,False,9,9,0,0,0,0.0,0.0,0.0,0.0,0.0
1829,1333,487,328,109,True,False,9,9,0,0,0,0.0,0.0,0.0,0.0,0.0
1829,1334,487,328,140,True,False,9,9,0,0,0,0.0,0.0,0.0,0.0,0.0
1829,1335,487,328,170,True,False,9,9,0,0,0,0.0,0.0,0.0,0.0,0.0
1829,1336,487,328,199,True,False,9,9,0,0,0,0.0,0.0,0.0,0.0,0.0
1829,1337,487,328,238,True,False,9,9,0,0,0,0.0,0.0,0.0,0.0,0.0
1829,1338,487,328,252,True,False,9,9,0,0,0,0.0,0.0,0.0,0.0,0.0
1829,1339,487,328,404,True,True,9,9,3,40,3,2.0,6.0,4.444444444444445,0.3333333333333333,4.444444444444445
1829,1340,487,328,485,True,False,9,9,0,0,0,0.0,0.0,0.0,0.0,0.0
1829,1341,487,328,494,True,True,9,9,1,10,1,7.0,9.0,1.1111111111111112,0.1111111111111111,1.1111111111111112
1830,1454,487,371,39,True,False,7,7,0,0,0,0.0,0.0,0.0,0.0,0.0
1830,1455,487,371,126,True,False,7,7,0,0,0,0.0,0.0,0.0,0.0,0.0
1830,1456,487,371,146,True,False,7,7,0,0,0,0.0,0.0,0.0,0.0,0.0
1830,1457,487,371,163,True,False,7,7,0,0,0,0.0,0.0,0.0,0.0,0.0
1830,1458,487,371,247,True,False,7,7,0,0,0,0.0,0.0,0.0,0.0,0.0
1830,1459,487,371,252,True,False,7,7,0,0,0,0.0,0.0,0.0,0.0,0.0
1830,1460,487,371,259,True,True,7,7,4,8,1,0.0,0.0,1.1428571428571428,0.5714285714285714,1.1428571428571428
1830,1461,487,371,385,True,False,7,7,0,0,0,0.0,0.0,0.0,0.0,0.0
1831,1673,487,430,3,True,True,263,263,220,2547,12,0.0,2.0,9.684410646387832,0.8365019011406845,9.684410646387832
1831,1674,487,430,26,True,True,263,263,2,2,1,0.0,0.0,0.0076045627376425855,0.0076045627376425855,0.0076045627376425855
1831,1675,487,430,46,True,True,263,263,19,68,3,0.0,0.0,0.2585551330798479,0.07224334600760456,0.2585551330798479
1831,1676,487,430,266,True,True,263,263,32,245,5,0.0,0.0,0.9315589353612167,0.12167300380228137,0.9315589353612167
1831,1677,487,430,487,True,True,263,263,28,76,4,0.0,1.0,0.2889733840304182,0.10646387832699619,0.2889733840304182
1832,1744,487,462,16,True,False,26,26,0,0,0,0.0,0.0,0.0,0.0,0.0
1832,1745,487,462,26,True,False,26,26,0,0,0,0.0,0.0,0.0,0.0,0.0
1832,1746,487,462,30,True,True,26,26,26,376,4,0.0,3.0,14.461538461538462,1.0,14.461538461538462
1832,1747,487,462,46,True,False,26,26,0,0,0,0.0,0.0,0.0,0.0,0.0
1832,1748,487,462,109,True,False,26,26,0,0,0,0.0,0.0,0.0,0.0,0.0
1832,1749,487,462,266,True,True,26,26,3,3,1,0.0,0.0,0.11538461538461539,0.11538461538461539,0.11538461538461539
1832,1750,487,462,324,True,False,26,26,0,0,0,0.0,0.0,0.0,0.0,0.0
1832,1751,487,462,378,True,False,26,26,0,0,0,0.0,0.0,0.0,0.0,0.0
1832,1752,487,462,430,True,False,26,26,0,0,0,0.0,0.0,0.0,0.0,0.0
1832,1753,487,462,487,True,False,26,26,0,0,0,0.0,0.0,0.0,0.0,0.0
1832,1754,487,462,497,True,False,26,26,0,0,0,0.0,0.0,0.0,0.0,0.0
1833,13,488,2,21,True,False,5,5,0,0,0,0.0,0.0,0.0,0.0,0.0
1833,14,488,2,31,True,False,5,5,0,0,0,0.0,0.0,0.0,0.0,0.0
1833,15,488,2,43,True,False,5,5,0,0,0,0.0,0.0,0.0,0.0,0.0
1833,16,488,2,61,True,False,5,5,0,0,0,0.0,0.0,0.0,0.0,0.0
1833,17,488,2,74,True,False,5,5,0,0,0,0.0,0.0,0.0,0.0,0.0
1833,18,488,2,126,True,True,5,5,2,18,2,3.0,6.0,3.6,0.4,3.6
1833,19,488,2,144,True,False,5,5,0,0,0,0.0,0.0,0.0,0.0,0.0
1833,20,488,2,175,True,False,5,5,0,0,0,0.0,0.0,0.0,0.0,0.0
1833,21,488,2,179,True,False,5,5,0,0,0,0.0,0.0,0.0,0.0,0.0
1833,22,488,2,186,True,False,5,5,0,0,0,0.0,0.0,0.0,0.0,0.0
1833,23,488,2,313,True,False,5,5,0,0,0,0.0,0.0,0.0,0.0,0.0
1833,24,488,2,488,True,False,5,5,0,0,0,0.0,0.0,0.0,0.0,0.0
1834,93,488,13,6,True,False,76,76,0,0,0,0.0,0.0,0.0,0.0,0.0
1834,94,488,13,34,True,False,76,76,0,0,0,0.0,0.0,0.0,0.0,0.0
1834,95,488,13,58,True,False,76,76,0,0,0,0.0,0.0,0.0,0.0,0.0
1834,96,488,13,169,True,False,76,76,0,0,0,0.0,0.0,0.0,0.0,0.0
1834,97,488,13,243,True,False,76,76,0,0,0,0.0,0.0,0.0,0.0,0.0
1834,98,488,13,256,True,False,76,76,0,0,0,0.0,0.0,0.0,0.0,0.0
1834,99,488,13,262,True,False,76,76,0,0,0,0.0,0.0,0.0,0.0,0.0
1834,100,488,13,281,True,False,76,76,0,0,0,0.0,0.0,0.0,0.0,0.0
1834,101,488,13,335,True,True,76,76,28,50,8,0.0,0.0,0.6578947368421053,0.3684210526315789,0.6578947368421053
1834,102,488,13,353,True,True,76,76,76,139,16,0.0,0.0,1.8289473684210527,1.0,1.8289473684210527
1834,103,488,13,361,True,False,76,76,0,0,0,0.0,0.0,0.0,0.0,0.0
1834,104,488,13,433,True,False,76,76,0,0,0,0.0,0.0,0.0,0.0,0.0
1834,105,488,13,455,True,True,76,76,2,4,1,0.0,0.0,0.05263157894736842,0.02631578947368421,0.05263157894736842
1834,106,488,13,472,True,True,76,76,55,60,14,0.0,0.0,0.7894736842105263,0.7236842105263158,0.7894736842105263
1834,107,488,13,508,True,False,76,76,0,0,0,0.0,0.0,0.0,0.0,0.0
1835,254,488,43,13,True,False,30,30,0,0,0,0.0,0.0,0.0,0.0,0.0
1835,255,488,43,34,True,True,30,30,6,9,2,0.0,0.0,0.3,0.2,0.3
1835,256,488,43,113,True,False,30,30,0,0,0,0.0,0.0,0.0,0.0,0.0
1835,257,488,43,251,True,False,30,30,0,0,0,0.0,0.0,0.0,0.0,0.0
1835,258,488,43,321,True,True,30,30,4,10,1,0.0,0.0,0.3333333333333333,0.13333333333333333,0.3333333333333333
1835,259,488,43,353,True,True,30,30,22,39,7,0.0,0.0,1.3,0.7333333333333333,1.3
1835,260,488,43,481,True,True,30,30,15,30,5,0.0,0.0,1.0,0.5,1.0
1836,558,488,144,2,True,True,31,31,1,3,1,9.0,10.0,0.0967741935483871,0.03225806451612903,0.0967741935483871
1836,559,488,144,21,True,False,31,31,0,0,0,0.0,0.0,0.0,0.0,0.0
1836,560,488,144,22,True,False,31,31,0,0,0,0.0,0.0,0.0,0.0,0.0
1836,561,488,144,31,True,False,31,31,0,0,0,0.0,0.0,0.0,0.0,0.0
1836,562,488,144,61,True,False,31,31,0,0,0,0.0,0.0,0.0,0.0,0.0
1836,563,488,144,74,True,False,31,31,0,0,0,0.0,0.0,0.0,0.0,0.0
1836,564,488,144,79,True,True,31,31,4,15,2,8.0,10.0,0.4838709677419355,0.12903225806451613,0.4838709677419355
1836,565,488,144,126,True,True,31,31,2,29,2,2.0,5.0,0.9354838709677419,0.06451612903225806,0.9354838709677419
1836,566,488,144,139,True,False,31,31,0,0,0,0.0,0.0,0.0,0.0,0.0
1836,567,488,144,179,True,False,31,31,0,0,0,0.0,0.0,0.0,0.0,0.0
1836,568,488,144,186,True,False,31,31,0,0,0,0.0,0.0,0.0,0.0,0.0
1836,569,488,144,229,True,False,31,31,0,0,0,0.0,0.0,0.0,0.0,0.0
1836,570,488,144,248,True,False,31,31,0,0,0,0.0,0.0,0.0,0.0,0.0
1836,571,488,144,315,True,True,31,31,1,5,1,3.0,5.0,0.16129032258064516,0.03225806451612903,0.16129032258064516
1836,572,488,144,488,True,False,31,31,0,0,0,0.0,0.0,0.0,0.0,0.0
1837,1019,488,253,2,True,True,21,21,10,21,2,0.0,0.0,1.0,0.47619047619047616,1.0
1837,1020,488,253,22,True,False,21,21,0,0,0,0.0,0.0,0.0,0.0,0.0
1837,1021,488,253,139,True,False,21,21,0,0,0,0.0,0.0,0.0,0.0,0.0
1837,1022,488,253,144,True,True,21,21,6,9,3,0.0,0.0,0.42857142857142855,0.2857142857142857,0.42857142857142855
1837,1023,488,253,175,True,False,21,21,0,0,0,0.0,0.0,0.0,0.0,0.0
1837,1024,488,253,256,True,True,21,21,9,18,4,0.0,0.0,0.8571428571428571,0.42857142857142855,0.8571428571428571
1837,1025,488,253,273,True,True,21,21,3,8,1,0.0,1.0,0.38095238095238093,0.14285714285714285,0.38095238095238093
1837,1026,488,253,353,True,True,21,21,14,37,4,0.0,0.0,1.7619047619047619,0.6666666666666666,1.7619047619047619
1838,1027,488,256,22,True,False,5,5,0,0,0,0.0,0.0,0.0,0.0,0.0
1838,1028,488,256,117,True,False,5,5,0,0,0,0.0,0.0,0.0,0.0,0.0
1838,1029,488,256,139,True,False,5,5,0,0,0,0.0,0.0,0.0,0.0,0.0
1838,1030,488,256,144,True,True,5,5,5,29,3,0.0,0.0,5.8,1.0,5.8
1838,1031,488,256,169,True,False,5,5,0,0,0,0.0,0.0,0.0,0.0,0.0
1838,1032,488,256,175,True,False,5,5,0,0,0,0.0,0.0,0.0,0.0,0.0
1838,1033,488,256,199,True,False,5,5,0,0,0,0.0,0.0,0.0,0.0,0.0
1838,1034,488,256,273,True,False,5,5,0,0,0,0.0,0.0,0.0,0.0,0.0
1838,1035,488,256,281,True,False,5,5,0,0,0,0.0,0.0,0.0,0.0,0.0
1838,1036,488,256,433,True,False,5,5,0,0,0,0.0,0.0,0.0,0.0,0.0
1838,1037,488,256,455,True,False,5,5,0,0,0,0.0,0.0,0.0,0.0,0.0
1838,1038,488,256,508,True,False,5,5,0,0,0,0.0,0.0,0.0,0.0,0.0
1839,1312,488,321,21,True,False,31,31,0,0,0,0.0,0.0,0.0,0.0,0.0
1839,1313,488,321,113,True,False,31,31,0,0,0,0.0,0.0,0.0,0.0,0.0
1839,1314,488,321,156,True,False,31,31,0,0,0,0.0,0.0,0.0,0.0,0.0
1839,1315,488,321,179,True,False,31,31,0,0,0,0.0,0.0,0.0,0.0,0.0
1839,1316,488,321,251,True,False,31,31,0,0,0,0.0,0.0,0.0,0.0,0.0
1839,1317,488,321,253,True,False,31,31,0,0,0,0.0,0.0,0.0,0.0,0.0
1839,1318,488,321,261,True,False,31,31,0,0,0,0.0,0.0,0.0,0.0,0.0
1839,1319,488,321,319,True,False,31,31,0,0,0,0.0,0.0,0.0,0.0,0.0
1839,1320,488,321,440,True,True,31,31,3,15,1,4.0,7.0,0.4838709677419355,0.0967741935483871,0.4838709677419355
1839,1321,488,321,481,True,True,31,31,1,2,1,0.0,0.5,0.06451612903225806,0.03225806451612903,0.06451612903225806
1839,1322,488,321,488,True,False,31,31,0,0,0,0.0,0.0,0.0,0.0,0.0
1840,1350,488,335,21,True,False,17,17,0,0,0,0.0,0.0,0.0,0.0,0.0
1840,1351,488,335,61,True,False,17,17,0,0,0,0.0,0.0,0.0,0.0,0.0
1840,1352,488,335,141,True,False,17,17,0,0,0,0.0,0.0,0.0,0.0,0.0
1840,1353,488,335,156,True,False,17,17,0,0,0,0.0,0.0,0.0,0.0,0.0
1840,1354,488,335,179,True,False,17,17,0,0,0,0.0,0.0,0.0,0.0,0.0
1840,1355,488,335,186,True,False,17,17,0,0,0,0.0,0.0,0.0,0.0,0.0
1840,1356,488,335,248,True,False,17,17,0,0,0,0.0,0.0,0.0,0.0,0.0
1840,1357,488,335,488,True,False,17,17,0,0,0,0.0,0.0,0.0,0.0,0.0
1840,1358,488,335,508,True,True,17,17,2,13,2,0.0,1.0,0.7647058823529411,0.11764705882352941,0.7647058823529411
1841,1398,488,353,2,True,True,374,374,18,130,4,0.0,0.0,0.34759358288770054,0.0481283422459893,0.34759358288770054
1841,1399,488,353,113,True,True,374,374,3,5,2,0.0,0.0,0.013368983957219251,0.008021390374331552,0.013368983957219251
1841,1400,488,353,139,True,True,374,374,1,1,1,1.0,1.0,0.00267379679144385,0.00267379679144385,0.00267379679144385
1841,1401,488,353,144,True,True,374,374,72,477,15,0.0,0.0,1.2754010695187166,0.1925133689839572,1.2754010695187166
1841,1402,488,353,175,True,False,374,374,0,0,0,0.0,0.0,0.0,0.0,0.0
1841,1403,488,353,321,True,True,374,374,75,418,12,0.0,0.0,1.1176470588235294,0.20053475935828877,1.1176470588235294
1841,1404,488,353,335,True,True,374,374,55,259,11,0.0,0.0,0.6925133689839572,0.14705882352941177,0.6925133689839572
1841,1405,488,353,455,True,True,374,374,2,4,1,0.0,0.0,0.0106951871657754,0.0053475935828877,0.0106951871657754
1841,1406,488,353,481,True,True,374,374,24,114,7,0.0,0.0,0.3048128342245989,0.06417112299465241,0.3048128342245989
1841,1407,488,353,508,True,True,374,374,7,22,2,0.0,0.0,0.058823529411764705,0.01871657754010695,0.058823529411764705
1842,1770,488,472,6,True,False,113,113,0,0,0,0.0,0.0,0.0,0.0,0.0
1842,1771,488,472,34,True,False,113,113,0,0,0,0.0,0.0,0.0,0.0,0.0
1842,1772,488,472,58,True,False,113,113,0,0,0,0.0,0.0,0.0,0.0,0.0
1842,1773,488,472,217,True,False,113,113,0,0,0,0.0,0.0,0.0,0.0,0.0
1842,1774,488,472,243,True,False,113,113,0,0,0,0.0,0.0,0.0,0.0,0.0
1842,1775,488,472,256,True,False,113,113,0,0,0,0.0,0.0,0.0,0.0,0.0
1842,1776,488,472,262,True,False,113,113,0,0,0,0.0,0.0,0.0,0.0,0.0
1842,1777,488,472,281,True,False,113,113,0,0,0,0.0,0.0,0.0,0.0,0.0
1842,1778,488,472,335,True,True,113,113,17,39,6,0.0,0.0,0.34513274336283184,0.1504424778761062,0.34513274336283184
1842,1779,488,472,353,True,True,113,113,109,183,19,0.0,0.0,1.6194690265486726,0.9646017699115044,1.6194690265486726
1842,1780,488,472,361,True,False,113,113,0,0,0,0.0,0.0,0.0,0.0,0.0
1842,1781,488,472,433,True,False,113,113,0,0,0,0.0,0.0,0.0,0.0,0.0
1843,1801,488,481,21,True,False,9,9,0,0,0,0.0,0.0,0.0,0.0,0.0
1843,1802,488,481,74,True,False,9,9,0,0,0,0.0,0.0,0.0,0.0,0.0
1843,1803,488,481,113,True,True,9,9,4,52,1,0.0,2.0,5.777777777777778,0.4444444444444444,5.777777777777778
1843,1804,488,481,179,True,False,9,9,0,0,0,0.0,0.0,0.0,0.0,0.0
1843,1805,488,481,253,True,False,9,9,0,0,0,0.0,0.0,0.0,0.0,0.0
1843,1806,488,481,261,True,False,9,9,0,0,0,0.0,0.0,0.0,0.0,0.0
1843,1807,488,481,319,True,False,9,9,0,0,0,0.0,0.0,0.0,0.0,0.0
1844,108,494,16,26,True,True,51,51,1,3,1,9.0,10.0,0.058823529411764705,0.0196078431372549,0.058823529411764705
1844,109,494,16,46,True,False,51,51,0,0,0,0.0,0.0,0.0,0.0,0.0
1844,110,494,16,238,True,False,51,51,0,0,0,0.0,0.0,0.0,0.0,0.0
1844,111,494,16,324,True,False,51,51,0,0,0,0.0,0.0,0.0,0.0,0.0
1844,112,494,16,328,True,False,51,51,0,0,0,0.0,0.0,0.0,0.0,0.0
1844,113,494,16,382,True,False,51,51,0,0,0,0.0,0.0,0.0,0.0,0.0
1844,114,494,16,430,True,True,51,51,3,5,1,9.0,10.0,0.09803921568627451,0.058823529411764705,0.09803921568627451
1844,115,494,16,462,True,False,51,51,0,0,0,0.0,0.0,0.0,0.0,0.0
1844,116,494,16,487,True,True,51,51,26,140,3,6.0,9.0,2.7450980392156863,0.5098039215686274,2.7450980392156863
1845,232,494,39,117,True,True,105,105,4,12,1,0.0,0.0,0.11428571428571428,0.0380952380952381,0.11428571428571428
1845,233,494,39,169,True,True,105,105,9,41,1,0.0,0.0,0.3904761904761905,0.08571428571428572,0.3904761904761905
1845,234,494,39,176,True,True,105,105,6,6,2,0.0,0.0,0.05714285714285714,0.05714285714285714,0.05714285714285714
1845,235,494,39,199,True,True,105,105,4,29,2,0.0,0.0,0.2761904761904762,0.0380952380952381,0.2761904761904762
1845,236,494,39,252,True,True,105,105,53,706,4,0.0,5.0,6.723809523809524,0.5047619047619047,6.723809523809524
1845,237,494,39,294,True,True,105,105,14,39,2,0.0,0.0,0.37142857142857144,0.13333333333333333,0.37142857142857144
1845,238,494,39,317,True,True,105,105,34,282,3,0.0,2.0,2.6857142857142855,0.3238095238095238,2.6857142857142855
1845,239,494,39,371,True,False,105,105,0,0,0,0.0,0.0,0.0,0.0,0.0
1845,240,494,39,383,True,True,105,105,19,94,5,0.0,0.0,0.8952380952380953,0.18095238095238095,0.8952380952380953
1845,241,494,39,404,True,True,105,105,5,15,1,0.0,0.0,0.14285714285714285,0.047619047619047616,0.14285714285714285
1845,242,494,39,455,True,False,105,105,0,0,0,0.0,0.0,0.0,0.0,0.0
1845,243,494,39,494,True,True,105,105,10,15,2,0.0,0.0,0.14285714285714285,0.09523809523809523,0.14285714285714285
1845,244,494,39,508,True,False,105,105,0,0,0,0.0,0.0,0.0,0.0,0.0
1846,404,494,109,30,True,False,22,22,0,0,0,0.0,0.0,0.0,0.0,0.0
1846,405,494,109,140,True,True,22,22,2,4,1,9.0,10.0,0.18181818181818182,0.09090909090909091,0.18181818181818182
1846,406,494,109,146,True,False,22,22,0,0,0,0.0,0.0,0.0,0.0,0.0
1846,407,494,109,163,True,False,22,22,0,0,0,0.0,0.0,0.0,0.0,0.0
1846,408,494,109,205,True,False,22,22,0,0,0,0.0,0.0,0.0,0.0,0.0
1846,409,494,109,259,True,False,22,22,0,0,0,0.0,0.0,0.0,0.0,0.0
1846,410,494,109,328,True,False,22,22,0,0,0,0.0,0.0,0.0,0.0,0.0
1846,411,494,109,371,True,False,22,22,0,0,0,0.0,0.0,0.0,0.0,0.0
1846,412,494,109,404,True,False,22,22,0,0,0,0.0,0.0,0.0,0.0,0.0
1846,413,494,109,405,True,False,22,22,0,0,0,0.0,0.0,0.0,0.0,0.0
1846,414,494,109,430,True,False,22,22,0,0,0,0.0,0.0,0.0,0.0,0.0
1846,415,494,109,487,True,True,22,22,7,30,2,0.0,3.0,1.3636363636363635,0.3181818181818182,1.3636363636363635
1846,416,494,109,494,True,False,22,22,0,0,0,0.0,0.0,0.0,0.0,0.0
1847,446,494,117,10,True,False,52,52,0,0,0,0.0,0.0,0.0,0.0,0.0
1847,447,494,117,16,True,True,52,52,20,101,2,0.0,1.0,1.9423076923076923,0.38461538461538464,1.9423076923076923
1847,448,494,117,80,True,False,52,52,0,0,0,0.0,0.0,0.0,0.0,0.0
1847,449,494,117,199,True,False,52,52,0,0,0,0.0,0.0,0.0,0.0,0.0
1847,450,494,117,238,True,False,52,52,0,0,0,0.0,0.0,0.0,0.0,0.0
1847,451,494,117,268,True,False,52,52,0,0,0,0.0,0.0,0.0,0.0,0.0
1847,452,494,117,281,True,False,52,52,0,0,0,0.0,0.0,0.0,0.0,0.0
1847,453,494,117,294,True,False,52,52,0,0,0,0.0,0.0,0.0,0.0,0.0
1847,454,494,117,317,True,True,52,52,6,59,1,0.0,1.0,1.1346153846153846,0.11538461538461539,1.1346153846153846
1847,455,494,117,324,True,True,52,52,8,16,1,0.0,7.5,0.3076923076923077,0.15384615384615385,0.3076923076923077
1847,456,494,117,378,True,False,52,52,0,0,0,0.0,0.0,0.0,0.0,0.0
1847,457,494,117,383,True,False,52,52,0,0,0,0.0,0.0,0.0,0.0,0.0
1847,458,494,117,387,True,False,52,52,0,0,0,0.0,0.0,0.0,0.0,0.0
1847,459,494,117,455,True,False,52,52,0,0,0,0.0,0.0,0.0,0.0,0.0
1847,460,494,117,462,True,True,52,52,21,161,1,0.0,5.0,3.0961538461538463,0.40384615384615385,3.0961538461538463
1847,461,494,117,494,True,True,52,52,9,36,2,0.0,0.0,0.6923076923076923,0.17307692307692307,0.6923076923076923
1848,703,494,169,13,True,True,93,93,31,31,3,4.0,8.0,0.3333333333333333,0.3333333333333333,0.3333333333333333
1848,704,494,169,21,True,False,93,93,0,0,0,0.0,0.0,0.0,0.0,0.0
1848,705,494,169,39,True,False,93,93,0,0,0,0.0,0.0,0.0,0.0,0.0
1848,706,494,169,61,True,True,93,93,38,227,5,0.0,4.0,2.4408602150537635,0.40860215053763443,2.4408602150537635
1848,707,494,169,129,True,True,93,93,49,267,5,1.0,6.0,2.870967741935484,0.5268817204301075,2.870967741935484
1848,708,494,169,139,True,False,93,93,0,0,0,0.0,0.0,0.0,0.0,0.0
1848,709,494,169,141,True,True,93,93,44,160,7,2.0,6.0,1.7204301075268817,0.4731182795698925,1.7204301075268817
1848,710,494,169,156,True,True,93,93,23,29,4,4.0,7.0,0.3118279569892473,0.24731182795698925,0.3118279569892473
1848,711,494,169,179,True,True,93,93,15,60,1,2.0,6.0,0.6451612903225806,0.16129032258064516,0.6451612903225806
1848,712,494,169,186,True,True,93,93,44,154,7,1.0,5.0,1.6559139784946237,0.4731182795698925,1.6559139784946237
1848,713,494,169,199,True,False,93,93,0,0,0,0.0,0.0,0.0,0.0,0.0
1848,714,494,169,248,True,False,93,93,0,0,0,0.0,0.0,0.0,0.0,0.0
1848,715,494,169,383,True,True,93,93,5,5,1,0.0,0.0,0.053763440860215055,0.053763440860215055,0.053763440860215055
1848,716,494,169,433,True,False,93,93,0,0,0,0.0,0.0,0.0,0.0,0.0
1848,717,494,169,455,True,False,93,93,0,0,0,0.0,0.0,0.0,0.0,0.0
1848,718,494,169,508,True,False,93,93,0,0,0,0.0,0.0,0.0,0.0,0.0
1849,719,494,170,199,True,True,37,37,3,5,1,9.0,10.0,0.13513513513513514,0.08108108108108109,0.13513513513513514
1849,720,494,170,238,True,False,37,37,0,0,0,0.0,0.0,0.0,0.0,0.0
1849,721,494,170,294,True,True,37,37,3,3,1,0.0,0.0,0.08108108108108109,0.08108108108108109,0.08108108108108109
1850,776,494,176,16,True,True,36,36,30,450,2,0.0,6.0,12.5,0.8333333333333334,12.5
1850,777,494,176,266,True,True,36,36,1,15,1,5.0,8.0,0.4166666666666667,0.027777777777777776,0.4166666666666667
1850,778,494,176,383,True,True,36,36,5,10,1,0.0,5.0,0.2777777777777778,0.1388888888888889,0.2777777777777778
1850,779,494,176,462,True,False,36,36,0,0,0,0.0,0.0,0.0,0.0,0.0
1851,831,494,199,10,True,False,28,28,0,0,0,0.0,0.0,0.0,0.0,0.0
1851,832,494,199,39,True,False,28,28,0,0,0,0.0,0.0,0.0,0.0,0.0
1851,833,494,199,77,True,False,28,28,0,0,0,0.0,0.0,0.0,0.0,0.0
1851,834,494,199,117,True,False,28,28,0,0,0,0.0,0.0,0.0,0.0,0.0
1851,835,494,199,170,True,False,28,28,0,0,0,0.0,0.0,0.0,0.0,0.0
1851,836,494,199,176,True,False,28,28,0,0,0,0.0,0.0,0.0,0.0,0.0
1851,837,494,199,238,True,False,28,28,0,0,0,0.0,0.0,0.0,0.0,0.0
1851,838,494,199,252,True,False,28,28,0,0,0,0.0,0.0,0.0,0.0,0.0
1851,839,494,199,317,True,False,28,28,0,0,0,0.0,0.0,0.0,0.0,0.0
1851,840,494,199,383,True,False,28,28,0,0,0,0.0,0.0,0.0,0.0,0.0
1851,841,494,199,387,True,False,28,28,0,0,0,0.0,0.0,0.0,0.0,0.0
1851,842,494,199,402,True,False,28,28,0,0,0,0.0,0.0,0.0,0.0,0.0
1851,843,494,199,404,True,False,28,28,0,0,0,0.0,0.0,0.0,0.0,0.0
1851,844,494,199,462,True,False,28,28,0,0,0,0.0,0.0,0.0,0.0,0.0
1851,845,494,199,494,True,False,28,28,0,0,0,0.0,0.0,0.0,0.0,0.0
1852,932,494,238,10,True,False,18,18,0,0,0,0.0,0.0,0.0,0.0,0.0
1852,933,494,238,80,True,False,18,18,0,0,0,0.0,0.0,0.0,0.0,0.0
1852,934,494,238,117,True,True,18,18,5,10,1,0.0,0.0,0.5555555555555556,0.2777777777777778,0.5555555555555556
1852,935,494,238,149,True,False,18,18,0,0,0,0.0,0.0,0.0,0.0,0.0
1852,936,494,238,199,True,False,18,18,0,0,0,0.0,0.0,0.0,0.0,0.0
1852,937,494,238,294,True,True,18,18,12,175,1,0.0,3.0,9.722222222222221,0.6666666666666666,9.722222222222221
1852,938,494,238,317,True,True,18,18,1,5,1,0.0,0.0,0.2777777777777778,0.05555555555555555,0.2777777777777778
1852,939,494,238,387,True,False,18,18,0,0,0,0.0,0.0,0.0,0.0,0.0
1852,940,494,238,404,True,False,18,18,0,0,0,0.0,0.0,0.0,0.0,0.0
1852,941,494,238,494,True,True,18,18,5,10,1,0.0,0.0,0.5555555555555556,0.2777777777777778,0.5555555555555556
1853,1011,494,252,30,True,False,49,49,0,0,0,0.0,0.0,0.0,0.0,0.0
1853,1012,494,252,39,True,True,49,49,14,81,3,0.0,1.0,1.653061224489796,0.2857142857142857,1.653061224489796
1853,1013,494,252,176,True,False,49,49,0,0,0,0.0,0.0,0.0,0.0,0.0
1853,1014,494,252,199,True,False,49,49,0,0,0,0.0,0.0,0.0,0.0,0.0
1853,1015,494,252,259,True,False,49,49,0,0,0,0.0,0.0,0.0,0.0,0.0
1853,1016,494,252,317,True,False,49,49,0,0,0,0.0,0.0,0.0,0.0,0.0
1853,1017,494,252,371,True,False,49,49,0,0,0,0.0,0.0,0.0,0.0,0.0
1853,1018,494,252,383,True,True,49,49,13,16,2,0.0,0.0,0.32653061224489793,0.2653061224489796,0.32653061224489793
1854,1184,494,294,21,True,False,79,79,0,0,0,0.0,0.0,0.0,0.0,0.0
1854,1185,494,294,22,True,False,79,79,0,0,0,0.0,0.0,0.0,0.0,0.0
1854,1186,494,294,61,True,False,79,79,0,0,0,0.0,0.0,0.0,0.0,0.0
1854,1187,494,294,117,True,False,79,79,0,0,0,0.0,0.0,0.0,0.0,0.0
1854,1188,494,294,141,True,False,79,79,0,0,0,0.0,0.0,0.0,0.0,0.0
1854,1189,494,294,169,True,True,79,79,67,771,6,0.0,2.0,9.759493670886076,0.8481012658227848,9.759493670886076
1854,1190,494,294,175,True,False,79,79,0,0,0,0.0,0.0,0.0,0.0,0.0
1854,1191,494,294,179,True,True,79,79,7,10,1,7.0,9.0,0.12658227848101267,0.08860759493670886,0.12658227848101267
1854,1192,494,294,186,True,False,79,79,0,0,0,0.0,0.0,0.0,0.0,0.0
1854,1193,494,294,281,True,False,79,79,0,0,0,0.0,0.0,0.0,0.0,0.0
1854,1194,494,294,313,True,False,79,79,0,0,0,0.0,0.0,0.0,0.0,0.0
1854,1195,494,294,433,True,False,79,79,0,0,0,0.0,0.0,0.0,0.0,0.0
1854,1196,494,294,455,True,True,79,79,12,80,1,4.0,8.5,1.0126582278481013,0.1518987341772152,1.0126582278481013
1855,1240,494,311,4,True,False,17,17,0,0,0,0.0,0.0,0.0,0.0,0.0
1855,1241,494,311,80,True,False,17,17,0,0,0,0.0,0.0,0.0,0.0,0.0
1855,1242,494,311,118,True,False,17,17,0,0,0,0.0,0.0,0.0,0.0,0.0
1855,1243,494,311,138,True,False,17,17,0,0,0,0.0,0.0,0.0,0.0,0.0
1855,1244,494,311,149,True,False,17,17,0,0,0,0.0,0.0,0.0,0.0,0.0
1855,1245,494,311,151,True,False,17,17,0,0,0,0.0,0.0,0.0,0.0,0.0
1855,1246,494,311,163,True,False,17,17,0,0,0,0.0,0.0,0.0,0.0,0.0
1855,1247,494,311,171,True,False,17,17,0,0,0,0.0,0.0,0.0,0.0,0.0
1855,1248,494,311,288,True,False,17,17,0,0,0,0.0,0.0,0.0,0.0,0.0
1855,1249,494,311,371,True,False,17,17,0,0,0,0.0,0.0,0.0,0.0,0.0
1855,1250,494,311,390,True,False,17,17,0,0,0,0.0,0.0,0.0,0.0,0.0
1855,1251,494,311,415,True,False,17,17,0,0,0,0.0,0.0,0.0,0.0,0.0
1856,1282,494,317,30,True,False,101,101,0,0,0,0.0,0.0,0.0,0.0,0.0
1856,1283,494,317,39,True,False,101,101,0,0,0,0.0,0.0,0.0,0.0,0.0
1856,1284,494,317,176,True,True,101,101,14,165,2,0.0,2.0,1.6336633663366336,0.13861386138613863,1.6336633663366336
1856,1285,494,317,199,True,False,101,101,0,0,0,0.0,0.0,0.0,0.0,0.0
1856,1286,494,317,238,True,False,101,101,0,0,0,0.0,0.0,0.0,0.0,0.0
1856,1287,494,317,252,True,True,101,101,31,176,4,0.0,5.0,1.7425742574257426,0.3069306930693069,1.7425742574257426
1856,1288,494,317,294,True,False,101,101,0,0,0,0.0,0.0,0.0,0.0,0.0
1856,1289,494,317,371,True,True,101,101,16,74,1,0.0,5.0,0.7326732673267327,0.15841584158415842,0.7326732673267327
1856,1290,494,317,383,True,True,101,101,12,146,1,0.0,2.0,1.4455445544554455,0.1188118811881188,1.4455445544554455
1856,1291,494,317,387,True,False,101,101,0,0,0,0.0,0.0,0.0,0.0,0.0
1856,1292,494,317,404,True,False,101,101,0,0,0,0.0,0.0,0.0,0.0,0.0
1856,1293,494,317,455,True,True,101,101,9,85,1,0.0,1.0,0.8415841584158416,0.0891089108910891,0.8415841584158416
1856,1294,494,317,462,True,True,101,101,21,253,2,0.0,3.0,2.504950495049505,0.2079207920792079,2.504950495049505
1856,1295,494,317,494,True,True,101,101,20,60,4,0.0,0.0,0.594059405940594,0.19801980198019803,0.594059405940594
1857,1505,494,383,21,True,True,283,283,38,47,3,1.0,5.0,0.16607773851590105,0.13427561837455831,0.16607773851590105
1857,1506,494,383,39,True,True,283,283,20,138,3,0.0,1.0,0.4876325088339223,0.0706713780918728,0.4876325088339223
1857,1507,494,383,61,True,True,283,283,81,146,7,0.0,4.0,0.5159010600706714,0.2862190812720848,0.5159010600706714
1857,1508,494,383,129,True,True,283,283,84,114,8,3.0,7.0,0.4028268551236749,0.2968197879858657,0.4028268551236749
1857,1509,494,383,141,True,True,283,283,9,9,1,4.0,6.0,0.03180212014134275,0.03180212014134275,0.03180212014134275
1857,1510,494,383,169,True,True,283,283,208,2112,16,0.0,3.0,7.4628975265017665,0.734982332155477,7.4628975265017665
1857,1511,494,383,179,True,True,283,283,71,124,7,1.0,6.0,0.4381625441696113,0.2508833922261484,0.4381625441696113
1857,1512,494,383,186,True,True,283,283,21,21,2,2.0,5.0,0.07420494699646643,0.07420494699646643,0.07420494699646643
1857,1513,494,383,273,True,False,283,283,0,0,0,0.0,0.0,0.0,0.0,0.0
1857,1514,494,383,281,True,True,283,283,6,67,1,0.0,2.0,0.23674911660777384,0.02120141342756184,0.23674911660777384
1857,1515,494,383,313,True,False,283,283,0,0,0,0.0,0.0,0.0,0.0,0.0
1857,1516,494,383,317,True,True,283,283,5,15,1,0.0,0.0,0.053003533568904596,0.0176678445229682,0.053003533568904596
1857,1517,494,383,335,True,True,283,283,1,14,1,0.0,3.0,0.04946996466431095,0.0035335689045936395,0.04946996466431095
1857,1518,494,383,433,True,False,283,283,0,0,0,0.0,0.0,0.0,0.0,0.0
1857,1519,494,383,455,True,True,283,283,63,321,5,0.0,5.0,1.1342756183745584,0.2226148409893993,1.1342756183745584
1857,1520,494,383,508,True,False,283,283,0,0,0,0.0,0.0,0.0,0.0,0.0
1858,1598,494,404,10,True,False,59,59,0,0,0,0.0,0.0,0.0,0.0,0.0
1858,1599,494,404,39,True,True,59,59,19,40,2,0.0,0.0,0.6779661016949152,0.3220338983050847,0.6779661016949152
1858,1600,494,404,84,True,False,59,59,0,0,0,0.0,0.0,0.0,0.0,0.0
1858,1601,494,404,115,True,False,59,59,0,0,0,0.0,0.0,0.0,0.0,0.0
1858,1602,494,404,117,True,True,59,59,5,15,1,0.0,0.0,0.2542372881355932,0.0847457627118644,0.2542372881355932
1858,1603,494,404,169,True,True,59,59,40,260,6,0.0,0.0,4.406779661016949,0.6779661016949152,4.406779661016949
1858,1604,494,404,199,True,True,59,59,5,24,1,0.0,0.0,0.4067796610169492,0.0847457627118644,0.4067796610169492
1858,1605,494,404,217,True,False,59,59,0,0,0,0.0,0.0,0.0,0.0,0.0
1858,1606,494,404,262,True,False,59,59,0,0,0,0.0,0.0,0.0,0.0,0.0
1858,1607,494,404,294,True,False,59,59,0,0,0,0.0,0.0,0.0,0.0,0.0
1858,1608,494,404,309,True,False,59,59,0,0,0,0.0,0.0,0.0,0.0,0.0
1858,1609,494,404,316,True,False,59,59,0,0,0,0.0,0.0,0.0,0.0,0.0
1858,1610,494,404,317,True,True,59,59,5,5,1,0.0,0.0,0.0847457627118644,0.0847457627118644,0.0847457627118644
1858,1611,494,404,383,True,True,59,59,15,62,2,0.0,0.5,1.0508474576271187,0.2542372881355932,1.0508474576271187
1858,1612,494,404,385,True,False,59,59,0,0,0,0.0,0.0,0.0,0.0,0.0
1858,1613,494,404,387,True,False,59,59,0,0,0,0.0,0.0,0.0,0.0,0.0
1858,1614,494,404,389,True,False,59,59,0,0,0,0.0,0.0,0.0,0.0,0.0
1858,1615,494,404,433,True,False,59,59,0,0,0,0.0,0.0,0.0,0.0,0.0
1858,1616,494,404,474,True,False,59,59,0,0,0,0.0,0.0,0.0,0.0,0.0
1858,1617,494,404,494,True,True,59,59,5,5,2,0.0,0.0,0.0847457627118644,0.0847457627118644,0.0847457627118644
1859,1726,494,455,13,True,False,3,3,0,0,0,0.0,0.0,0.0,0.0,0.0
1859,1727,494,455,21,True,False,3,3,0,0,0,0.0,0.0,0.0,0.0,0.0
1859,1728,494,455,39,True,False,3,3,0,0,0,0.0,0.0,0.0,0.0,0.0
1859,1729,494,455,61,True,False,3,3,0,0,0,0.0,0.0,0.0,0.0,0.0
1859,1730,494,455,74,True,False,3,3,0,0,0,0.0,0.0,0.0,0.0,0.0
1859,1731,494,455,117,True,False,3,3,0,0,0,0.0,0.0,0.0,0.0,0.0
1859,1732,494,455,129,True,False,3,3,0,0,0,0.0,0.0,0.0,0.0,0.0
1859,1733,494,455,141,True,True,3,3,1,6,1,8.0,9.5,2.0,0.3333333333333333,2.0
1859,1734,494,455,169,True,True,3,3,2,10,1,0.0,0.0,3.3333333333333335,0.6666666666666666,3.3333333333333335
1859,1735,494,455,179,True,False,3,3,0,0,0,0.0,0.0,0.0,0.0,0.0
1859,1736,494,455,186,True,False,3,3,0,0,0,0.0,0.0,0.0,0.0,0.0
1859,1737,494,455,199,True,False,3,3,0,0,0,0.0,0.0,0.0,0.0,0.0
1859,1738,494,455,248,True,False,3,3,0,0,0,0.0,0.0,0.0,0.0,0.0
1859,1739,494,455,281,True,False,3,3,0,0,0,0.0,0.0,0.0,0.0,0.0
1859,1740,494,455,313,True,False,3,3,0,0,0,0.0,0.0,0.0,0.0,0.0
1859,1741,494,455,317,True,False,3,3,0,0,0,0.0,0.0,0.0,0.0,0.0
1859,1742,494,455,383,True,False,3,3,0,0,0,0.0,0.0,0.0,0.0,0.0
1859,1743,494,455,508,True,False,3,3,0,0,0,0.0,0.0,0.0,0.0,0.0
1860,1744,494,462,16,True,True,43,43,12,60,3,0.0,0.0,1.3953488372093024,0.27906976744186046,1.3953488372093024
1860,1745,494,462,26,True,True,43,43,7,16,2,8.0,10.0,0.37209302325581395,0.16279069767441862,0.37209302325581395
1860,1746,494,462,30,True,False,43,43,0,0,0,0.0,0.0,0.0,0.0,0.0
1860,1747,494,462,46,True,False,43,43,0,0,0,0.0,0.0,0.0,0.0,0.0
1860,1748,494,462,109,True,False,43,43,0,0,0,0.0,0.0,0.0,0.0,0.0
1860,1749,494,462,266,True,False,43,43,0,0,0,0.0,0.0,0.0,0.0,0.0
1860,1750,494,462,324,True,False,43,43,0,0,0,0.0,0.0,0.0,0.0,0.0
1860,1751,494,462,378,True,True,43,43,30,294,3,0.0,5.0,6.837209302325581,0.6976744186046512,6.837209302325581
1860,1752,494,462,430,True,False,43,43,0,0,0,0.0,0.0,0.0,0.0,0.0
1860,1753,494,462,487,True,False,43,43,0,0,0,0.0,0.0,0.0,0.0,0.0
1860,1754,494,462,497,True,False,43,43,0,0,0,0.0,0.0,0.0,0.0,0.0
1861,1782,494,474,7,True,False,9,9,0,0,0,0.0,0.0,0.0,0.0,0.0
1861,1783,494,474,37,True,False,9,9,0,0,0,0.0,0.0,0.0,0.0,0.0
1861,1784,494,474,39,True,True,9,9,3,9,1,0.0,0.0,1.0,0.3333333333333333,1.0
1861,1785,494,474,58,True,False,9,9,0,0,0,0.0,0.0,0.0,0.0,0.0
1861,1786,494,474,84,True,False,9,9,0,0,0,0.0,0.0,0.0,0.0,0.0
1861,1787,494,474,88,True,False,9,9,0,0,0,0.0,0.0,0.0,0.0,0.0
1861,1788,494,474,115,True,False,9,9,0,0,0,0.0,0.0,0.0,0.0,0.0
1861,1789,494,474,125,True,False,9,9,0,0,0,0.0,0.0,0.0,0.0,0.0
1861,1790,494,474,143,True,False,9,9,0,0,0,0.0,0.0,0.0,0.0,0.0
1861,1791,494,474,217,True,False,9,9,0,0,0,0.0,0.0,0.0,0.0,0.0
1861,1792,494,474,243,True,False,9,9,0,0,0,0.0,0.0,0.0,0.0,0.0
1861,1793,494,474,261,True,False,9,9,0,0,0,0.0,0.0,0.0,0.0,0.0
1861,1794,494,474,279,True,False,9,9,0,0,0,0.0,0.0,0.0,0.0,0.0
1861,1795,494,474,309,True,False,9,9,0,0,0,0.0,0.0,0.0,0.0,0.0
1861,1796,494,474,317,True,True,9,9,6,42,1,0.0,0.0,4.666666666666667,0.6666666666666666,4.666666666666667
1861,1797,494,474,321,True,False,9,9,0,0,0,0.0,0.0,0.0,0.0,0.0
1861,1798,494,474,385,True,False,9,9,0,0,0,0.0,0.0,0.0,0.0,0.0
1861,1799,494,474,389,True,False,9,9,0,0,0,0.0,0.0,0.0,0.0,0.0
1861,1800,494,474,402,True,False,9,9,0,0,0,0.0,0.0,0.0,0.0,0.0
1862,161,497,26,16,True,False,146,146,0,0,0,0.0,0.0,0.0,0.0,0.0
1862,162,497,26,46,True,True,146,146,126,1228,9,0.0,1.0,8.41095890410959,0.863013698630137,8.41095890410959
1862,163,497,26,109,True,False,146,146,0,0,0,0.0,0.0,0.0,0.0,0.0
1862,164,497,26,213,True,True,146,146,20,167,2,0.0,1.0,1.143835616438356,0.136986301369863,1.143835616438356
1862,165,497,26,266,True,False,146,146,0,0,0,0.0,0.0,0.0,0.0,0.0
1862,166,497,26,378,True,False,146,146,0,0,0,0.0,0.0,0.0,0.0,0.0
1862,167,497,26,382,True,False,146,146,0,0,0,0.0,0.0,0.0,0.0,0.0
1862,168,497,26,430,True,False,146,146,0,0,0,0.0,0.0,0.0,0.0,0.0
1862,169,497,26,462,True,False,146,146,0,0,0,0.0,0.0,0.0,0.0,0.0
1862,170,497,26,487,True,False,146,146,0,0,0,0.0,0.0,0.0,0.0,0.0
1862,171,497,26,497,True,False,146,146,0,0,0,0.0,0.0,0.0,0.0,0.0
1863,261,497,46,3,True,False,47,47,0,0,0,0.0,0.0,0.0,0.0,0.0
1863,262,497,46,26,True,True,47,47,1,1,1,0.0,0.0,0.02127659574468085,0.02127659574468085,0.02127659574468085
1863,263,497,46,57,True,True,47,47,23,296,8,2.0,6.0,6.297872340425532,0.48936170212765956,6.297872340425532
1863,264,497,46,238,True,False,47,47,0,0,0,0.0,0.0,0.0,0.0,0.0
1863,265,497,46,317,True,False,47,47,0,0,0,0.0,0.0,0.0,0.0,0.0
1863,266,497,46,371,True,False,47,47,0,0,0,0.0,0.0,0.0,0.0,0.0
1863,267,497,46,406,True,True,47,47,4,6,2,6.0,7.0,0.1276595744680851,0.0851063829787234,0.1276595744680851
1864,417,497,112,140,True,False,194,194,0,0,0,0.0,0.0,0.0,0.0,0.0
1864,418,497,112,213,True,True,194,194,176,1719,10,0.0,1.0,8.860824742268042,0.9072164948453608,8.860824742268042
1864,419,497,112,259,True,False,194,194,0,0,0,0.0,0.0,0.0,0.0,0.0
1864,420,497,112,297,True,False,194,194,0,0,0,0.0,0.0,0.0,0.0,0.0
1864,421,497,112,324,True,False,194,194,0,0,0,0.0,0.0,0.0,0.0,0.0
1864,422,497,112,378,True,False,194,194,0,0,0,0.0,0.0,0.0,0.0,0.0
1864,423,497,112,382,True,False,194,194,0,0,0,0.0,0.0,0.0,0.0,0.0
1864,424,497,112,497,True,True,194,194,9,19,3,0.0,0.0,0.0979381443298969,0.04639175257731959,0.0979381443298969
1865,877,497,213,57,True,True,84,84,60,717,10,0.0,5.0,8.535714285714286,0.7142857142857143,8.535714285714286
1866,1323,497,324,16,True,False,5,5,0,0,0,0.0,0.0,0.0,0.0,0.0
1866,1324,497,324,26,True,False,5,5,0,0,0,0.0,0.0,0.0,0.0,0.0
1866,1325,497,324,112,True,True,5,5,2,5,2,0.0,0.0,1.0,0.4,1.0
1866,1326,497,324,213,True,True,5,5,1,3,1,0.0,0.0,0.6,0.2,0.6
1866,1327,497,324,378,True,False,5,5,0,0,0,0.0,0.0,0.0,0.0,0.0
1866,1328,497,324,382,True,True,5,5,3,15,1,0.0,0.0,3.0,0.6,3.0
1866,1329,497,324,497,True,True,5,5,1,2,1,0.0,0.0,0.4,0.2,0.4
1867,1493,497,382,10,True,True,469,469,133,1180,9,0.0,6.0,2.5159914712153517,0.2835820895522388,2.5159914712153517
1867,1494,497,382,30,True,True,469,469,29,340,2,0.0,2.0,0.7249466950959488,0.06183368869936034,0.7249466950959488
1867,1495,497,382,42,True,False,469,469,0,0,0,0.0,0.0,0.0,0.0,0.0
1867,1496,497,382,151,True,True,469,469,5,20,1,0.0,3.0,0.042643923240938165,0.010660980810234541,0.042643923240938165
1867,1497,497,382,238,True,True,469,469,217,2668,12,0.0,4.0,5.688699360341151,0.4626865671641791,5.688699360341151
1867,1498,497,382,294,True,True,469,469,10,10,1,7.0,9.0,0.021321961620469083,0.021321961620469083,0.021321961620469083
1867,1499,497,382,324,True,False,469,469,0,0,0,0.0,0.0,0.0,0.0,0.0
1867,1500,497,382,378,True,False,469,469,0,0,0,0.0,0.0,0.0,0.0,0.0
1867,1501,497,382,387,True,True,469,469,105,1299,7,0.0,5.0,2.769722814498934,0.22388059701492538,2.769722814498934
1867,1502,497,382,404,True,True,469,469,59,484,4,0.0,5.0,1.0319829424307037,0.1257995735607676,1.0319829424307037
1867,1503,497,382,405,True,False,469,469,0,0,0,0.0,0.0,0.0,0.0,0.0
1867,1504,497,382,415,True,True,469,469,15,224,1,0.0,4.0,0.47761194029850745,0.031982942430703626,0.47761194029850745
1868,1744,497,462,16,True,False,12,12,0,0,0,0.0,0.0,0.0,0.0,0.0
1868,1745,497,462,26,True,True,12,12,5,5,1,0.0,3.0,0.4166666666666667,0.4166666666666667,0.4166666666666667
1868,1746,497,462,30,True,False,12,12,0,0,0,0.0,0.0,0.0,0.0,0.0
1868,1747,497,462,46,True,False,12,12,0,0,0,0.0,0.0,0.0,0.0,0.0
1868,1748,497,462,109,True,False,12,12,0,0,0,0.0,0.0,0.0,0.0,0.0
1868,1749,497,462,266,True,False,12,12,0,0,0,0.0,0.0,0.0,0.0,0.0
1868,1750,497,462,324,True,False,12,12,0,0,0,0.0,0.0,0.0,0.0,0.0
1868,1751,497,462,378,True,False,12,12,0,0,0,0.0,0.0,0.0,0.0,0.0
1868,1752,497,462,430,True,False,12,12,0,0,0,0.0,0.0,0.0,0.0,0.0
1868,1753,497,462,487,True,False,12,12,0,0,0,0.0,0.0,0.0,0.0,0.0
1868,1754,497,462,497,True,True,12,12,12,79,3,0.0,0.0,6.583333333333333,1.0,6.583333333333333
1869,683,500,166,138,True,False,253,253,0,0,0,0.0,0.0,0.0,0.0,0.0
1869,684,500,166,172,True,True,253,253,142,2077,11,0.0,5.0,8.209486166007904,0.5612648221343873,8.209486166007904
1869,685,500,166,173,True,False,253,253,0,0,0,0.0,0.0,0.0,0.0,0.0
1869,686,500,166,332,True,True,253,253,70,825,6,0.0,2.0,3.260869565217391,0.2766798418972332,3.260869565217391
1869,687,500,166,371,True,False,253,253,0,0,0,0.0,0.0,0.0,0.0,0.0
1870,858,500,206,262,True,False,16,16,0,0,0,0.0,0.0,0.0,0.0,0.0
1870,859,500,206,487,True,False,16,16,0,0,0,0.0,0.0,0.0,0.0,0.0
1871,1345,500,332,4,True,True,174,174,18,38,2,6.0,9.0,0.21839080459770116,0.10344827586206896,0.21839080459770116
1871,1346,500,332,118,True,False,174,174,0,0,0,0.0,0.0,0.0,0.0,0.0
1871,1347,500,332,138,True,False,174,174,0,0,0,0.0,0.0,0.0,0.0,0.0
1871,1348,500,332,172,True,True,174,174,102,936,7,0.0,7.0,5.379310344827586,0.5862068965517241,5.379310344827586
1871,1349,500,332,173,True,False,174,174,0,0,0,0.0,0.0,0.0,0.0,0.0
1872,232,508,39,117,True,False,214,214,0,0,0,0.0,0.0,0.0,0.0,0.0
1872,233,508,39,169,True,True,214,214,70,794,5,0.0,2.0,3.710280373831776,0.32710280373831774,3.710280373831776
1872,234,508,39,176,True,True,214,214,9,91,2,0.0,6.0,0.4252336448598131,0.04205607476635514,0.4252336448598131
1872,235,508,39,199,True,True,214,214,34,259,4,0.0,1.0,1.2102803738317758,0.1588785046728972,1.2102803738317758
1872,236,508,39,252,True,True,214,214,50,296,4,0.0,2.0,1.3831775700934579,0.2336448598130841,1.3831775700934579
1872,237,508,39,294,True,True,214,214,10,115,1,0.0,1.0,0.5373831775700935,0.04672897196261682,0.5373831775700935
1872,238,508,39,317,True,True,214,214,17,90,2,0.0,1.0,0.4205607476635514,0.0794392523364486,0.4205607476635514
1872,239,508,39,371,True,True,214,214,30,133,2,0.0,3.0,0.6214953271028038,0.14018691588785046,0.6214953271028038
1872,240,508,39,383,True,False,214,214,0,0,0,0.0,0.0,0.0,0.0,0.0
1872,241,508,39,404,True,True,214,214,15,55,1,0.0,1.0,0.2570093457943925,0.07009345794392523,0.2570093457943925
1872,242,508,39,455,True,True,214,214,14,155,1,0.0,1.0,0.7242990654205608,0.06542056074766354,0.7242990654205608
1872,243,508,39,494,True,True,214,214,10,50,2,0.0,0.0,0.2336448598130841,0.04672897196261682,0.2336448598130841
1872,244,508,39,508,True,True,214,214,17,36,2,0.0,0.0,0.16822429906542055,0.0794392523364486,0.16822429906542055
1873,366,508,84,24,True,False,7,7,0,0,0,0.0,0.0,0.0,0.0,0.0
1873,367,508,84,58,True,False,7,7,0,0,0,0.0,0.0,0.0,0.0,0.0
1873,368,508,84,115,True,False,7,7,0,0,0,0.0,0.0,0.0,0.0,0.0
1873,369,508,84,316,True,True,7,7,3,15,1,0.0,0.0,2.142857142857143,0.42857142857142855,2.142857142857143
1873,370,508,84,385,True,False,7,7,0,0,0,0.0,0.0,0.0,0.0,0.0
1873,371,508,84,389,True,False,7,7,0,0,0,0.0,0.0,0.0,0.0,0.0
1873,372,508,84,402,True,False,7,7,0,0,0,0.0,0.0,0.0,0.0,0.0
1873,373,508,84,474,True,False,7,7,0,0,0,0.0,0.0,0.0,0.0,0.0
1874,437,508,115,58,True,False,14,14,0,0,0,0.0,0.0,0.0,0.0,0.0
1874,438,508,115,84,True,True,14,14,4,4,1,0.0,0.0,0.2857142857142857,0.2857142857142857,0.2857142857142857
1874,439,508,115,85,True,False,14,14,0,0,0,0.0,0.0,0.0,0.0,0.0
1874,440,508,115,217,True,False,14,14,0,0,0,0.0,0.0,0.0,0.0,0.0
1874,441,508,115,316,True,True,14,14,4,16,1,0.0,0.0,1.1428571428571428,0.2857142857142857,1.1428571428571428
1874,442,508,115,375,True,False,14,14,0,0,0,0.0,0.0,0.0,0.0,0.0
1874,443,508,115,389,True,False,14,14,0,0,0,0.0,0.0,0.0,0.0,0.0
1874,444,508,115,402,True,False,14,14,0,0,0,0.0,0.0,0.0,0.0,0.0
1874,445,508,115,474,True,False,14,14,0,0,0,0.0,0.0,0.0,0.0,0.0
1875,446,508,117,10,True,True,59,59,4,40,1,0.0,1.0,0.6779661016949152,0.06779661016949153,0.6779661016949152
1875,447,508,117,16,True,False,59,59,0,0,0,0.0,0.0,0.0,0.0,0.0
1875,448,508,117,80,True,False,59,59,0,0,0,0.0,0.0,0.0,0.0,0.0
1875,449,508,117,199,True,True,59,59,9,51,1,0.0,0.0,0.864406779661017,0.15254237288135594,0.864406779661017
1875,450,508,117,238,True,True,59,59,5,19,1,0.0,2.0,0.3220338983050847,0.0847457627118644,0.3220338983050847
1875,451,508,117,268,True,False,59,59,0,0,0,0.0,0.0,0.0,0.0,0.0
1875,452,508,117,281,True,False,59,59,0,0,0,0.0,0.0,0.0,0.0,0.0
1875,453,508,117,294,True,True,59,59,4,4,1,1.0,2.5,0.06779661016949153,0.06779661016949153,0.06779661016949153
1875,454,508,117,317,True,True,59,59,24,189,4,0.0,4.0,3.2033898305084745,0.4067796610169492,3.2033898305084745
1875,455,508,117,324,True,False,59,59,0,0,0,0.0,0.0,0.0,0.0,0.0
1875,456,508,117,378,True,False,59,59,0,0,0,0.0,0.0,0.0,0.0,0.0
1875,457,508,117,383,True,False,59,59,0,0,0,0.0,0.0,0.0,0.0,0.0
1875,458,508,117,387,True,False,59,59,0,0,0,0.0,0.0,0.0,0.0,0.0
1875,459,508,117,455,True,True,59,59,12,165,1,0.0,2.0,2.7966101694915255,0.2033898305084746,2.7966101694915255
1875,460,508,117,462,True,True,59,59,9,27,1,4.0,7.0,0.4576271186440678,0.15254237288135594,0.4576271186440678
1875,461,508,117,494,True,True,59,59,5,60,1,0.0,5.0,1.0169491525423728,0.0847457627118644,1.0169491525423728
1876,703,508,169,13,True,True,9,9,3,3,1,7.0,8.0,0.3333333333333333,0.3333333333333333,0.3333333333333333
1876,704,508,169,21,True,False,9,9,0,0,0,0.0,0.0,0.0,0.0,0.0
1876,705,508,169,39,True,True,9,9,2,3,1,0.0,0.0,0.3333333333333333,0.2222222222222222,0.3333333333333333
1876,706,508,169,61,True,True,9,9,1,9,1,3.0,5.0,1.0,0.1111111111111111,1.0
1876,707,508,169,129,True,True,9,9,5,19,2,5.0,7.0,2.111111111111111,0.5555555555555556,2.111111111111111
1876,708,508,169,139,True,False,9,9,0,0,0,0.0,0.0,0.0,0.0,0.0
1876,709,508,169,141,True,True,9,9,1,3,1,6.0,7.0,0.3333333333333333,0.1111111111111111,0.3333333333333333
1876,710,508,169,156,True,False,9,9,0,0,0,0.0,0.0,0.0,0.0,0.0
1876,711,508,169,179,True,True,9,9,2,5,1,8.0,9.0,0.5555555555555556,0.2222222222222222,0.5555555555555556
1876,712,508,169,186,True,False,9,9,0,0,0,0.0,0.0,0.0,0.0,0.0
1876,713,508,169,199,True,False,9,9,0,0,0,0.0,0.0,0.0,0.0,0.0
1876,714,508,169,248,True,False,9,9,0,0,0,0.0,0.0,0.0,0.0,0.0
1876,715,508,169,383,True,False,9,9,0,0,0,0.0,0.0,0.0,0.0,0.0
1876,716,508,169,433,True,False,9,9,0,0,0,0.0,0.0,0.0,0.0,0.0
1876,717,508,169,455,True,False,9,9,0,0,0,0.0,0.0,0.0,0.0,0.0
1876,718,508,169,508,True,True,9,9,1,5,1,0.0,0.0,0.5555555555555556,0.1111111111111111,0.5555555555555556
1877,831,508,199,10,True,False,54,54,0,0,0,0.0,0.0,0.0,0.0,0.0
1877,832,508,199,39,True,False,54,54,0,0,0,0.0,0.0,0.0,0.0,0.0
1877,833,508,199,77,True,False,54,54,0,0,0,0.0,0.0,0.0,0.0,0.0
1877,834,508,199,117,True,False,54,54,0,0,0,0.0,0.0,0.0,0.0,0.0
1877,835,508,199,170,True,False,54,54,0,0,0,0.0,0.0,0.0,0.0,0.0
1877,836,508,199,176,True,True,54,54,1,10,1,0.0,2.0,0.18518518518518517,0.018518518518518517,0.18518518518518517
1877,837,508,199,238,True,False,54,54,0,0,0,0.0,0.0,0.0,0.0,0.0
1877,838,508,199,252,True,False,54,54,0,0,0,0.0,0.0,0.0,0.0,0.0
1877,839,508,199,317,True,True,54,54,12,44,3,0.0,2.0,0.8148148148148148,0.2222222222222222,0.8148148148148148
1877,840,508,199,383,True,False,54,54,0,0,0,0.0,0.0,0.0,0.0,0.0
1877,841,508,199,387,True,False,54,54,0,0,0,0.0,0.0,0.0,0.0,0.0
1877,842,508,199,402,True,False,54,54,0,0,0,0.0,0.0,0.0,0.0,0.0
1877,843,508,199,404,True,False,54,54,0,0,0,0.0,0.0,0.0,0.0,0.0
1877,844,508,199,462,True,False,54,54,0,0,0,0.0,0.0,0.0,0.0,0.0
1877,845,508,199,494,True,True,54,54,20,134,3,0.0,2.0,2.4814814814814814,0.37037037037037035,2.4814814814814814
1878,932,508,238,10,True,False,6,6,0,0,0,0.0,0.0,0.0,0.0,0.0
1878,933,508,238,80,True,False,6,6,0,0,0,0.0,0.0,0.0,0.0,0.0
1878,934,508,238,117,True,False,6,6,0,0,0,0.0,0.0,0.0,0.0,0.0
1878,935,508,238,149,True,False,6,6,0,0,0,0.0,0.0,0.0,0.0,0.0
1878,936,508,238,199,True,False,6,6,0,0,0,0.0,0.0,0.0,0.0,0.0
1878,937,508,238,294,True,False,6,6,0,0,0,0.0,0.0,0.0,0.0,0.0
1878,938,508,238,317,True,True,6,6,4,20,1,0.0,0.0,3.3333333333333335,0.6666666666666666,3.3333333333333335
1878,939,508,238,387,True,False,6,6,0,0,0,0.0,0.0,0.0,0.0,0.0
1878,940,508,238,404,True,True,6,6,2,8,1,0.0,0.0,1.3333333333333333,0.3333333333333333,1.3333333333333333
1878,941,508,238,494,True,False,6,6,0,0,0,0.0,0.0,0.0,0.0,0.0
1879,1011,508,252,30,True,False,20,20,0,0,0,0.0,0.0,0.0,0.0,0.0
1879,1012,508,252,39,True,True,20,20,6,13,2,0.0,0.0,0.65,0.3,0.65
1879,1013,508,252,176,True,False,20,20,0,0,0,0.0,0.0,0.0,0.0,0.0
1879,1014,508,252,199,True,True,20,20,10,39,2,0.0,0.0,1.95,0.5,1.95
1879,1015,508,252,259,True,False,20,20,0,0,0,0.0,0.0,0.0,0.0,0.0
1879,1016,508,252,317,True,False,20,20,0,0,0,0.0,0.0,0.0,0.0,0.0
1879,1017,508,252,371,True,False,20,20,0,0,0,0.0,0.0,0.0,0.0,0.0
1879,1018,508,252,383,True,False,20,20,0,0,0,0.0,0.0,0.0,0.0,0.0
1880,1269,508,316,84,True,True,10,10,3,45,1,0.0,4.0,4.5,0.3,4.5
1880,1270,508,316,115,True,False,10,10,0,0,0,0.0,0.0,0.0,0.0,0.0
1880,1271,508,316,125,True,False,10,10,0,0,0,0.0,0.0,0.0,0.0,0.0
1880,1272,508,316,147,True,False,10,10,0,0,0,0.0,0.0,0.0,0.0,0.0
1880,1273,508,316,217,True,False,10,10,0,0,0,0.0,0.0,0.0,0.0,0.0
1880,1274,508,316,309,True,False,10,10,0,0,0,0.0,0.0,0.0,0.0,0.0
1880,1275,508,316,341,True,False,10,10,0,0,0,0.0,0.0,0.0,0.0,0.0
1880,1276,508,316,361,True,False,10,10,0,0,0,0.0,0.0,0.0,0.0,0.0
1880,1277,508,316,385,True,True,10,10,7,70,1,1.0,5.0,7.0,0.7,7.0
1880,1278,508,316,389,True,False,10,10,0,0,0,0.0,0.0,0.0,0.0,0.0
1880,1279,508,316,402,True,False,10,10,0,0,0,0.0,0.0,0.0,0.0,0.0
1880,1280,508,316,404,True,False,10,10,0,0,0,0.0,0.0,0.0,0.0,0.0
1880,1281,508,316,474,True,False,10,10,0,0,0,0.0,0.0,0.0,0.0,0.0
1881,1282,508,317,30,True,False,105,105,0,0,0,0.0,0.0,0.0,0.0,0.0
1881,1283,508,317,39,True,True,105,105,5,20,1,0.0,0.0,0.19047619047619047,0.047619047619047616,0.19047619047619047
1881,1284,508,317,176,True,False,105,105,0,0,0,0.0,0.0,0.0,0.0,0.0
1881,1285,508,317,199,True,True,105,105,11,55,3,0.0,0.0,0.5238095238095238,0.10476190476190476,0.5238095238095238
1881,1286,508,317,238,True,True,105,105,12,16,2,0.0,0.0,0.1523809523809524,0.11428571428571428,0.1523809523809524
1881,1287,508,317,252,True,True,105,105,19,133,2,0.0,1.0,1.2666666666666666,0.18095238095238095,1.2666666666666666
1881,1288,508,317,294,True,True,105,105,19,160,2,0.0,1.0,1.5238095238095237,0.18095238095238095,1.5238095238095237
1881,1289,508,317,371,True,False,105,105,0,0,0,0.0,0.0,0.0,0.0,0.0
1881,1290,508,317,383,True,True,105,105,19,224,2,0.0,3.0,2.1333333333333333,0.18095238095238095,2.1333333333333333
1881,1291,508,317,387,True,False,105,105,0,0,0,0.0,0.0,0.0,0.0,0.0
1881,1292,508,317,404,True,True,105,105,7,18,1,0.0,0.0,0.17142857142857143,0.06666666666666667,0.17142857142857143
1881,1293,508,317,455,True,False,105,105,0,0,0,0.0,0.0,0.0,0.0,0.0
1881,1294,508,317,462,True,True,105,105,32,405,3,0.0,6.0,3.857142857142857,0.3047619047619048,3.857142857142857
1881,1295,508,317,494,True,True,105,105,4,16,1,0.0,0.0,0.1523809523809524,0.0380952380952381,0.1523809523809524
1882,1350,508,335,21,True,False,33,33,0,0,0,0.0,0.0,0.0,0.0,0.0
1882,1351,508,335,61,True,True,33,33,6,9,1,9.0,10.0,0.2727272727272727,0.18181818181818182,0.2727272727272727
1882,1352,508,335,141,True,False,33,33,0,0,0,0.0,0.0,0.0,0.0,0.0
1882,1353,508,335,156,True,False,33,33,0,0,0,0.0,0.0,0.0,0.0,0.0
1882,1354,508,335,179,True,False,33,33,0,0,0,0.0,0.0,0.0,0.0,0.0
1882,1355,508,335,186,True,True,33,33,1,1,1,10.0,10.0,0.030303030303030304,0.030303030303030304,0.030303030303030304
1882,1356,508,335,248,True,False,33,33,0,0,0,0.0,0.0,0.0,0.0,0.0
1882,1357,508,335,488,True,True,33,33,10,31,1,7.0,10.0,0.9393939393939394,0.30303030303030304,0.9393939393939394
1882,1358,508,335,508,True,False,33,33,0,0,0,0.0,0.0,0.0,0.0,0.0
1883,1687,508,433,13,True,False,31,31,0,0,0,0.0,0.0,0.0,0.0,0.0
1883,1688,508,433,21,True,False,31,31,0,0,0,0.0,0.0,0.0,0.0,0.0
1883,1689,508,433,39,True,True,31,31,5,10,1,0.0,0.0,0.3225806451612903,0.16129032258064516,0.3225806451612903
1883,1690,508,433,61,True,True,31,31,10,39,1,5.0,8.0,1.2580645161290323,0.3225806451612903,1.2580645161290323
1883,1691,508,433,74,True,False,31,31,0,0,0,0.0,0.0,0.0,0.0,0.0
1883,1692,508,433,129,True,False,31,31,0,0,0,0.0,0.0,0.0,0.0,0.0
1883,1693,508,433,141,True,True,31,31,6,9,1,8.0,10.0,0.2903225806451613,0.1935483870967742,0.2903225806451613
1883,1694,508,433,156,True,True,31,31,3,3,1,9.0,10.0,0.0967741935483871,0.0967741935483871,0.0967741935483871
1883,1695,508,433,169,True,False,31,31,0,0,0,0.0,0.0,0.0,0.0,0.0
1883,1696,508,433,179,True,False,31,31,0,0,0,0.0,0.0,0.0,0.0,0.0
1883,1697,508,433,186,True,True,31,31,25,136,2,4.0,9.0,4.387096774193548,0.8064516129032258,4.387096774193548
1883,1698,508,433,199,True,False,31,31,0,0,0,0.0,0.0,0.0,0.0,0.0
1883,1699,508,433,245,True,False,31,31,0,0,0,0.0,0.0,0.0,0.0,0.0
1883,1700,508,433,248,True,False,31,31,0,0,0,0.0,0.0,0.0,0.0,0.0
1883,1701,508,433,381,True,True,31,31,25,72,2,6.0,9.0,2.3225806451612905,0.8064516129032258,2.3225806451612905
1883,1702,508,433,508,True,False,31,31,0,0,0,0.0,0.0,0.0,0.0,0.0
1884,1726,508,455,13,True,False,4,4,0,0,0,0.0,0.0,0.0,0.0,0.0
1884,1727,508,455,21,True,True,4,4,1,1,1,4.0,4.0,0.25,0.25,0.25
1884,1728,508,455,39,True,False,4,4,0,0,0,0.0,0.0,0.0,0.0,0.0
1884,1729,508,455,61,True,True,4,4,1,2,1,3.0,3.5,0.5,0.25,0.5
1884,1730,508,455,74,True,False,4,4,0,0,0,0.0,0.0,0.0,0.0,0.0
1884,1731,508,455,117,True,True,4,4,1,1,1,0.0,0.0,0.25,0.25,0.25
1884,1732,508,455,129,True,False,4,4,0,0,0,0.0,0.0,0.0,0.0,0.0
1884,1733,508,455,141,True,False,4,4,0,0,0,0.0,0.0,0.0,0.0,0.0
1884,1734,508,455,169,True,True,4,4,1,12,1,0.0,2.5,3.0,0.25,3.0
1884,1735,508,455,179,True,False,4,4,0,0,0,0.0,0.0,0.0,0.0,0.0
1884,1736,508,455,186,True,False,4,4,0,0,0,0.0,0.0,0.0,0.0,0.0
1884,1737,508,455,199,True,True,4,4,2,14,1,0.0,0.0,3.5,0.5,3.5
1884,1738,508,455,248,True,False,4,4,0,0,0,0.0,0.0,0.0,0.0,0.0
1884,1739,508,455,281,True,False,4,4,0,0,0,0.0,0.0,0.0,0.0,0.0
1884,1740,508,455,313,True,False,4,4,0,0,0,0.0,0.0,0.0,0.0,0.0
1884,1741,508,455,317,True,False,4,4,0,0,0,0.0,0.0,0.0,0.0,0.0
1884,1742,508,455,383,True,False,4,4,0,0,0,0.0,0.0,0.0,0.0,0.0
1884,1743,508,455,508,True,True,4,4,1,1,1,0.0,0.0,0.25,0.25,0.25
1885,1808,508,485,8,True,False,20,20,0,0,0,0.0,0.0,0.0,0.0,0.0
1885,1809,508,485,79,True,True,20,20,4,4,1,0.0,0.0,0.2,0.2,0.2
1885,1810,508,485,100,True,False,20,20,0,0,0,0.0,0.0,0.0,0.0,0.0
1885,1811,508,485,149,True,True,20,20,4,12,1,0.0,0.0,0.6,0.2,0.6
1885,1812,508,485,151,True,False,20,20,0,0,0,0.0,0.0,0.0,0.0,0.0
1885,1813,508,485,161,True,False,20,20,0,0,0,0.0,0.0,0.0,0.0,0.0
1885,1814,508,485,167,True,False,20,20,0,0,0,0.0,0.0,0.0,0.0,0.0
1885,1815,508,485,170,True,True,20,20,13,48,2,0.0,1.0,2.4,0.65,2.4
1885,1816,508,485,230,True,True,20,20,4,4,1,0.0,0.0,0.2,0.2,0.2
1885,1817,508,485,315,True,True,20,20,3,20,1,0.0,1.0,1.0,0.15,1.0
1885,1818,508,485,405,True,False,20,20,0,0,0,0.0,0.0,0.0,0.0,0.0
1886,1844,508,494,16,True,False,47,47,0,0,0,0.0,0.0,0.0,0.0,0.0
1886,1845,508,494,39,True,False,47,47,0,0,0,0.0,0.0,0.0,0.0,0.0
1886,1846,508,494,109,True,False,47,47,0,0,0,0.0,0.0,0.0,0.0,0.0
1886,1847,508,494,117,True,False,47,47,0,0,0,0.0,0.0,0.0,0.0,0.0
1886,1848,508,494,169,True,True,47,47,11,150,2,0.0,2.0,3.1914893617021276,0.23404255319148937,3.1914893617021276
1886,1849,508,494,170,True,True,47,47,3,33,1,0.0,1.0,0.7021276595744681,0.06382978723404255,0.7021276595744681
1886,1850,508,494,176,True,False,47,47,0,0,0,0.0,0.0,0.0,0.0,0.0
1886,1851,508,494,199,True,False,47,47,0,0,0,0.0,0.0,0.0,0.0,0.0
1886,1852,508,494,238,True,False,47,47,0,0,0,0.0,0.0,0.0,0.0,0.0
1886,1853,508,494,252,True,False,47,47,0,0,0,0.0,0.0,0.0,0.0,0.0
1886,1854,508,494,294,True,False,47,47,0,0,0,0.0,0.0,0.0,0.0,0.0
1886,1855,508,494,311,True,False,47,47,0,0,0,0.0,0.0,0.0,0.0,0.0
1886,1856,508,494,317,True,False,47,47,0,0,0,0.0,0.0,0.0,0.0,0.0
1886,1857,508,494,383,True,True,47,47,6,75,1,0.0,1.0,1.5957446808510638,0.1276595744680851,1.5957446808510638
1886,1858,508,494,404,True,False,47,47,0,0,0,0.0,0.0,0.0,0.0,0.0
1886,1859,508,494,455,True,False,47,47,0,0,0,0.0,0.0,0.0,0.0,0.0
1886,1860,508,494,462,True,False,47,47,0,0,0,0.0,0.0,0.0,0.0,0.0
1886,1861,508,494,474,True,False,47,47,0,0,0,0.0,0.0,0.0,0.0,0.0
1887,42,509,7,28,True,False,45,45,0,0,0,0.0,0.0,0.0,0.0,0.0
1887,43,509,7,77,True,False,45,45,0,0,0,0.0,0.0,0.0,0.0,0.0
1887,44,509,7,133,True,False,45,45,0,0,0,0.0,0.0,0.0,0.0,0.0
1887,45,509,7,143,True,False,45,45,0,0,0,0.0,0.0,0.0,0.0,0.0
1887,46,509,7,167,True,False,45,45,0,0,0,0.0,0.0,0.0,0.0,0.0
1887,47,509,7,196,True,False,45,45,0,0,0,0.0,0.0,0.0,0.0,0.0
1887,48,509,7,222,True,False,45,45,0,0,0,0.0,0.0,0.0,0.0,0.0
1887,49,509,7,290,True,False,45,45,0,0,0,0.0,0.0,0.0,0.0,0.0
1887,50,509,7,318,True,True,45,45,26,238,3,3.0,8.5,5.288888888888889,0.5777777777777777,5.288888888888889
1887,51,509,7,347,True,False,45,45,0,0,0,0.0,0.0,0.0,0.0,0.0
1887,52,509,7,474,True,False,45,45,0,0,0,0.0,0.0,0.0,0.0,0.0
1887,53,509,7,509,True,True,45,45,8,56,1,0.0,0.0,1.2444444444444445,0.17777777777777778,1.2444444444444445
1888,425,509,113,7,True,True,11,11,2,16,1,0.0,1.5,1.4545454545454546,0.18181818181818182,1.4545454545454546
1888,426,509,113,133,True,False,11,11,0,0,0,0.0,0.0,0.0,0.0,0.0
1888,427,509,113,143,True,False,11,11,0,0,0,0.0,0.0,0.0,0.0,0.0
1888,428,509,113,157,True,False,11,11,0,0,0,0.0,0.0,0.0,0.0,0.0
1888,429,509,113,196,True,True,11,11,1,2,1,0.0,0.0,0.18181818181818182,0.09090909090909091,0.18181818181818182
1888,430,509,113,279,True,False,11,11,0,0,0,0.0,0.0,0.0,0.0,0.0
1888,431,509,113,318,True,True,11,11,2,2,1,2.0,2.5,0.18181818181818182,0.18181818181818182,0.18181818181818182
1888,432,509,113,440,True,False,11,11,0,0,0,0.0,0.0,0.0,0.0,0.0
1888,433,509,113,509,True,False,11,11,0,0,0,0.0,0.0,0.0,0.0,0.0
1889,656,509,161,28,True,True,14,14,10,20,1,3.0,6.0,1.4285714285714286,0.7142857142857143,1.4285714285714286
1889,657,509,161,143,True,False,14,14,0,0,0,0.0,0.0,0.0,0.0,0.0
1889,658,509,161,157,True,False,14,14,0,0,0,0.0,0.0,0.0,0.0,0.0
1889,659,509,161,167,True,False,14,14,0,0,0,0.0,0.0,0.0,0.0,0.0
1889,660,509,161,369,True,False,14,14,0,0,0,0.0,0.0,0.0,0.0,0.0
1889,661,509,161,375,True,False,14,14,0,0,0,0.0,0.0,0.0,0.0,0.0
1889,662,509,161,398,True,False,14,14,0,0,0,0.0,0.0,0.0,0.0,0.0
1889,663,509,161,440,True,True,14,14,10,120,1,0.0,4.5,8.571428571428571,0.7142857142857143,8.571428571428571
1889,664,509,161,485,True,False,14,14,0,0,0,0.0,0.0,0.0,0.0,0.0
1890,820,509,196,1,True,True,58,58,12,31,1,6.0,9.0,0.5344827586206896,0.20689655172413793,0.5344827586206896
1890,821,509,196,28,True,True,58,58,2,22,1,2.0,4.0,0.3793103448275862,0.034482758620689655,0.3793103448275862
1890,822,509,196,133,True,True,58,58,6,6,1,0.0,0.5,0.10344827586206896,0.10344827586206896,0.10344827586206896
1890,823,509,196,207,True,False,58,58,0,0,0,0.0,0.0,0.0,0.0,0.0
1890,824,509,196,222,True,True,58,58,23,90,3,4.0,9.0,1.5517241379310345,0.39655172413793105,1.5517241379310345
1890,825,509,196,263,True,False,58,58,0,0,0,0.0,0.0,0.0,0.0,0.0
1890,826,509,196,271,True,False,58,58,0,0,0,0.0,0.0,0.0,0.0,0.0
1890,827,509,196,299,True,False,58,58,0,0,0,0.0,0.0,0.0,0.0,0.0
1890,828,509,196,318,True,False,58,58,0,0,0,0.0,0.0,0.0,0.0,0.0
1890,829,509,196,429,True,True,58,58,6,14,1,8.0,10.0,0.2413793103448276,0.10344827586206896,0.2413793103448276
1890,830,509,196,509,True,True,58,58,1,3,1,0.0,0.0,0.05172413793103448,0.017241379310344827,0.05172413793103448
1891,997,509,251,21,True,True,272,272,50,166,4,0.0,2.0,0.6102941176470589,0.18382352941176472,0.6102941176470589
1891,998,509,251,88,True,False,272,272,0,0,0,0.0,0.0,0.0,0.0,0.0
1891,999,509,251,113,True,False,272,272,0,0,0,0.0,0.0,0.0,0.0,0.0
1891,1000,509,251,156,True,True,272,272,49,49,4,0.0,2.0,0.1801470588235294,0.1801470588235294,0.1801470588235294
1891,1001,509,251,157,True,False,272,272,0,0,0,0.0,0.0,0.0,0.0,0.0
1891,1002,509,251,161,True,False,272,272,0,0,0,0.0,0.0,0.0,0.0,0.0
1891,1003,509,251,179,True,True,272,272,59,149,6,0.0,1.0,0.5477941176470589,0.21691176470588236,0.5477941176470589
1891,1004,509,251,186,True,True,272,272,12,26,1,0.0,1.0,0.09558823529411764,0.04411764705882353,0.09558823529411764
1891,1005,509,251,245,True,False,272,272,0,0,0,0.0,0.0,0.0,0.0,0.0
1891,1006,509,251,253,True,True,272,272,97,415,11,0.0,2.0,1.525735294117647,0.35661764705882354,1.525735294117647
1891,1007,509,251,279,True,False,272,272,0,0,0,0.0,0.0,0.0,0.0,0.0
1891,1008,509,251,319,True,True,272,272,175,832,12,0.0,2.0,3.0588235294117645,0.6433823529411765,3.0588235294117645
1891,1009,509,251,381,True,False,272,272,0,0,0,0.0,0.0,0.0,0.0,0.0
1891,1010,509,251,449,True,True,272,272,59,88,3,0.0,3.0,0.3235294117647059,0.21691176470588236,0.3235294117647059
1892,1145,509,279,23,True,False,33,33,0,0,0,0.0,0.0,0.0,0.0,0.0
1892,1146,509,279,143,True,False,33,33,0,0,0,0.0,0.0,0.0,0.0,0.0
1892,1147,509,279,157,True,False,33,33,0,0,0,0.0,0.0,0.0,0.0,0.0
1892,1148,509,279,161,True,True,33,33,5,25,1,0.0,0.0,0.7575757575757576,0.15151515151515152,0.7575757575757576
1892,1149,509,279,208,True,False,33,33,0,0,0,0.0,0.0,0.0,0.0,0.0
1892,1150,509,279,440,True,False,33,33,0,0,0,0.0,0.0,0.0,0.0,0.0
1892,1151,509,279,474,True,False,33,33,0,0,0,0.0,0.0,0.0,0.0,0.0
1892,1152,509,279,509,True,False,33,33,0,0,0,0.0,0.0,0.0,0.0,0.0
1893,1312,509,321,21,True,True,69,69,15,50,1,0.0,2.0,0.7246376811594203,0.21739130434782608,0.7246376811594203
1893,1313,509,321,113,True,False,69,69,0,0,0,0.0,0.0,0.0,0.0,0.0
1893,1314,509,321,156,True,False,69,69,0,0,0,0.0,0.0,0.0,0.0,0.0
1893,1315,509,321,179,True,True,69,69,23,92,2,1.0,5.0,1.3333333333333333,0.3333333333333333,1.3333333333333333
1893,1316,509,321,251,True,False,69,69,0,0,0,0.0,0.0,0.0,0.0,0.0
1893,1317,509,321,253,True,True,69,69,3,9,1,8.0,9.0,0.13043478260869565,0.043478260869565216,0.13043478260869565
1893,1318,509,321,261,True,False,69,69,0,0,0,0.0,0.0,0.0,0.0,0.0
1893,1319,509,321,319,True,True,69,69,38,160,5,0.0,3.0,2.318840579710145,0.5507246376811594,2.318840579710145
1893,1320,509,321,440,True,False,69,69,0,0,0,0.0,0.0,0.0,0.0,0.0
1893,1321,509,321,481,True,False,69,69,0,0,0,0.0,0.0,0.0,0.0,0.0
1893,1322,509,321,488,True,True,69,69,28,145,3,2.0,6.0,2.101449275362319,0.4057971014492754,2.101449275362319
1894,1421,509,361,6,True,False,20,20,0,0,0,0.0,0.0,0.0,0.0,0.0
1894,1422,509,361,13,True,False,20,20,0,0,0,0.0,0.0,0.0,0.0,0.0
1894,1423,509,361,21,True,True,20,20,5,19,1,0.0,3.0,0.95,0.25,0.95
1894,1424,509,361,58,True,False,20,20,0,0,0,0.0,0.0,0.0,0.0,0.0
1894,1425,509,361,74,True,True,20,20,5,5,1,2.0,4.0,0.25,0.25,0.25
1894,1426,509,361,129,True,False,20,20,0,0,0,0.0,0.0,0.0,0.0,0.0
1894,1427,509,361,156,True,False,20,20,0,0,0,0.0,0.0,0.0,0.0,0.0
1894,1428,509,361,179,True,False,20,20,0,0,0,0.0,0.0,0.0,0.0,0.0
1894,1429,509,361,186,True,False,20,20,0,0,0,0.0,0.0,0.0,0.0,0.0
1894,1430,509,361,217,True,False,20,20,0,0,0,0.0,0.0,0.0,0.0,0.0
1894,1431,509,361,243,True,False,20,20,0,0,0,0.0,0.0,0.0,0.0,0.0
1894,1432,509,361,245,True,False,20,20,0,0,0,0.0,0.0,0.0,0.0,0.0
1894,1433,509,361,251,True,True,20,20,6,24,2,0.0,0.0,1.2,0.3,1.2
1894,1434,509,361,253,True,True,20,20,9,85,1,0.0,2.0,4.25,0.45,4.25
1894,1435,509,361,313,True,False,20,20,0,0,0,0.0,0.0,0.0,0.0,0.0
1894,1436,509,361,319,True,True,20,20,5,25,1,0.0,3.0,1.25,0.25,1.25
1894,1437,509,361,381,True,False,20,20,0,0,0,0.0,0.0,0.0,0.0,0.0
1894,1438,509,361,449,True,False,20,20,0,0,0,0.0,0.0,0.0,0.0,0.0
1895,1703,509,440,7,True,False,38,38,0,0,0,0.0,0.0,0.0,0.0,0.0
1895,1704,509,440,28,True,True,38,38,15,225,1,0.0,5.0,5.921052631578948,0.39473684210526316,5.921052631578948
1895,1705,509,440,143,True,False,38,38,0,0,0,0.0,0.0,0.0,0.0,0.0
1895,1706,509,440,161,True,False,38,38,0,0,0,0.0,0.0,0.0,0.0,0.0
1895,1707,509,440,167,True,False,38,38,0,0,0,0.0,0.0,0.0,0.0,0.0
1895,1708,509,440,261,True,False,38,38,0,0,0,0.0,0.0,0.0,0.0,0.0
1895,1709,509,440,263,True,False,38,38,0,0,0,0.0,0.0,0.0,0.0,0.0
1895,1710,509,440,318,True,True,38,38,15,225,1,0.0,5.0,5.921052631578948,0.39473684210526316,5.921052631578948
1895,1711,509,440,321,True,False,38,38,0,0,0,0.0,0.0,0.0,0.0,0.0
1895,1712,509,440,509,True,True,38,38,5,33,2,0.0,0.0,0.868421052631579,0.13157894736842105,0.868421052631579
1896,1801,509,481,21,True,True,97,97,14,35,1,0.0,1.0,0.36082474226804123,0.14432989690721648,0.36082474226804123
1896,1802,509,481,74,True,False,97,97,0,0,0,0.0,0.0,0.0,0.0,0.0
1896,1803,509,481,113,True,False,97,97,0,0,0,0.0,0.0,0.0,0.0,0.0
1896,1804,509,481,179,True,False,97,97,0,0,0,0.0,0.0,0.0,0.0,0.0
1896,1805,509,481,253,True,True,97,97,56,229,3,0.0,2.0,2.3608247422680413,0.5773195876288659,2.3608247422680413
1896,1806,509,481,261,True,False,97,97,0,0,0,0.0,0.0,0.0,0.0,0.0
1896,1807,509,481,319,True,True,97,97,41,158,2,0.0,3.0,1.6288659793814433,0.422680412371134,1.6288659793814433
